Iteration;Time;TD-0;TD-1;TD-2;TD-3;TD-4;TD-5;TD-6;TD-7;TD-8;
2146;1,136;0;4;4;0;0;0;4;4;0
3747;1,34;4;3;3;0;0;0;3;3;0
5247;1,44;3;2;2;0;0;0;2;2;0
6800;1,591;2;1;1;0;0;0;1;1;0
8300;1,702;1;0;0;0;0;0;0;0;0
10300;1,798;0;0;0;0;4;0;0;5;0
12338;1,949;5;0;0;4;3;0;4;4;0
13838;2,019;4;0;0;3;2;0;3;3;0
15338;2,098;3;0;0;2;1;0;2;2;0
16838;2,201;2;0;0;1;0;0;1;1;0
18360;2,373;1;0;0;0;0;0;0;0;4
20360;2,493;0;0;0;0;0;0;5;6;3
21860;2,59;6;0;0;0;0;0;4;5;2
23360;2,677;5;0;0;4;0;0;3;4;1
24860;2,736;4;0;0;3;0;0;2;3;0
26390;2,869;3;0;0;2;0;0;1;2;5
27890;2,979;2;0;0;1;0;0;0;1;4
29390;3,05;1;0;0;0;0;0;6;0;3
30890;3,164;0;0;0;0;0;0;5;7;2
32390;3,248;7;0;0;0;0;0;4;6;1
33890;3,338;6;0;0;4;0;0;3;5;0
35414;3,427;5;0;0;3;0;4;2;4;0
36914;3,52;4;0;0;2;0;3;1;3;0
38414;3,616;3;0;0;1;0;2;0;2;0
39914;3,7;2;0;0;0;0;1;7;1;0
41414;3,79;1;0;0;0;4;0;6;0;0
42914;3,876;0;0;4;0;3;0;5;8;0
44414;3,959;0;0;3;4;2;0;4;99;0
45939;4,05;0;0;2;3;1;0;3;99;0
47439;4,122;0;0;1;2;0;0;2;99;0
48939;4,195;0;0;0;1;0;0;1;99;0
50439;4,271;0;4;5;0;0;0;0;99;0
51939;4,343;0;3;4;0;4;0;0;99;0
53439;4,415;0;2;3;0;3;0;4;99;0
54939;4,485;0;1;2;0;2;0;3;99;0
56439;4,554;0;0;1;0;1;0;2;99;0
57965;4,638;0;5;0;0;0;0;1;99;0
59465;4,715;0;4;6;0;0;0;0;99;0
60965;4,795;0;3;5;0;0;0;5;99;0
62465;4,867;0;2;4;0;0;0;4;99;4
63965;4,936;0;1;3;0;0;0;3;99;3
65465;5,006;0;0;2;0;0;0;2;99;2
66965;5,076;0;6;1;0;0;0;1;99;1
68465;5,146;0;5;0;0;0;0;0;99;0
70465;5,219;0;4;7;0;0;0;6;99;5
71991;5,268;0;3;6;0;0;0;5;99;4
73491;5,315;0;2;5;0;0;0;4;99;3
74991;5,383;0;1;4;0;0;0;3;99;2
76491;5,474;0;0;3;0;0;0;2;99;1
77991;5,553;0;7;2;0;0;0;1;99;0
79491;5,634;0;6;1;4;0;0;0;99;0
80991;5,706;0;5;0;3;0;0;7;99;0
82491;5,772;0;4;8;2;0;0;6;99;4
83491;5,814;0;3;7;1;0;0;5;99;3
84491;5,858;0;2;6;0;0;0;4;99;2
86014;5,928;0;1;5;0;0;0;3;99;1
87514;6,003;0;0;4;0;0;0;2;99;0
89014;6,081;0;8;3;0;0;0;1;99;5
90514;6,161;0;7;2;0;0;0;0;99;4
92014;6,232;0;6;1;0;0;0;8;99;3
93514;6,283;0;5;0;0;0;0;99;99;2
95014;6,345;0;4;8;0;0;0;99;99;1
96514;6,416;0;3;7;0;0;0;99;99;0
98014;6,483;0;2;6;0;0;0;99;99;6
99514;6,55;0;1;5;0;0;0;99;99;5
101014;6,616;0;0;4;0;0;0;99;99;4
102537;6,686;0;0;3;4;0;0;99;99;3
104037;6,752;0;0;2;3;0;0;99;99;2
105537;6,817;0;0;1;2;0;0;99;99;1
107037;6,877;0;0;0;1;0;0;99;99;0
108537;6,94;0;4;8;0;0;0;99;99;7
110037;6,997;0;3;7;0;0;0;99;99;6
111537;7,054;0;2;6;0;0;0;99;99;5
113037;7,112;0;1;5;0;0;0;99;99;4
114537;7,16;0;0;4;0;0;0;99;99;3
116037;7,216;0;5;3;0;0;0;99;99;2
117537;7,3;0;4;2;0;0;0;99;99;1
119065;7,393;0;3;1;0;0;0;99;99;0
120565;7,512;0;2;0;0;0;0;99;99;8
122065;7,639;0;1;8;0;0;0;99;99;7
123565;7,788;0;0;7;0;0;0;99;99;6
125065;7,864;0;6;6;0;0;0;99;99;5
126565;7,928;0;5;5;0;0;0;99;99;4
128065;7,994;0;4;4;0;0;0;99;99;3
129565;8,083;0;3;3;0;0;0;99;99;2
131065;8,148;0;2;2;0;0;0;99;99;1
132565;8,209;0;1;1;0;0;0;99;99;0
134065;8,271;0;0;0;0;4;0;99;99;0
135593;8,339;0;0;0;4;3;0;99;99;0
137093;8,4;0;4;4;3;2;0;99;99;0
138093;8,441;0;3;3;2;1;0;99;99;0
139093;8,486;0;2;2;1;0;0;99;99;0
140593;8,551;0;1;1;0;0;0;99;99;0
142093;8,616;0;0;0;5;0;0;99;99;0
143593;8,687;0;5;5;4;0;0;99;99;4
144593;8,736;0;4;4;3;0;0;99;99;3
145593;8,782;0;3;3;2;0;0;99;99;2
146593;8,825;0;2;2;1;0;0;99;99;1
147593;8,867;0;1;1;0;0;0;99;99;0
149118;8,933;4;0;0;0;0;0;99;99;0
150618;9,019;3;6;6;0;0;0;99;99;4
151618;9,059;2;5;5;0;0;0;99;99;3
152618;9,11;1;4;4;0;0;0;99;99;2
153618;9,158;0;3;3;0;0;0;99;99;1
155118;9,227;0;2;2;0;0;0;99;99;0
156618;9,284;0;1;1;0;0;0;99;99;5
158118;9,334;0;0;0;0;0;0;99;99;4
159618;9,382;0;7;7;0;0;0;99;99;3
161118;9,436;0;6;6;0;0;0;99;99;2
162618;9,485;0;5;5;0;0;0;99;99;1
164139;9,544;0;4;4;0;0;0;99;99;0
165639;9,624;0;3;3;0;0;0;99;99;6
167139;9,7;0;2;2;0;0;0;99;99;5
168639;9,776;0;1;1;0;0;0;99;99;4
170139;9,827;0;0;0;0;0;0;99;99;3
171639;9,874;0;8;8;0;0;0;99;99;2
173139;9,916;0;7;7;0;0;0;99;99;1
174639;9,979;0;6;6;0;0;0;99;99;0
176139;10,02;0;5;5;0;0;0;99;99;7
177639;10,061;0;4;4;0;0;0;99;99;6
179139;10,104;0;3;3;0;0;0;99;99;5
180657;10,149;0;2;2;0;0;0;99;99;4
182157;10,195;0;1;1;0;0;0;99;99;3
183657;10,24;0;0;0;0;0;0;99;99;2
185157;10,303;0;8;8;0;0;0;99;99;1
186657;10,352;0;7;7;0;0;0;99;99;0
188157;10,396;0;6;6;0;0;0;99;99;8
189657;10,44;0;5;5;0;0;0;99;99;7
191157;10,486;0;4;4;0;0;0;99;99;6
192657;10,53;0;3;3;0;0;0;99;99;5
194157;10,573;0;2;2;0;0;0;99;99;4
195657;10,617;0;1;1;0;0;0;99;99;3
197181;10,665;0;0;0;0;0;0;99;99;2
198681;10,707;0;8;8;0;0;0;99;99;1
200181;10,751;0;7;7;0;0;0;99;99;0
201681;10,794;0;6;6;0;0;0;99;99;8
203181;10,838;0;5;5;0;0;0;99;99;7
204681;10,881;0;4;4;0;0;0;99;99;6
206181;10,922;0;3;3;0;0;0;99;99;5
207681;10,963;0;2;2;0;0;0;99;99;4
209181;11,004;0;1;1;0;0;0;99;99;3
210681;11,045;0;0;0;0;0;0;99;99;2
212181;11,098;0;8;8;0;0;0;99;99;1
213706;11,161;0;7;7;0;0;0;99;99;0
215206;11,225;0;6;6;0;0;0;99;99;0
216706;11,29;0;5;5;0;0;0;99;99;4
218206;11,333;0;4;4;0;0;0;99;99;3
219706;11,533;0;3;3;0;0;0;99;99;2
221206;11,584;0;2;2;0;0;0;99;99;1
222706;11,628;0;1;1;0;0;0;99;99;0
224206;11,672;0;0;0;0;0;0;99;99;5
225706;11,717;0;8;8;0;0;0;99;99;4
227206;11,761;0;7;7;0;0;0;99;99;3
228706;11,822;0;6;6;0;0;0;99;99;2
230228;11,888;0;5;5;0;0;0;99;99;1
231728;11,951;0;4;4;0;0;0;99;99;0
233228;12,01;0;3;3;0;0;0;99;99;6
234728;12,076;0;2;2;0;0;0;99;99;5
236228;12,152;0;1;1;0;0;0;99;99;4
237728;12,218;0;0;0;0;0;0;99;99;3
239228;12,286;0;8;8;0;0;0;99;99;2
240728;12,351;0;7;7;0;0;0;99;99;1
242228;12,426;0;6;6;0;0;0;99;99;0
243728;12,491;0;5;5;0;0;0;99;99;7
245228;12,556;0;4;4;0;0;0;99;99;6
246749;12,632;0;3;3;0;0;0;99;99;5
248249;12,696;0;2;2;0;0;0;99;99;4
249749;12,761;0;1;1;0;0;0;99;99;3
251249;12,83;0;0;0;0;0;0;99;99;2
252749;12,897;0;8;8;0;0;0;99;99;1
254249;12,963;0;7;7;0;0;0;99;99;0
255749;13,032;0;6;6;0;0;0;99;99;8
257249;13,092;0;5;5;0;0;0;99;99;7
258749;13,159;0;4;4;0;0;0;99;99;6
260249;13,228;0;3;3;0;0;0;99;99;5
261749;13,294;0;2;2;0;0;0;99;99;4
263273;13,396;0;1;1;0;0;0;99;99;3
264773;13,528;0;0;0;0;0;0;99;99;2
266273;13,605;0;8;8;0;0;0;99;99;1
267773;13,672;0;7;7;0;0;0;99;99;0
269273;13,749;0;6;6;0;4;0;99;99;0
270773;13,81;0;5;5;0;3;0;99;99;0
272273;13,866;0;4;4;0;2;0;99;99;0
273773;13,918;0;3;3;0;1;0;99;99;0
275273;13,98;0;2;2;0;0;0;99;99;0
276773;14,044;0;1;1;0;0;0;99;99;0
278273;14,111;0;0;0;0;0;0;99;99;4
279794;14,181;0;0;0;0;4;0;99;99;3
281319;14,231;0;0;0;0;3;4;99;99;2
282819;14,293;0;0;0;0;2;3;99;99;1
284339;14,361;0;0;0;0;1;2;99;99;0
285839;14,423;0;0;0;0;0;1;99;99;0
287339;14,49;0;4;4;0;0;0;99;99;0
288869;14,56;0;3;3;0;4;0;99;99;0
290369;14,627;0;2;2;0;3;0;99;99;0
291869;14,69;0;1;1;0;2;0;99;99;0
293369;14,752;0;0;0;0;1;0;99;99;0
294892;14,823;0;5;5;0;0;0;99;99;0
296392;14,9;0;4;4;0;0;0;99;99;4
297892;14,965;0;3;3;0;0;0;99;99;3
299392;15,029;0;2;2;0;0;0;99;99;2
300892;15,104;0;1;1;0;0;0;99;99;1
302416;15,174;0;0;0;0;0;0;99;99;0
304446;15,271;0;0;6;0;4;0;99;99;0
305946;15,338;0;4;5;0;3;0;99;99;4
306961;15,38;0;3;4;0;2;0;99;99;3
307961;15,424;0;2;3;0;1;0;99;99;2
308961;15,466;0;1;2;0;0;0;99;99;1
310478;15,53;0;0;1;0;0;0;99;99;0
311978;15,63;0;0;0;0;0;0;99;99;5
313478;15,737;0;0;7;4;0;0;99;99;4
314978;15,795;0;0;6;3;0;0;99;99;3
316501;15,861;0;0;5;2;0;0;99;99;2
318001;15,926;0;0;4;1;0;0;99;99;1
319501;15,993;0;0;3;0;0;0;99;99;0
321001;16,058;0;4;2;0;0;0;99;99;6
322501;16,123;0;3;1;0;0;0;99;99;5
324021;16,244;0;2;0;0;0;0;99;99;4
325521;16,316;0;1;8;0;0;0;99;99;3
327021;16,396;0;0;7;0;0;0;99;99;2
328521;16,464;4;0;6;0;0;0;99;99;1
330021;16,596;3;0;5;0;0;0;99;99;0
331521;16,662;2;0;4;0;0;0;99;99;7
333047;16,741;1;0;3;0;0;0;99;99;6
334547;16,807;0;0;2;0;0;0;99;99;5
336047;16,873;0;0;1;0;4;0;99;99;4
337547;16,979;0;0;0;0;3;0;99;99;3
339047;17,09;0;0;8;0;2;0;99;99;2
340547;17,159;0;0;7;0;1;0;99;99;1
342047;17,241;0;0;6;0;0;0;99;99;0
343569;17,313;4;0;5;0;0;0;99;99;0
345069;17,382;3;0;4;0;0;0;99;99;4
346569;17,453;2;0;3;0;0;0;99;99;3
348069;17,515;1;0;2;0;0;0;99;99;2
349569;17,57;0;0;1;0;0;0;99;99;1
351069;17,629;0;0;0;0;4;0;99;99;0
352569;17,699;0;0;8;0;3;0;99;99;5
354069;17,766;0;0;7;0;2;0;99;99;4
355591;17,84;0;0;6;0;1;0;99;99;3
357091;17,908;0;0;5;0;0;0;99;99;2
358591;17,976;0;4;4;0;0;0;99;99;1
360091;18,037;0;3;3;0;0;0;99;99;0
361591;18,101;0;2;2;0;0;0;99;99;6
363091;18,152;0;1;1;0;0;0;99;99;5
364591;18,217;0;0;0;0;0;0;99;99;4
366091;18,27;0;0;8;0;0;0;99;99;3
367591;18,325;0;0;7;0;4;0;99;99;2
369113;18,391;0;0;6;0;3;0;99;99;1
370613;18,452;