Iteration;Time;QI-0;QI-1;QI-2;QI-3;QI-4;QI-5;QI-6;QI-7;QI-8;
2064;0,798;5;2;6;4;8;9;3;1;7
3564;0,972;3;1;4;1;1;5;1;1;2
5097;1,126;2;1;3;1;1;4;1;1;1
6597;1,308;4;1;3;1;1;1;1;1;2
8097;1,425;3;1;2;1;1;4;1;1;1
10130;1,572;7;6;4;5;1;8;2;1;3
11630;1,703;4;1;2;3;5;6;1;1;1
13130;1,776;5;1;3;4;2;1;1;1;1
14630;1,842;3;1;4;2;1;1;1;1;1
16157;2,004;4;1;1;3;2;1;1;1;1
17657;2,09;5;1;3;4;1;1;1;1;2
19657;2,27;4;3;5;2;1;1;7;1;6
21157;2,363;3;4;2;1;1;6;5;1;1
22657;2,514;4;3;2;1;1;1;1;1;1
23678;2,593;2;1;1;1;1;3;1;1;1
25178;2,672;4;1;1;1;3;2;1;1;1
26678;2,744;1;1;4;2;3;5;1;1;1
28178;2,824;1;1;1;4;6;3;5;1;2
30178;3,021;1;6;1;3;2;7;4;1;5
31678;3,096;1;4;1;2;1;3;1;1;1
32696;3,155;1;1;1;1;1;3;1;1;2
34196;3,229;1;1;1;3;1;4;1;1;2
35696;3,301;4;1;1;3;1;5;1;1;2
37196;3,376;1;1;1;5;3;2;6;1;4
38696;3,464;1;3;1;2;5;6;4;1;1
40196;3,553;1;3;1;2;1;4;1;1;1
41696;3,642;1;3;1;4;2;5;1;1;1
42717;3,694;1;1;1;3;1;2;1;1;1
44217;3,761;3;1;2;4;1;5;1;1;1
45717;3,855;3;1;2;5;1;6;1;1;4
47217;3,934;1;1;2;4;1;5;1;1;3
48717;4,011;1;3;4;2;1;5;1;1;1
50217;4,08;1;2;3;1;1;4;1;1;1
51717;4,129;1;1;2;3;1;4;1;1;1
53217;4,221;1;1;2;3;1;4;1;1;1
54750;4,306;5;1;2;4;1;6;3;1;1
56250;4,385;3;1;2;6;1;4;1;1;5
57750;4,461;1;5;2;4;1;6;1;1;3
59250;4,534;1;3;1;4;1;5;1;1;2
60250;4,587;1;1;1;2;1;3;1;1;1
61750;4,679;1;1;1;3;1;4;1;1;2
63250;4,753;1;1;1;2;4;5;2;1;1
64750;4,827;3;1;1;5;1;2;4;1;1
66250;4,896;2;3;1;4;1;5;1;1;1
67780;4,976;2;4;1;3;1;1;1;1;1
68780;5,022;1;1;1;2;1;3;1;1;1
70280;5,101;1;1;1;3;1;4;1;1;2
71780;5,168;1;1;1;4;5;6;3;1;2
73280;5,237;1;1;1;1;2;5;4;1;3
74780;5,314;1;3;4;1;1;5;1;1;2
76280;5,382;1;3;1;1;1;4;1;1;2
77280;5,421;1;1;2;1;1;1;1;1;3
78780;5,477;2;1;1;1;1;4;1;1;3
80280;5,539;4;1;1;3;1;6;2;1;5
81810;5,626;4;1;1;2;5;6;3;1;1
83310;5,717;4;3;1;2;1;5;1;1;1
84810;5,799;2;4;1;3;1;1;1;1;1
85810;5,854;3;1;1;1;1;2;1;1;1
87310;5,944;3;1;2;4;1;1;1;1;1
88810;6,029;5;1;2;4;1;6;1;1;3
90310;6,115;6;1;2;5;1;3;1;1;4
91810;6,188;6;5;2;4;1;1;1;1;3
93310;6,253;5;3;4;2;1;1;1;1;1
94310;6,298;3;1;2;1;1;1;1;1;1
95310;6,346;3;1;1;2;1;1;1;1;1
96833;6,413;1;1;4;2;1;1;3;1;1
98356;6,485;3;1;1;5;2;6;4;1;1
99856;6,563;3;6;1;5;2;1;1;1;4
101376;6,63;1;4;1;5;3;1;1;1;2
102376;6,668;1;1;1;2;3;1;1;1;1
103376;6,709;1;1;1;3;1;1;1;1;2
104902;6,775;1;1;4;2;5;1;3;1;1
106402;6,838;1;1;4;2;1;5;3;1;1
107902;6,898;4;1;2;5;1;3;1;1;1
109402;6,957;3;1;1;4;1;2;1;1;1
110921;7,03;3;1;1;2;1;4;1;1;1
112421;7,089;2;1;1;4;1;5;1;1;3
113921;7,161;3;1;1;6;2;4;1;1;5
115421;7,265;5;1;1;4;1;2;1;1;3
116921;7,325;2;4;1;1;1;5;1;1;3
118440;7,387;1;4;1;1;1;3;1;1;2
119940;7,498;2;5;1;1;1;3;1;1;4
120940;7,561;1;1;1;1;1;3;1;1;2
122440;7,626;2;1;1;1;4;5;1;1;3
123940;7,689;3;1;1;5;1;2;1;1;4
125440;7,746;1;1;1;3;1;4;1;1;2
126960;7,813;2;3;1;5;1;1;1;1;4
128460;7,87;4;1;3;5;1;1;1;1;2
129960;7,919;2;1;1;4;1;1;1;1;3
131460;7,964;3;1;2;4;1;1;1;1;5
132960;8,034;4;1;3;2;1;1;1;1;5
134460;8,104;1;1;4;2;1;5;1;1;3
135960;8,16;1;2;1;5;1;4;1;1;3
137484;8,224;1;4;1;2;1;1;1;1;3
138984;8,294;1;2;1;3;1;4;1;1;1
140484;8,358;1;5;1;1;3;4;1;1;2
141984;8,423;2;5;1;1;1;4;1;1;3
143484;8,487;3;5;2;1;1;1;1;1;4
144984;8,55;3;4;1;1;1;1;5;1;2
146484;8,616;2;1;1;1;1;1;4;1;3
147984;8,679;2;3;1;1;1;1;1;1;4
149506;8,784;5;3;1;1;4;1;1;1;2
151006;8,857;3;4;1;1;1;2;1;1;5
152506;8,934;1;5;2;1;1;4;1;1;3
154006;9,012;1;4;1;1;1;5;3;1;2
155506;9,089;1;1;1;1;1;4;3;1;2
157006;9,171;1;3;1;2;1;4;1;1;1
158506;9,255;1;5;1;4;1;2;1;1;3
160006;9,333;1;2;1;4;1;5;1;1;3
161506;9,401;1;5;2;4;1;1;1;1;3
163026;9,457;1;1;5;2;1;1;3;1;4
164526;9,502;1;1;2;4;1;1;3;1;1
165526;9,533;1;1;3;1;1;1;1;1;2
167026;9,586;1;1;1;4;2;1;1;1;3
168526;9,639;5;1;1;4;2;6;1;1;3
170026;9,693;3;4;1;5;1;2;1;1;6
171526;9,736;6;3;1;4;1;2;1;1;5
173026;9,778;4;3;1;1;1;5;1;1;2
174526;9,82;4;2;1;1;1;1;1;1;3
176026;9,875;3;5;2;1;1;1;1;1;4
177551;9,948;5;1;2;1;4;1;1;1;3
179051;9,996;2;1;1;1;3;1;1;1;4
180551;10,039;6;1;2;3;1;1;5;1;4
182051;10,079;2;1;3;5;1;1;4;1;1
183551;10,123;3;1;1;2;1;4;1;1;1
185051;10,166;2;4;1;3;1;5;1;1;1
186551;10,209;1;3;1;2;1;4;1;1;1
188051;10,267;1;4;1;3;2;5;1;1;1
189551;10,313;1;2;1;4;5;6;1;1;3
191051;10,358;1;2;1;3;4;5;1;1;1
192551;10,401;1;3;4;2;1;5;1;1;1
194069;10,446;1;3;1;4;1;2;1;1;1
195569;10,509;2;3;1;4;1;5;1;1;1
197069;10,561;1;4;1;3;1;2;1;1;1
198569;10,604;4;3;1;5;1;6;1;1;2
200069;10,664;1;5;1;3;2;6;1;1;4
201569;10,722;1;4;1;2;1;5;1;1;3
203069;10,782;1;3;1;4;1;5;1;1;2
204569;10,841;1;4;1;2;1;1;1;1;3
206069;10,893;1;2;1;3;1;4;1;1;1
207569;10,947;3;4;1;2;1;5;1;1;1
209069;10,99;6;5;1;4;2;3;1;1;1
210588;11,175;4;3;1;2;1;5;1;1;1
212088;11,228;3;4;5;2;1;1;1;1;1
213588;11,271;4;2;3;1;1;1;1;1;1
215088;11,312;2;5;3;1;1;1;1;1;4
216588;11,355;1;2;3;1;1;1;1;1;4
218088;11,398;2;4;1;1;3;1;1;1;5
219588;11,444;3;4;1;1;1;2;1;1;5
221088;11,487;2;5;1;1;1;1;4;1;3
222588;11,532;2;3;1;1;1;1;5;1;4
223588;11,563;2;1;1;1;1;1;1;1;3
225088;11,606;4;2;3;1;1;1;1;1;1
226612;11,651;2;5;3;1;4;1;1;1;1
228112;11,693;4;3;1;1;2;5;1;1;1
229612;11,734;5;2;1;1;1;4;1;1;1
231112;11,79;4;5;1;6;3;2;1;1;1
232612;11,854;3;4;1;5;2;1;1;1;1
234112;11,921;2;3;1;4;5;1;1;1;1
235612;11,972;4;2;1;5;3;1;1;1;1
237112;12,021;1;2;1;3;4;1;1;1;1
238612;12,064;4;2;1;1;5;1;3;1;1
240112;12,105;4;5;1;1;2;3;1;1;1
241612;12,157;1;3;1;1;2;4;1;1;1
243133;12,212;3;4;1;1;1;2;1;1;5
244633;12,255;4;5;2;1;1;1;1;1;3
246133;12,296;5;4;2;1;1;1;1;1;3
247633;12,339;1;5;4;1;1;1;2;1;3
249133;12,384;1;2;4;1;1;1;1;1;3
250633;12,435;1;3;4;1;1;1;1;1;2
252133;12,496;1;5;2;1;1;3;1;1;4
253633;12,544;1;4;1;1;1;2;1;1;3
255133;12,587;5;4;2;6;1;1;1;1;3
256633;12,629;6;4;1;2;1;1;1;1;3
258133;12,672;1;3;1;2;1;1;1;1;4
259653;12,717;2;4;1;1;5;1;1;1;3
261153;12,761;3;2;1;1;4;1;1;1;1
262653;12,803;4;3;1;1;1;5;1;1;2
264153;12,853;4;5;1;1;1;2;1;1;3
265653;12,912;5;4;1;1;1;2;1;1;3
267153;12,978;4;2;1;3;1;5;1;1;1
268653;13,043;3;2;1;4;1;1;1;1;1
270153;13,111;2;3;1;4;1;5;1;1;1
271653;13,197;2;1;1;4;1;3;1;1;1
273153;13,27;2;3;1;4;1;5;1;1;1
274653;13,344;4;3;1;5;1;1;1;1;2
276178;13,432;3;2;1;1;1;1;4;1;5
277678;13,508;1;2;1;1;1;1;4;1;3
279178;13,581;4;3;1;1;1;1;1;1;2
280678;13,657;3;4;1;1;2;1;1;1;1
282178;13,733;1;2;1;1;3;4;1;1;5
283678;13,813;1;4;1;5;6;2;1;1;3
285178;13,886;1;5;1;4;2;6;1;1;3
286678;13,959;1;5;1;4;1;2;1;1;3
288178;14,034;1;3;1;4;1;1;1;1;2
289678;14,1;2;3;1;4;1;5;1;1;1
291178;14,158;1;3;1;2;1;4;1;1;1
292704;14,225;4;1;1;2;1;3;1;1;1
294204;14,306;3;5;1;4;2;6;1;1;1
295704;14,377;5;2;1;3;4;6;1;1;1
297204;14,446;5;4;1;3;1;6;1;1;2
298704;14,537;3;5;1;4;1;1;1;1;2
300204;14,602;1;4;1;3;1;1;1;1;2
301704;14,656;2;3;1;4;1;1;1;1;1
303204;14,72;4;1;1;3;1;1;1;1;2
304704;14,782;1;4;1;6;5;1;3;1;2
306204;14,846;1;4;1;5;2;6;1;1;3
307704;14,91;1;2;1;3;4;5;1;1;1
309229;14,975;1;4;3;5;2;1;1;1;1
310729;15,038;1;4;3;1;2;1;1;1;1
312229;15,1;1;5;4;2;3;1;1;1;1
313729;15,161;1;3;2;4;5;1;1;1;1
315229;15,221;1;2;5;3;1;1;1;1;4
316729;15,276;1;5;2;4;1;1;1;1;3
318229;15,336;1;3;2;4;1;1;1;1;1
319729;15,393;1;4;2;3;1;1;1;1;1
321229;15,451;3;1;4;2;1;1;1;1;5
322729;15,51;4;1;3;6;5;1;1;1;1
324229;15,57;1;1;2;3;4;1;1;1;1
325755;15,637;4;1;3;5;1;2;1;1;1
327255;15,696;3;1;1;4;1;2;1;1;1
328755;15,753;2;4;1;3;1;5;1;1;1
330255;15,817;1;2;1;4;1;5;1;1;3
331755;15,876;1;2;1;3;1;4;1;1;1
333255;15,926;1;5;1;2;3;6;1;1;4
334755;15,989;1;2;1;3;4;5;1;1;1
336255;16,049;1;2;1;3;4;5;1;1;1
337755;16,109;4;2;1;3;1;5;1;1;1
339255;16,17;2;1;1;3;1;4;1;1;1
340755;16,233;3;1;1;2;1;4;1;1;1
342279;16,314;2;5;1;3;1;4;1;1;1
343779;16,374;3;2;1;4;1;1;1;1;1
345779;16,463;3;2;6;4;1;7;5;1;1
347279;16,527;3;1;2;4;1;5;1;1;1
348779;16,604;4;1;1;3;1;2;1;1;1
350279;16,67;1;1;3;2;1;4;1;1;1
351779;16,736;4;1;2;5;1;1;1;1;3
353279;16,803;1;4;2;5;1;1;1;1;3
354779;16,872;1;3;2;4;5;1;6;1;1
356279;16,942;1;3;1;4;2;1;5;1;1
357279;16,988;1;2;1;3;1;1;1;1;1
358806;17,062;1;3;1;4;1;2;1;1;1
360306;17,112;1;2;1;3;4;5;1;1;1
361806;17,159;1;3;1;5;1;2;1;1;4
363306;17,21;1;2;1;4;1;6;5;1;3
364806;17,281;1;3;1;5;1;2;1;1;4
366306;17,351;1;2;1;3;1;4;1;1;1
367806;17,421;1;3;1;4;1;1;1;1;2
369306;17,494;3;2;1;6;4;5;1;1;1
370806;17,567;4;3;1;5;1;2;1;1;1
372306;17,626;6;4;2;5;1;3;1;1;1
373806;17,669;2;4;1;3;1;5;1;1;1
375326;17,719;3;1;1;2;1;4;1;1;1
376826;17,788;4;3;1;1;1;5;1;1;2
378326;17,855;4;2;1;1;1;5;1;1;3
379826;17,92;3;2;1;1;1;4;1;1;1
381326;17,978;5;6;3;1;1;2;1;1;4
382826;18,032;4;3;2;1;1;1;1;1;5
384326;18,095;4;3;5;2;1;1;1;1;1
385826;18,159;4;3;1;2;1;1;1;1;1
387326;18,226;5;1;4;2;3;1;1;1;