Iteration;Time;BestFitness;LastCalledHeur;IsRelay;NumOfMoves-LLH0;NumOfMoves-LLH1;NumOfMoves-LLH2;NumOfMoves-LLH3;NumOfMoves-LLH4;NumOfMoves-LLH5;NumOfMoves-LLH6;NumOfMoves-LLH7;NumOfMoves-LLH8;LAProb-LLH0;LAProb-LLH1;LAProb-LLH2;LAProb-LLH3;LAProb-LLH4;LAProb-LLH5;LAProb-LLH6;LAProb-LLH7;LAProb-LLH8;
2000;0,826;-31,0;-1;-1;281;110;144;306;436;395;28;39;393;0,058063787737231684;0;0;0,0816988071789803;0,6980844444214567;0,061450219850037846;0;0;0,10070274081229355
3500;0,974;-25,0;-1;-1;391;110;144;441;1079;489;28;39;911;0,023452033161644417;0;0;0;0,2109350667006929;0,028182596412333054;0;0;0,7374303037253296
5000;1,146;-17,0;-1;-1;446;113;152;446;1496;554;30;46;1902;0,040606006249281436;0;0;0;0,4043500543092226;0,051261741700466434;0;0;0,5037821977410295
6500;1,245;-31,0;-1;-1;528;113;152;446;2175;611;30;46;2584;0,12454147078311245;0;0;0;0,49977531370239664;0,03577352015004516;0;0;0,33990969536444576
8000;1,324;-31,0;-1;-1;680;113;152;446;2913;663;30;46;3142;0,07489976835335492;0,03074348502795189;0,15884170096874153;0;0,38626281019671893;0,04307436195768466;0,005693339388411883;2,2770297174316604E-6;0,3004822570774188
10000;1,456;-35,0;-1;-1;724;125;233;452;3150;2147;35;48;3307;0,0038808971164079995;0,0016365398320321153;0;0,003440236903218412;0,02380504084261078;0,9669313735485022;3,0591175722854914E-4;0;0
11500;1,554;-36,0;-1;-1;727;127;233;457;3207;3579;36;48;3307;0,009284815736962791;0,003892859147201723;0;0,008230385642751588;0;0,9785919394730839;0;0;0
13000;1,653;-33,0;-1;-1;745;131;233;467;3207;5047;36;48;3307;0,00907834536987908;0,003881287894183635;0;0,008325746605417303;0;0,97871462013052;0;0;0
14500;1,73;-37,0;-1;-1;764;140;233;488;3207;6498;36;48;3307;0,015096979250162885;0,006337195487140738;0;0,01405642656909264;0;0,9645093986936039;0;0;0
16000;1,811;-39,0;-1;-1;791;153;234;523;3211;7937;40;50;3308;0,020604299774648137;0,008447108711864904;0;0,019455372070632155;0;0,8705074251949153;0;0;0,08098579424793945
17500;1,879;-27,0;-1;-1;824;170;234;558;3211;9195;40;50;3465;0,01830361110474621;0,0072756755388162404;0,04042260646839722;0,01767477563019538;0,13771387666705906;0,7768664330167827;0,0017422993424216415;7,222315816061411E-7;0
19500;1,985;-38,0;-1;-1;865;187;292;586;3479;10776;47;50;3465;0,0224758456530907;0,009014013530600284;0;0,023575409201557176;0;0,9428587751433017;0,0020759564714501024;0;0
21000;2,064;-36,0;-1;-1;891;200;292;608;3479;12210;52;50;3465;0;0,006631377784607327;0;0,018153764314272722;0;0,97521485790112;0;0;0
22000;2,116;-9,0;-1;-1;891;207;292;631;3479;13180;52;50;3465;0;0,00775361871693871;0;0,021893733284551634;0;0,9703526479985097;0;0;0
23000;2,162;-41,0;-1;-1;897;212;296;650;3479;14159;54;51;3469;0;0,004415212803273032;0;0,012527406259037178;0;0,9830573809376897;0;0;0
24000;2,208;-29,0;-1;-1;897;218;296;673;3479;15130;54;51;3469;0;0,003354455298677639;0;0,009628168443968669;0;0,9421024318093814;0;0;0,04491494444797234
25500;2,265;-36,0;-1;-1;897;224;296;682;3479;16542;54;51;3542;0,008657444095772964;0,002913530620218386;0;0,008544898089553842;0,06496330652437671;0,8753911236965297;7,904694834556495E-4;0;0,03873922749009277
27500;2,357;-36,0;-1;-1;915;228;296;706;3631;18279;55;51;3606;0,007708414622773592;0,0026488387513172447;0,01619502886625304;0,007677727252824491;0;0,9650438319355543;7,257744704157213E-4;3,84100861730492E-7;0
29500;2,434;-30,0;-1;-1;926;230;322;718;3631;20228;55;51;3606;0,0042570774392380285;0,0014808501812324213;0,00846921231248565;0,004273141025788694;0;0,9815197190412552;0;0;0
31000;2,508;-38,0;-1;-1;929;232;332;722;3631;21709;55;51;3606;0,0031692569134400246;0,0010955276599298918;0;0,003183677849999351;0;0,9925515375766307;0;0;0
32500;2,597;-33,0;-1;-1;938;235;335;729;3635;23202;58;56;3611;0,0029369206627331466;0,001017620858260584;0;0,0029793830542290314;0;0,9930660754247772;0;0;0
34000;2,672;-38,0;-1;-1;943;235;335;733;3635;24693;58;56;3611;0,0031934625774218037;0,0011211166111864867;0;0,003261854423587519;0;0,977258822460103;0;0;0,015164743927701129
35500;2,735;-40,0;-1;-1;950;237;335;741;3635;26159;58;56;3628;0,13783552897824922;0,04864693347678594;0;0,14161100934125442;0;0;0,013561431445083226;0;0,6583450967586273
37000;2,799;-27,0;-1;-1;1090;987;335;863;3635;26159;70;56;4104;0,028729413501751233;0,7754222689157884;0,023955239530845232;0,05262688247676027;0,11826611079361495;0;0,0010000847812399777;0;0
38500;2,894;-31,0;-1;-1;1176;1623;527;1076;3966;26159;112;56;4104;0,09165851638187623;0;0,23254615387194844;0,28506296480154947;0,3543857464191396;0;0,036346618525486186;0;0
40000;2,966;-31,0;-1;-1;1330;1623;824;1481;4556;26159;166;56;4104;0,18053470331091034;0;0,29078716266857246;0,47118355565380104;0;0;0,0574885826633045;5,995703411489407E-6;0
41500;3,062;-31,0;-1;-1;1634;1623;1245;2165;4556;26159;257;56;4104;0,0032575252222591966;0;0,0033293534888725372;0,0065345932260846805;0;0,9868785280627836;0;0;0
43000;3,155;-33,0;-1;-1;1644;1626;1256;2172;4561;27646;261;56;4105;0,0038907147249994797;0;0,003958031417615266;0,007877485104548273;0;0,9683275002998211;0;0;0,01594626845301571
44500;3,242;-33,0;-1;-1;1648;1626;1261;2182;4561;29098;261;56;4134;0,004728318429842366;0,04546134716717975;0,004793811288932137;0,009541637159947814;0;0,9354748859540979;0;0;0
46000;3,318;-39,0;-1;-1;1655;1704;1269;2192;4561;30495;261;56;4134;0,005038772991207273;0;0,005083881400350788;0,010172023890263742;0,03329930732214179;0,9464060143960363;0;0;0
47500;3,391;-39,0;-1;-1;1663;1704;1282;2206;4609;31912;261;56;4134;0,09325171544904357;0;0,09294571264302326;0,1881152438325865;0,6066264801390434;0;0,019060847936303187;0;0
49000;3,465;-39,0;-1;-1;1809;1704;1451;2504;5468;31912;289;56;4134;0,12148016599508948;0;0;0,2316844535820216;0,6215839833663052;0;0,025251397056583826;0;0
50500;3,541;-39,0;-1;-1;1991;1704;1451;2855;6388;31912;336;56;4134;0,14201281003973962;0;0;0,2578143585978728;0,6001728313623876;0;0;0;0
51500;3,583;-39,0;-1;-1;2122;1704;1451;3130;6982;31912;336;56;4134;0,0705515877073626;0;0;0,12297212724516808;0,2753817090371521;0;0;0;0,5310945760103172
53000;3,659;-28,0;-1;-1;2179;1704;1451;3239;7338;31912;336;56;5112;0,0027427485599598525;0,045803871818869156;0;0,00805061474928956;0,029366006429386898;0,8613553732013056;0;0;0,052681385241189045
54500;3,745;-40,0;-1;-1;2185;1761;1454;3259;7403;33201;338;61;5195;0,0028908105846593823;0,043940586751585985;0,004233017896708675;0,013444167656905488;0,03645550641970003;0,8990359106904404;0;0;0
56000;3,821;-40,0;-1;-1;2190;1825;1461;3280;7455;34552;338;61;5195;0,00346174675518912;0,0471561363845404;0,005031209376054093;0,015916413445927275;0;0,9275736068302765;8,608872080127799E-4;0;0
57500;3,882;-32,0;-1;-1;2193;1878;1463;3295;7455;35979;338;61;5195;0,0024218929368740173;0,030817504780615203;0,003521989377396977;0,011068123496497531;0;0,9521704894086163;0;0;0
59000;3,936;-36,0;-1;-1;2200;1961;1465;3305;7455;37377;338;61;5195;0,03506314060402045;0,753325648227456;0,051214754955160736;0,16039645621336282;0;0;0;0;0
60500;4,011;-31,0;-1;-1;2271;2743;1556;3861;7455;37377;338;61;5195;0,013171581717597473;0,24995809975381977;0,018055804756487544;0,4531401161278958;0;0;0;0;0,26567439764419937
62000;4,074;-31,0;-1;-1;2299;3126;1576;4512;7455;37377;338;61;5613;0,018318986100688765;0,25263796586920745;0,02512606947223597;0,4502065517561254;0,25371042680174244;0;0;0;0
63500;4,131;-33,0;-1;-1;2309;3472;1595;5444;7648;37377;338;61;5613;0,006351067943349662;0,2900303133772987;0,008579383405389919;0,6950392352739618;0;0;0;0;0
65000;4,189;-36,0;-1;-1;2318;3994;1611;6397;7648;37377;338;61;5613;0,001835561114942701;0,09994860563517022;0,00244417420928821;0,13246497905362248;0;0,7627871356665584;5,19544320417947E-4;0;0
66500;4,259;-41,0;-1;-1;2318;4152;1613;6585;7648;38528;339;61;5613;0;0,09280668449466419;0,0025791567543833817;0,12775404630028195;0;0,776313015040466;5,470974102044849E-4;0;0
68000;4,346;-41,0;-1;-1;2320;4297;1622;6776;7657;39691;344;70;5614;0;0,09279876519447083;0;0,13056048232612646;0;0,7766407524794027;0;0;0
69000;4,4;-41,0;-1;-1;2320;4392;1622;6902;7657;40470;344;70;5614;0;0,08874882084755127;0;0,12699082514948404;0;0,7447737517949908;0;0;0,03948660220797387
70500;4,447;-41,0;-1;-1;2320;4506;1622;7079;7657;41620;344;70;5673;0;0,08644200994565139;0;0,12409906446465503;0,036781831599738676;0,7127862079949753;0;0;0,039890885994979614
72000;4,502;-40,0;-1;-1;2320;4616;1622;7233;7713;42743;344;70;5730;0,002306766415384027;0,07993843173967059;0;0;0,0423065753171262;0,8286300387234856;0;0;0,04681818780433359
73500;4,575;-42,0;-1;-1;2324;4734;1622;7233;7787;43970;344;70;5807;0,01337150479247525;0,42236676225120734;0,017645035595038685;0;0,2809725239550799;0;0,0036899761810494985;0;0,26195419722514945
75000;4,656;-42,0;-1;-1;2349;5313;1657;7233;8245;43970;348;70;6206;0,024445332082104705;0,5083014732956096;0,03124890252153191;0;0,4291977179504664;0;0,006806574150287266;0;0
76500;4,726;-42,0;-1;-1;2402;6052;1723;7233;8880;43970;355;70;6206;0,03383531011758673;0,46818500358059223;0;0;0,49797968630182093;0;0;0;0
77500;4,764;-42,0;-1;-1;2436;6513;1723;7233;9385;43970;355;70;6206;0,012067906861897269;0,14144347591640583;0;0,6888046243251469;0,15768399289654997;0;0;0;0
79000;4,821;-32,0;-1;-1;2452;6677;1723;8315;9623;43970;355;70;6206;0,0020819956847460902;0,022779126002229255;0;0,16432846506292287;0,03466880653520061;0,7761416067149012;0;0;0
80500;4,897;-36,0;-1;-1;2453;6714;1723;8559;9678;45133;355;70;6206;0,002516456520875429;0,02691404532420908;0;0;0,04127463277687728;0,8840087007665876;0;0;0,04528616461145059
82000;4,994;-37,0;-1;-1;2459;6762;1728;8565;9743;46449;360;74;6284;0,02152151828770615;0,22422293177588087;0,027650014001248443;0;0,3474609133674189;0;0,006249668794721814;0;0,37289495377302384
83500;5,084;-37,0;-1;-1;2491;7099;1776;8565;10245;46449;369;74;6856;0,04070726747457905;0,34704258184082304;0,04973370140637358;0;0,551063362925228;0;0,01145308635299648;0;0
85000;5,174;-37,0;-1;-1;2561;7610;1855;8565;11065;46449;389;74;6856;0,05153906085673072;0,3681630473328807;0;0;0,5802978918103886;0;0;0;0
86000;5,225;-38,0;-1;-1;2628;7994;1855;8565;11614;46449;389;74;6856;0,00914823193384074;0,07547007379608289;0;0,8200687309082845;0,09531296336179185;0;0;0;0
87500;5,28;-38,0;-1;-1;2642;8136;1855;9750;11773;46449;389;74;6856;0,0020626748477992484;0,016299537717674444;0;0,13087252003242536;0,020517490020204646;0,8302477773818964;0;0;0
89000;5,346;-38,0;-1;-1;2648;8158;1855;9949;11816;47679;389;74;6856;0,0024632425103422303;0,01962470528727328;0;0;0,02448211181388131;0,9119505777220058;0;0;0,04147936266649738
90500;5,475;-40,0;-1;-1;2653;8195;1855;9949;11864;49016;389;74;6929;0,02558835607689253;0,25654028594370815;0,03466871492287893;0;0,25261731349359146;0;0,007769561008600422;0;0,4228157685543285
92000;5,532;-41,0;-1;-1;2688;8622;1905;9949;12203;49016;401;74;7566;0,04297422571525352;0,48229868692242917;0,056418170699660056;0;0,4056216741570661;0;0,012687242505591102;0;0
93500;5,605;-42,0;-1;-1;2759;9366;1976;9949;12793;49016;425;74;7566;0,07461577365147058;0,8306078095301281;0,09477641681840128;0;0;0;0;0;0
94500;5,649;-42,0;-1;-1;2839;10185;2077;9949;12793;49016;425;74;7566;0,012052485161297312;0,10776687109730546;0,014306998487202184;0,8658736452541951;0;0;0;0;0
96000;5,72;-42,0;-1;-1;2862;10383;2110;11195;12793;49016;425;74;7566;0,0023851232981620956;0,020262305009766144;0,002763424252931286;0,11195019345784922;0;0,8626389539812913;0;0;0
97500;5,797;-43,0;-1;-1;2870;10422;2120;11361;12796;50313;428;76;7567;0,013922977705297466;0,11743741143022401;0,01604666463757122;0,6230771263909394;0;0;0;0;0,2295158198359679
99000;5,87;-43,0;-1;-1;2887;10620;2144;12264;12796;50313;428;76;7925;0,018357507874665734;0,1468759696137505;0,02083671615708971;0,6291897042999306;0,17907047706549253;0;0,005669624989070918;0;0
100500;5,938;-43,0;-1;-1;2916;10862;2178;13179;13067;50313;437;76;7925;0,026858988903143182;0,20365506742406542;0,029970471918567908;0,7313513396564749;0;0;0,008164132097748541;0;0
102000;6,007;-43,0;-1;-1;2955;11176;2234;14251;13067;50313;456;76;7925;0,034029766013192436;0,2420452746658667;0;0,7239249593209409;0;0;0;0;0
103000;6,051;-43,0;-1;-1;2993;11406;2234;14983;13067;50313;456;76;7925;0,03816579976081727;0,2615194028158107;0;0,700314797423372;0;0;0;0;0
104000;6,095;-43,0;-1;-1;3027;11683;2234;15672;13067;50313;456;76;7925;0,002432581007688022;0,015782190244202108;0;0,038958440162389175;0;0,9428267885857207;0;0;0
105500;6,157;-45,0;-1;-1;3031;11704;2234;15751;13067;51709;456;76;7925;0,002499736087101753;0,016173379416717957;0;0,039531137838638174;0;0,9005375525742142;0;0;0,04125819408332796
107000;6,221;-45,0;-1;-1;3036;11725;2234;15817;13067;53056;456;76;7986;0,002736367389256123;0,01767506861916916;0,0031693918290131573;0,04288421731793949;0,028500186872698254;0,9042008274897717;8,339404821520647E-4;0;0
109000;6,317;-46,0;-1;-1;3042;11776;2245;15905;13127;54837;459;76;7986;0,04860512668636998;0,38022828577390866;0,05580365075086694;0;0,5007071361977155;0;0,014655800591138763;0;0
110500;6,392;-46,0;-1;-1;3122;12337;2324;15905;13891;54837;475;76;7986;0,10872007711843415;0,7699008785850329;0,12137904429653304;0;0;0;0;0;0
111500;6,439;-46,0;-1;-1;3238;13099;2446;15905;13891;54837;475;76;7986;0,11989545420223113;0,7524000047504833;0,12770454104728557;0;0;0;0;0;0
112500;6,49;-46,0;-1;-1;3375;13828;2586;15907;13893;54840;477;78;7987;0,1284320745343243;0,7408252409323071;0,13074268453336874;0;0;0;0;0;0
113500;6,542;-46,0;-1;-1;3513;14561;2715;15907;13893;54840;477;78;7987;0,001952132919968968;0,011267319510683823;0,0020929491026203105;0,04941778940751418;0;0,9352698090592128;0;0;0
115000;6,621;-46,0;-1;-1;3515;14582;2717;15980;13893;56242;477;78;7987;0,002094592385012425;0,012037699859208304;0,002244783867639187;0;0,02868949825534742;0,8978946137244069;9,444714485119373E-4;0;0,0560943404598738
117000;6,711;-46,0;-1;-1;3518;14607;2726;15980;13964;58028;477;78;8093;0,021252985420564394;0,12160774217505813;0,022624627382683858;0;0,28692669545007554;0;0;0;0,547587949571618
118500;6,789;-46,0;-1;-1;3554;14790;2767;15980;14433;58028;477;78;8864;0,036659947491039055;0,20547780965045534;0,0383668599725368;0;0;0;0;0;0,7194953828859688
120000;6,919;-46,0;-1;-1;3617;15165;2829;15980;14433;58028;477;78;9864;0,05766778095645298;0,3089803033026205;0,05935149632358481;0;0;0;0;0;0,5740004194173417
121500;6,989;-46,0;-1;-1;3707;15644;2927;15980;14433;58028;477;78;10697;0,06399575170123023;0,3276651360268735;0,06386225989933238;0;0;0;0;0;0,5444768523725638
123000;7,058;-46,0;-1;-1;3804;16161;3026;15980;14433;58028;477;78;11484;0,0018947730194489875;0,009274042762945685;0,0018429554948193895;0,05969731385203216;0;0,9131180480816746;0;0;0,014172866789079204
124500;7,126;-46,0;-1;-1;3806;16177;3029;16052;14433;59411;477;78;11508;0,0021170616589388245;0,010336410016082319;0,0020567737999392815;0;0,032099336877122304;0,9364467589011918;0,0012106790325189885;0;0,01573297971420657
126500;7,257;-46,0;-1;-1;3809;16197;3032;16052;14510;61274;480;78;11539;0,0026202981737564746;0,012754805203022329;0,0025436717019660044;0;0;0,9805986713406469;0,0014825535806081466;0;0
128000;7,32;-33,0;-1;-1;3812;16216;3038;16052;14510;62744;482;78;11539;0,002357683644516782;0,011455367928455024;0;0;0;0,9861869484270281;0;0;0
129000;7,371;-34,0;-1;-1;3818;16232;3040;16054;14512;63730;483;81;11540;0,002438078921373029;0,011854802560926025;0;0;0;0,985707118517701;0;0;0
130000;7,421;-34,0;-1;-1;3819;16245;3040;16054;14512;64716;483;81;11540;0,002585928788258903;0,012543937257496978;0;0;0;0,9848701339542442;0;0;0
131000;7,509;-34,0;-1;-1;3823;16264;3040;16054;14512;65693;483;81;11540;0,002812695214059101;0,013622761347746207;0;0;0;0,9625647645009402;0;0;0,02099977893725439
132500;7,579;-39,0;-1;-1;3828;16285;3040;16054;14512;67131;483;81;11576;0,0025633545159761315;0,012404711957166182;0,0025082453270106205;0,08091549602827114;0,03886694964758619;0,842244827619794;0,0014535513730038329;0;0,019042863531191882
134500;7,673;-39,0;-1;-1;3833;16309;3043;16231;14601;68789;484;81;11619;0,0029809543501414;0;0,0029214957152501526;0,09088082416316362;0;0,9015255480217635;0,0016911777496813243;0;0
136000;7,745;-39,0;-1;-1;3835;16309;3049;16367;14601;70142;487;81;11619;0,0031937181764718297;0;0;0,09464136340456453;0;0,9021649184189636;0;0;0
137000;7,791;0,0;-1;-1;3837;16309;3049;16457;14601;71050;487;81;11619;0,0033293547105336095;0;0;0,09689853385356569;0;0,8997721114359006;0;0;0
138000;7,838;-38,0;-1;-1;3839;16309;3049;16543;14601;71962;487;81;11619;0,0027912623591339865;0;0;0,0798912810118166;0;0,9173174566290495;0;0;0
139000;7,918;-38,0;-1;-1;3839;16309;3049;16615;14601;72890;487;81;11619;0,00281766920237166;0,013675437680698302;0;0,07935986930381776;0;0,8832675658132056;0;0;0,02087945799990653
140500;8,014;-35,0;-1;-1;3842;16326;3049;16718;14601;74237;487;81;11649;0,002321674081591683;0,011247071037628058;0,0022782487858997646;0;0;0,9622749955990847;0,0013087493872719178;0;0,020569261108523872
142000;8,098;-38,0;-1;-1;3846;16343;3052;16718;14601;75686;489;81;11674;0,002045037042517228;0,009894646427336904;0,002006815510629988;0;0,0308134811745249;0,9540941930158079;0,0011458268291830657;0;0
143500;8,23;-38,0;-1;-1;3856;16360;3055;16723;14644;77127;497;84;11677;0,001882718879932372;0,009137679542405214;0,001856294769975396;0;0,03268891889007832;0,9544343879176086;0;0;0
145000;8,303;-37,0;-1;-1;3858;16374;3057;16723;14693;78560;497;84;11677;0,0016801642334399838;0;0,0016559705827847164;0;0,033193214089882274;0,963470651093893;0;0;0
146500;8,384;-42,0;-1;-1;3862;16374;3061;16723;14745;80000;497;84;11677;0,0015997747341026727;0;0,0015750227157120076;0,050715758642407766;0,031321048893776834;0,9147883950140008;0;0;0
148000;8,452;-32,0;-1;-1;3863;16374;3063;16802;14793;81370;497;84;11677;0,00160714783145353;0;0,0015820896760202648;0;0,031178111357280065;0,9512651550361118;0;0;0,014367496099134482
149500;8,518;-36,0;-1;-1;3868;16374;3067;16802;14842;82789;497;84;11700;0,03254796106038606;0;0,03203252586516263;0;0,6272188108482132;0;0,017862965470933988;0;0,29033773675530405
151000;8,6;-31,0;-1;-1;3902;16374;3089;16802;15845;82789;520;84;12118;0,021353857903267503;0,10693991188471808;0,021140145229242492;0;0,6018814680373551;0;0;0;0,2486846169454169
152500;8,676;-35,0;-1;-1;3922;16455;3106;16802;16956;82789;520;84;12389;0,011013908472382091;0,07970375401423231;0,010761110426682178;0;0,8985212270867033;0;0;0;0
154000;8,744;-36,0;-1;-1;3935;16575;3117;16802;18312;82789;520;84;12389;0,012672758722973227;0,09037741299803491;0,012480403680383069;0;0,8844694245986088;0;0;0;0
155500;8,82;-38,0;-1;-1;3948;16685;3133;16802;19673;82789;520;84;12389;0,0012497204757658661;0,008777129365907537;0,0012184401829731786;0,04170604236308191;0,18413129885462445;0,7629173687576472;0;0;0
157000;8,914;-41,0;-1;-1;3948;16702;3135;16856;19962;83927;520;84;12389;0;0,00906978115395831;0,001262258468325487;0,04271295916564853;0,17956532111747792;0,7673896800945897;0;0;0
158500;8,985;-41,0;-1;-1;3948;16710;3136;16937;20248;85051;520;84;12389;0;0,011300938842302526;0,0015740271579560107;0,05227610914433891;0;0,9094200839126078;8,659966341792089E-4;0;0,024562844308615658
160000;9,063;-38,0;-1;-1;3950;16733;3147;17035;20251;86405;523;85;12423;0;0;0,0014361263380827324;0,053204196669718574;0;0,9221565296760235;7,828617627042609E-4;0;0,02242028555347091
161500;9,133;-38,0;-1;-1;3950;16733;3150;17106;20251;87798;524;85;12455;0;0;0,0014424333453275176;0;0;0,9758588807783617;0;0;0,022698685876310853
162500;9,182;-35,0;-1;-1;3950;16733;3151;17106;20251;88770;524;85;12482;0,0014551113133448026;0;0,0013815507154902546;0;0;0,9755401331498212;0;0;0,02162320482134368
164000;9,249;-37,0;-1;-1;3950;16733;3155;17106;20251;90240;524;85;12508;0,001262363432669845;0;0,001194338547103025;0;0,16603138326558992;0,8128583431712011;0;0;0,018653571583436005
165500;9,323;-31,0;-1;-1;3952;16733;3158;17106;20480;91480;524;85;12534;0,001381836739861207;0,009616786571982297;0,0013105436314921352;0;0;0,9672949648610667;0;0;0,020395868195597654
167000;9,397;-36,0;-1;-1;3953;16748;3161;17106;20480;92924;524;85;12571;0,01683385290225968;0,11665415724908765;0,015933411660725687;0,5950667541685923;0;0;0,008883910222860789;0;0,24662791379647386
168500;9,471;-36,0;-1;-1;3980;16925;3185;17985;20480;92924;532;85;12956;0,02575341555140746;0,17525627193788565;0,024452938566692378;0,7613827640510116;0;0;0,01315460989300283;0;0
170000;9,527;-37,0;-1;-1;3995;17139;3212;19224;20480;92924;537;85;12956;0,010745869816264556;0,10000958792592016;0;0,8892445422578154;0;0;0;0;0
171000;9,554;-37,0;-1;-1;4004;17242;3212;20112;20480;92924;537;85;12956;0,01174066906875326;0,10823282401630625;0;0,8800265069149404;0;0;0;0;0
172000;9,582;-37,0;-1;-1;4018;17361;3212;20979;20480;92924;537;85;12956;0,0010890985603530428;0,009947985115567878;0;0,07413167176129386;0,14513658855408254;0,7696946560087028;0;0;0
173500;9,632;-40,0;-1;-1;4021;17370;3212;21083;20684;94104;537;85;12956;0,0011637577362930325;0,010634428438428876;0;0,09284110914389801;0;0,8792104282260222;0;0;0,01615027645535774
175000;9,709;-42,0;-1;-1;4025;17384;3216;21255;20689;95404;538;88;12985;0,0013175507898838148;0,012032221134843833;0,0012499820134025499;0;0;0,9665200258978479;6,701367599564365E-4;0;0,018210083404065366
176500;9,775;-37,0;-1;-1;4026;17402;3218;21255;20689;96859;540;88;13007;0,0012394088689370924;0,011279309314253383;0,0011744155389554044;0;0;0,9856810021463206;6,258641315335604E-4;0;0
178000;9,818;0,0;-1;-1;4026;17417;3221;21255;20689;98339;542;88;13007;0;0,009899152479692695;0,0010311680921988612;0;0;0,9890696794281085;0;0;0
179000;9,857;-35,0;-1;-1;4026;17433;3223;21255;20689;99321;542;88;13007;0;0,008763135044320679;9,145169281083093E-4;0;0;0,990322348027571;0;0;0
180000;9,902;-38,0;-1;-1;4026;17444;3223;21255;20689;100310;542;88;13007;0;0,008213274218342528;8,593957748133685E-4;0,0704979861810345;0;0,9204293438258095;0;0;0
181500;9,969;-38,0;-1;-1;4026;17455;3223;21352;20689;101702;542;88;13007;0;0,006949860817107153;7,291933733324404E-4;0,058767355798737174;0,10070378328745819;0,8222313293874843;0;0;0,010618477335880836
183000;10,035;-40,0;-1;-1;4026;17463;3223;21451;20840;102925;542;88;13026;7,978593146811188E-4;0,007165632271978286;0;0,059644465426471886;0,10148164605136056;0,8195902499012587;4,0003409191210056E-4;0;0,010920112942337487
185000;10,109;-35,0;-1;-1;4027;17483;3223;21557;21021;104602;542;88;13041;7,873239594617849E-4;0,007049361893616529;0;0,057983429865409004;0;0,9234305682511175;0;0;0,010749316030395268
186500;10,153;-40,0;-1;-1;4028;17493;3223;21652;21021;105984;542;88;13053;7,910053896181035E-4;0,007074661338026441;0;0;0;0,9813515574923112;0;0;0,010782775780044182
188000;10,201;-40,0;-1;-1;4029;17505;3223;21652;21021;107461;542;88;13063;8,208369098899405E-4;0,007330544826272143;0;0;0;0,9806747585912212;0;0;0,01117385967261679
189500;10,244;-36,0;-1;-1;4031;17517;3223;21652;21021;108937;542;88;13073;7,962214663964295E-4;0,007103942753828517;7,538893924007084E-4;0;0;0,98051495884126;0;0;0,010830987546114204
191000;10,294;-38,0;-1;-1;4034;17530;3225;21654;21026;110414;546;91;13088;0,00664600967947259;0,0696325015372014;0,006293020573331527;0;0,8271109482142353;0;0;0;0,09031751999575924
192500;10,341;-31,0;-1;-1;4049;17628;3232;21654;22275;110414;546;91;13219;0,003496530364288058;0,04247343907633964;0,0033241206331193103;0,25757813375464883;0,6913796506865971;0;0,001748125485007032;0;0
194000;10,385;-34,0;-1;-1;4059;17698;3237;22001;23341;110414;548;91;13219;0,009691922350312188;0,048507422712362316;0,0038244152765366884;0;0,9359763994856882;0;0,0019998401751005397;0;0
195500;10,428;-35,0;-1;-1;4100;17782;3244;22001;24709;110414;548;91;13219;0,02184859982011965;0,05365822139386304;0,004263815620588528;0;0,9202293631654287;0;0;0;0
197000;10,473;-36,0;-1;-1;4140;17841;3253;22001;26101;110414;548;91;13219;0,005820745962464217;0,007873629901766804;6,277364546364433E-4;0;0,17640631592037276;0,8092715717607597;0;0;0
198500;10,538;-40,0;-1;-1;4152;17851;3253;22001;26385;111608;548;91;13219;0,005863620502210203;0,007987059723390168;0;0;0,17258384258059492;0,8029804716146538;0;0;0,01058500557915089
200000;10,603;-40,0;-1;-1;4164;17866;3253;22001;26672;112773;548;91;13240;0,007290321577906819;0,00999040804132882;0;0;0;0,9694998164623303;0;0;0,01321945391843404
201500;10,671;-33,0;-1;-1;4173;17882;3253;22001;26672;114235;548;91;13253;0,006802325585988752;0,00934915604991719;0;0,056804346199385694;0;0,9142694432650208;3,978239847133062E-4;0;0,012376904914974203
203000;10,712;-36,0;-1;-1;4180;17891;3253;22082;26672;115620;548;91;13271;0,006873396786540723;0,009461854102698992;0;0,05706458812485673;0;0,9140920184050995;0;0;0,012508142580804163
204500;10,755;-39,0;-1;-1;4187;17900;3253;22160;26672;117006;548;91;13291;0,07955483315917297;0,10976164113816271;0,008866258741971911;0,6569839354894166;0;0;0;0;0,1448333314712757
206000;11,08;-39,0;-1;-1;4317;18090;3265;23104;26672;117006;548;91;13515;0,027593944731811416;0,04014878913393005;0,0033424718561506045;0;0,8764249552688796;0;0;0;0,052489839009228274
207500;11,395;-39,0;-1;-1;4377;18148;3278;23109;27984;117007;552;94;13588;0,032267718067656014;0;0,004041727704107973;0;0,9006794247880257;0;0;0;0,0630111294402104
209000;11,465;-31,0;-1;-1;4429;18148;3284;23109;29339;117007;552;94;13675;0,02935575357092382;0;0,003799487460208974;0;0,899460837037048;0;0;0;0,06738392193181911
210500;11,541;-31,0;-1;-1;4488;18148;3290;23109;30663;117007;552;94;13786;0,005165558880583108;0;6,95380771793305E-4;0;0,13820325957827045;0,8434716396639745;3,7337612099466863E-4;0;0,01209078498438402
212000;11,612;-43,0;-1;-1;4498;18148;3290;23109;30883;118261;552;94;13802;0,004580837966050288;0;0;0,0402962852199933;0,13099110230565736;0,8133711207411443;0;0;0,010760653767154757
213500;11,682;-35,0;-1;-1;4505;18148;3290;23181;31071;119483;552;94;13813;0,004464881082910744;0,0073715449482176666;0;0;0,130806168809211;0,8468391793218304;0;0;0,010518225837830282
215000;11,75;-38,0;-1;-1;4514;18157;3290;23181;31266;120749;552;94;13834;0,005200968110261593;0,008624844905927418;0;0;0;0,9739027782358592;0;0;0,012271408747951596
216500;11,821;-42,0;-1;-1;4519;18174;3290;23181;31266;122207;552;94;13854;0,005321568316436075;0,008825251664813268;0;0;0;0,9733096269928015;0;0;0,012543553025949176
218000;11,894;-36,0;-1;-1;4525;18186;3290;23181;31266;123672;552;94;13871;0,005246679370137391;0,008530457392747959;7,266387631273799E-4;0;0;0,9731240519832361;0;0;0,012372172490751246
219500;11,963;-37,0;-1;-1;4533;18196;3291;23181;31266;125126;552;94;13898;0,19501379291026608;0,3182198569142696;0,02714487200300827;0;0;0;0;0;0,4596214781724559
221000;12,028;-34,0;-1;-1;4803;18761;3367;23181;31266;125126;552;94;14487;0,03093517259169373;0,09072310895585127;0,008698452612419454;0,1910557983883993;0,6256781315752646;0;0,0016055892983472637;0;0,05130374657802419
223000;12,114;-38,0;-1;-1;4865;18959;3378;23569;32496;125126;556;94;14594;0,04338261609304898;0;0,012564579631546863;0;0,8685538890942519;0;0,0022960318043581647;0;0,07320288337679415
224500;12,182;-20,0;-1;-1;4935;18962;3404;23574;33789;125128;566;96;14711;0,04056179857139745;0;0,012018270140237486;0;0,947419931288365;0;0;0;0
225500;12,223;-31,0;-1;-1;4977;18962;3418;23574;34733;125128;566;96;14711;0,006023785134242921;0;0,0018082663273747688;0;0,15890777347697665;0,8332601750614057;0;0;0
227000;12,278;-43,0;-1;-1;4984;18962;3424;23574;34973;126375;566;96;14711;0,005936457188716898;0;0,0017806359699811451;0;0,15383009907106257;0,8384528077702394;0;0;0
228500;12,321;-43,0;-1;-1;4998;18962;3426;23574;35205;127627;566;96;14711;0,005925944819677875;0,018777433312404994;0,0017869111123615332;0;0,15194521601390876;0,8215644947416468;0;0;0
230000;12,382;-36,0;-1;-1;5004;18995;3428;23574;35431;128860;566;96;14711;0,006653017417522131;0,02102225633220734;0,0020094654735080845;0;0;0,9580444401634258;3,682390066393173E-4;0;0,011902581606697174
231500;12,445;-36,0;-1;-1;5015;19022;3431;23574;35431;130304;567;96;14725;0,006182060283936467;0;0,0018753251074000543;0,040840298883166204;0;0,9396505356077764;3,4332497586530143E-4;0;0,011108455141855513
233000;12,499;-29,0;-1;-1;5021;19022;3435;23648;35431;131711;567;96;14734;0,005804751834382461;0;0,0017607439930963913;0,038089777556723055;0;0,9439005704169613;0;0;0,010444156198836856
234500;12,554;-32,0;-1;-1;5032;19022;3436;23702;35431;133131;567;96;14748;0,005732951922405443;0;0,0017477840139916408;0;0;0,9821708073502863;0;0;0,01034845671331666
236000;12,603;-32,0;-1;-1;5039;19022;3437;23702;35431;134609;567;96;14762;0,00474953492579568;0;0,0014519546724348898;0;0,12172871503176165;0,8634880799554331;0;0;0,008581715414574621
237500;12,646;-26,0;-1;-1;5043;19022;3442;23702;35586;135938;567;96;14769;0,004722575182358768;0,015147754073596767;0,0014417362530401011;0;0;0,9701497883624723;0;0;0,008538146128531966
239000;12,689;-36,0;-1;-1;5051;19045;3444;23702;35586;137398;567;96;14776;0,004650387610916872;0,014917701267381251;0,0014229313559661644;0;0;0,9787461080600647;2,62871705671075E-4;0;0
240500;12,74;-36,0;-1;-1;5063;19080;3451;23704;35589;138860;567;98;14781;0,004341722022042448;0,013932482837885164;0,0013306122354573065;0,02884608373312966;0;0,9515490991714854;0;0;0
242000;12,803;-38,0;-1;-1;5072;19094;3453;23745;35589;140294;567;98;14781;0,08957568833326301;0,28822965463049083;0,027565616984152427;0,5946290400520938;0;0;0;0;0
243500;12,862;-38,0;-1;-1;5192;19553;3493;24626;35589;140294;567;98;14781;0,09318048060432754;0,2959416449622041;0,02962966500603673;0,5812482094274316;0;0;0;0;0
245000;12,921;-39,0;-1;-1;5494;19951;3532;25387;35589;140294;567;98;14781;0,08644502157907913;0,10439976276373884;0,015174021158286645;0,1709149258820964;0,5830815348802761;0;0;0;0,039984733736522816
246500;12,978;-39,0;-1;-1;5640;20110;3555;25659;36430;140294;567;98;14840;0,08906772935381442;0,11246074105299785;0,016504561141578857;0,18265857392146156;0,5993083945301473;0;0;0;0
248000;13,034;-29,0;-1;-1;5779;20274;3580;25943;37318;140294;567;98;14840;0,01855978830656297;0;0,0026338060835377004;0,033253504496837866;0,10812700151984166;0,8372010876788678;2,248119143520163E-4;0;0
249500;13,083;-37,0;-1;-1;5802;20274;3587;25991;37499;141534;568;98;14840;0,020530261034727205;0;0,002929874751801025;0,036987613672091114;0;0,9393014660825169;2,507844588639853E-4;0;0
251000;13,128;-39,0;-1;-1;5832;20274;3589;26055;37499;142937;569;98;14840;0,3383713708187079;0;0,04878968046164805;0,612838948719644;0;0;0;0;0
252000;13,158;-19,0;-1;-1;6180;20274;3637;26659;37499;142937;569;98;14840;0,3074998659774966;0;0,04929008359922346;0,6432100504232798;0;0;0;0;0
253000;13,185;-25,0;-1;-1;6521;20274;3678;27277;37499;142937;569;98;14840;0,2375548506889915;0,24710875864161513;0,03130117724991415;0,3946259792167609;0;0;0;0;0,08940923420271832
254500;13,233;-27,0;-1;-1;6862;20677;3737;27824;37499;142937;569;98;14990;0,1098975475187581;0,12236726189084332;0,015780053484730223;0;0,6997884042917525;0;0;0;0,05216673281391587
256000;13,31;-35,0;-1;-1;7074;20891;3761;27826;38488;142939;574;102;15067;0,022628818624348842;0,022552773632589982;0,0026897593431882165;0;0;0,9429599971729827;2,5121231929963497E-4;0;0,008917438907590473
257500;13,374;-36,0;-1;-1;7108;20929;3762;27826;38488;144353;574;102;15080;0,022932397637376714;0,023071065032608726;0,002768934419906192;0;0;0,9420657937783219;0;0;0,009161809131786483
259000;13,437;-36,0;-1;-1;7143;20956;3767;27826;38488;145774;574;102;15092;0,023923444469137446;0;0,0029251469049030162;0;0;0,9634579195236479;0;0;0,009693489102311702
260500;13,502;-38,0;-1;-1;7176;20956;3772;27826;38488;147220;574;102;15108;0,023383658156057478;0;0,0028951866555520763;0,03680865185298859;0;0,9273094809133613;0;0;0,009603022422040551
262000;13,565;-38,0;-1;-1;7220;20956;3776;27883;38488;148591;574;102;15132;0,024576698890486436;0;0,0030998607248674333;0;0;0,9620633739332862;0;0;0,0102600664513599
263500;13,655;-38,0;-1;-1;7244;20956;3783;27883;38488;150046;574;102;15146;0,022253751172222443;0;0,002833322016915511;0;0,12701652500616123;0,8384949737615123;0;0;0,009401428043188604
265000;13,725;-38,0;-1;-1;7271;20956;3784;27883;38702;151283;574;102;15167;0,022312685227948218;0,024270656440007376;0,0028783692917585158;0;0,1264032146946327;0,8238608532464631;2,742210991901797E-4;0;0
266500;13,798;-38,0;-1;-1;7298;20996;3788;27883;38886;152527;575;102;15167;0,02415689576258523;0,026395915361236786;0,0031468740158309702;0;0;0,9460012511740415;2,990636863054243E-4;0;0
268000;13,882;-34,0;-1;-1;7338;21038;3790;27883;38886;153942;576;102;15167;0;0,026489232843225675;0,0031830823013318113;0;0;0,9703276848554425;0;0;0
269000;13,936;-38,0;-1;-1;7338;21058;3795;27883;38886;154917;576;102;15167;0;0,025654103079289312;0,003085033339725099;0,03959138257760467;0;0,931669481003381;0;0;0
270500;14,019;-40,0;-1;-1;7338;21092;3798;27948;38886;156315;576;102;15167;0;0,024135991744846687;0,0029167442026757037;0,037101420449234576;0;0,9260933179119325;0;0;0,009752525691310597
272000;14,178;-41,0;-1;-1;7339;21137;3808;27998;38889;157713;577;103;15190;0;0,11776205719025597;0,014193287107954615;0,1809464535702705;0,6393091677107929;0;0;0;0,04778903442072599
273500;14,256;-36,0;-1;-1;7339;21295;3835;28232;39915;157713;577;103;15245;0,08975448771705377;0;0,01212548830192556;0,1622023988006032;0,6935069093830347;0;0,0011863077208825424;0;0,04122440807650018
275000;14,334;-25,0;-1;-1;7457;21295;3859;28467;40982;157713;578;103;15300;0,0878489973313272;0;0,025343770380321103;0;0,8432289198805892;0;0,0012293050734853768;0;0,04234900733427702
276500;14,415;-31,0;-1;-1;7595;21295;3898;28467;42246;157713;579;103;15358;0,10751148993476002;0;0,02492201952077103;0;0,8675664905444689;0;0;0;0
277500;14,469;-23,0;-1;-1;7693;21295;3923;28467;43123;157713;579;103;15358;0,020671140444174053;0;0,004920566817283168;0;0,18254370376758974;0,791864588970953;0;0;0
279000;14,55;-33,0;-1;-1;7718;21295;3929;28467;43382;158923;579;103;15358;0,019983345388689247;0,020741973207412782;0,004788906044099591;0;0,17824521116969827;0,7762405641901001;0;0;0
280500;14,623;-38,0;-1;-1;7738;21331;3937;28467;43662;160079;579;103;15358;0,023408836481418782;0,02435647832872585;0,005598225955995548;0,03866788942729066;0;0,9079685698065691;0;0;0
282000;14,711;-39,0;-1;-1;7763;21361;3947;28527;43662;161454;579;103;15358;0,2283315412680014;0,23892608423555817;0,0544113966344035;0,3771591006387352;0;0;0,0028830604213783786;0;0,09828881680192333
283500;14,779;-35,0;-1;-1;8057;21732;4032;29140;43662;161454;582;103;15492;0;0,32727986899637623;0,08458899596033108;0,4837517371513942;0;0;0,00266995216159499;0;0,10170944573030341
285000;14,854;-35,0;-1;-1;8057;22213;4167;29868;43662;161454;583;103;15647;0;0,367726904179077;0,09449091571805841;0,5377821801028646;0;0;0;0;0
286000;14,898;-32,0;-1;-1;8057;22496;4397;30355;43662;161454;583;103;15647;0;0,11014946420590795;0,11590168477734919;0,19849186965985807;0,5754569813568847;0;0;0;0
287500;14,978;-39,0;-1;-1;8060;22651;4602;30651;44524;161458;585;104;15652;0;0,03352135507483166;0,0411020962966455;0,055553466618903306;0,16785491222229962;0,70196816978732;0;0;0
289000;15,06;-40,0;-1;-1;8060;22700;4665;30727;44789;162505;585;104;15652;0,06698126082805646;0,10657568866545035;0,12523217513651885;0,1765587055585521;0,5246521698114224;0;0;0;0
290500;15,137;-40,0;-1;-1;8168;22885;4840;30997;45551;162505;585;104;15652;0;0,11457995133034356;0,12130771402948044;0,1887609361836842;0,5438893838925367;0;8,232461912969479E-4;0;0,030638768372658293
292000;15,218;-31,0;-1;-1;8168;23059;5028;31301;46349;162505;585;104;15688;0;0,0893255262416928;0,2602979365168355;0,1524056829922078;0,4735634933973567;0;0;0;0,024407360851907194
293500;15,307;-37,0;-1;-1;8168;23197;5405;31561;47036;162505;585;104;15726;0;0,20664210869614655;0,3977379745286392;0,3424137915145574;0;0;0;0;0,053206125260656975
295000;15,382;-37,0;-1;-1;8168;23527;5952;32100;47036;162505;585;104;15810;0;0,2278100908240792;0,33665667450468967;0,37398784120362244;0;0;0;0;0,061545393467608615
296500;15,452;-37,0;-1;-1;8168;23885;6402;32703;47036;162505;585;104;15899;0;0,035430291860960736;0,043519646546036385;0,05815196726324179;0;0,8528009291123255;0;0;0,010097165217435537
298000;15,514;-41,0;-1;-1;8168;23926;6471;32784;47036;163796;585;104;15917;0,14607297417342602;0,2073119687236884;0,24808986508976472;0,33927546416760124;0;0;0;0;0,05924972784551965
299500;15,574;-25,0;-1;-1;8404;24244;6832;33281;47036;163796;585;104;16005;0,08911263542927855;0,13219457249829045;0,14384419276085794;0;0,5986803552842189;0;9,052273256010451E-4;0;0,03526301670175304
301000;15,633;-33,0;-1;-1;8536;24445;7020;33281;47965;163796;585;104;16055;0,085090030901925;0,138508170239943;0,13354832726568916;0;0,6078203511441793;0;0;0;0,03503312044826349
302500;15,692;-21,0;-1;-1;8653;24661;7199;33281;48885;163796;585;104;16123;0,10744421147703817;0;0,1324366842647196;0;0,7231964384591545;0;0;0;0,03692266579908786
304000;15,759;-35,0;-1;-1;8799;24667;7369;33287;50029;163796;586;109;16174;0,10017628391843808;0;0,12191807531049566;0;0,7418836821909489;0;0;0;0,03602195858011727
305500;15,821;-29,0;-1;-1;8925;24667;7580;33287;51134;163796;586;109;16232;0,07103804957453964;0;0,10404605914854723;0,14190752231735346;0,6564940243079537;0;0;0;0,02651434465160596
307000;15,885;-33,0;-1;-1;9024;24667;7729;33491;52150;163796;586;109;16264;0,022621154164428517;0;0,03235210385538337;0;0,2550330730944799;0,6812773216054813;0;0;0,008716347280226938
308500;15,947;-36,0;-1;-1;9060;24667;7773;33491;52529;164820;586;109;16281;0,02146771433545365;0,03342336147099491;0;0;0,25436086845603273;0,6823833301239094;0;0;0,008364725613609297
310000;16,007;-31,0;-1;-1;9094;24725;7773;33491;52880;165864;586;109;16294;0,02047392376836899;0;0;0;0,2651960561324222;0,7060563952706744;2,1769915460710643E-4;0;0,008055925673927515
311500;16,067;-38,0;-1;-1;9118;24725;7773;33491;53282;166925;586;109;16307;0,019295574473845584;0;0;0;0,26563590638545903;0,7074287872871325;0;0;0,007639731853562857
313000;16,144;-33,0;-1;-1;9149;24725;7773;33491;53674;167985;586;109;16324;0,0177285366589336;0;0;0;0,26688447774309926;0,7083097004134227;0;0;0,0070772851845445775
314500;16,21;-34,0;-1;-1;9179;24725;7773;33491;54072;169050;586;109;16331;0,015677659598650525;0;0,02332934373352538;0,03369604065647255;0,25029264068465495;0,6706786279038606;0;0;0,006325687422836077
316000;16,272;-28,0;-1;-1;9214;24725;7809;33538;54442;170056;586;109;16337;0,01565786165664983;0;0,02876248629584545;0;0,25640686568530596;0,6927808215409638;0;0;0,00639196482123487
317500;16,337;-36,0;-1;-1;9234;24725;7851;33538;54840;171088;586;109;16345;0,02029328081078158;0,03341811280190285;0,0369332166499402;0;0;0,9010170864824905;0;0;0,008338303254884919
319000;16,4;-33,0;-1;-1;9268;24774;7897;33538;54840;172453;586;109;16351;0,020587615405466324;0;0,03724134910936954;0;0;0,9336138190733186;0;0;0,008557216411845524
320500;16,489;-36,0;-1;-1;9311;24775;7936;33543;54847;173867;586;114;16371;0,020721362941262176;0;0,037523761685847506;0;0;0,9330364072353254;0;0;0,008718468137564927
322000;16,556;-37,0;-1;-1;9340;24775;7997;33543;54847;175269;586;114;16379;0,02019091031507483;0;0,04409462699178679;0;0;0,9269090628046439;2,359262905942442E-4;0;0,008569473597900149
323500;16,619;-38,0;-1;-1;9365;24775;8047;33543;54847;176682;586;114;16391;0,015237795371982932;0;0,03293320890826085;0;0,25653654394378145;0,6887788587113246;0;0;0,0065135930646500135
325000;16,732;-35,0;-1;-1;9397;24775;8089;33543;55252;177693;586;114;16401;0,014604796284739437;0;0,03141224738364109;0,033838584722138694;0,24615693056052995;0,6739874410489508;0;0;0
326500;16,811;-36,0;-1;-1;9416;24775;8132;33591;55625;178710;586;114;16401;0,01869219756038118;0;0,03983588446439324;0,04339343858808229;0;0,8980784793871432;0;0;0
328000;16,894;-28,0;-1;-1;9446;24775;8187;33670;55625;180046;586;114;16401;0,01781606569087497;0,03147657516760151;0,050209922200356985;0,041462237711070146;0;0,8590351992300964;0;0;0
329500;17,005;-19,0;-1;-1;9469;24828;8265;33729;55625;181333;586;114;16401;0,018778310133497914;0,033175718743161116;0;0,04617084107665469;0;0,9018751300466862;0;0;0
331000;17,066;-33,0;-1;-1;9496;24880;8265;33789;55625;182694;586;114;16401;0,01826394106225172;0,032334403992180655;0;0,04505644090590021;0;0,8964313043617896;0;0;0,007913909677877915
332500;17,128;-35,0;-1;-1;9521;24924;8265;33865;55625;184036;586;114;16414;0,043087278750035256;0,07653861043623408;0;0,1064320206359738;0,7551308851492374;0;0;0;0,018811205028519525
334000;17,191;-30,0;-1;-1;9587;25021;8265;34025;56786;184036;586;114;16430;0,05353023112533089;0;0;0,11467524301674677;0,8122804677900588;0;0;0;0,019514058067863594
335500;17,245;-20,0;-1;-1;9654;25021;8265;34190;58017;184036;586;114;16467;0,04597329461143315;0;0,1105616087927615;0,09899844206142296;0,7274609220268966;0;0;0;0,01700573250748571
337000;17,305;-34,0;-1;-1;9720;25025;8403;34344;59149;184039;589;117;16490;0,048818668095816614;0;0;0,11147393965570272;0,8213298746321208;0;0;0;0,01837751761635985
338500;17,369;-34,0;-1;-1;9813;25025;8403;34511;60360;184039;589;117;16519;0,022029013266787148;0;0;0,038903325298560165;0,27049932959182466;0,6626992511256536;0;0;0,005869080717174356
340000;17,437;-34,0;-1;-1;9849;25025;8403;34567;60754;185045;589;117;16527;0,021712354547526062;0,0239324639533923;0;0;0,2722024054291393;0,676296272047605;0;0;0,005856504022337247
341500;17,51;-37,0;-1;-1;9884;25061;8403;34567;61151;186069;589;117;16535;0,029894876524367394;0;0;0;0,27628929198008084;0,6880043229677592;0;0;0,005811508527792671
343000;17,58;-39,0;-1;-1;9932;25061;8403;34567;61561;187103;589;117;16543;0,02984265086846248;0;0;0;0,27380768269190664;0,6904429836928087;0;0;0,005906682746822227
344500;17,653;-31,0;-1;-1;9976;25061;8403;34567;61986;188125;589;117;16552;0,02784675183796378;0;0,03539389587346024;0;0,26521218780112465;0,6659406454387691;0;0;0,00560651904868228
346000;17,718;-30,0;-1;-1;10023;25061;8449;34567;62367;189141;589;117;16562;0,03488658748691293;0;0,04428659023884526;0,04732558433428574;0;0,8663713669076545;0;0;0,007129871032301616
347500;17,775;-30,0;-1;-1;10074;25061;8524;34636;62367;190436;589;117;16572;0,035228247356557225;0;0;0,048248198446708766;0;0,9092180894571154;0;0;0,007305464739618837
349000;17,843;-33,0;-1;-1;10125;25061;8524;34690;62367;191815;589;117;16588;0,03406929651101628;0,029487000669778253;0;0,04727380978394635;0;0,8819880613019788;0;0;0,007181831733280417
350500;17,91;-36,0;-1;-1;10177;25112;8524;34764;62367;193130;589;117;16596;0,28642609975975025;0,2505846454038657;0;0,40154535647073947;0;0;0;0;0,06144389836564461
352000;17,978;-28,0;-1;-1;10600;25474;8524;35381;62367;193130;589;117;16694;0,0837788722933345;0,07226458941950473;0;0,10737806981050754;0,7197459044628521;0;0;0;0,01683256401380118
353500;18,047;-29,0;-1;-1;10730;25597;8529;35537;63442;193135;592;121;16730;0,21961837013266552;0,19389555559227264;0,25233231608680645;0,2885028337214277;0;0;0;0;0,04565092446682774
355000;18,113;-29,0;-1;-1;11065;25911;8912;35949;63442;193135;592;121;16786;0,22432574645365438;0,2113896428447309;0,24903080296042163;0,3152538077411931;0;0;0;0;0
356500;18,177;-31,0;-1;-1;11425;26167;9393;36352;63442;193135;592;121;16786;0,04947444901729613;0,03066084142888234;0,06562915595255654;0,04898034660084172;0;0,8052552070004232;0;0;0
358000;18,243;-38,0;-1;-1;11508;26218;9488;36423;63442;194335;592;121;16786;0,052195404110496973;0,03296262523912542;0;0,05264769698239376;0;0,8621942736679838;0;0;0
359500;18,309;-38,0;-1;-1;11588;26272;9488;36498;63442;195626;592;121;16786;0,04939773871137429;0,033883787484635934;0;0,0506776812755297;0;0,86604079252846;0;0;0
361000;18,378;-40,0;-1;-1;11658;26326;9488;36574;63442;196926;592;121;16786;0,037015720719285494;0,025763435799291044;0;0,038517706683691026;0,24386536426502384;0,6489804904429096;0;0;0,005857282089798917
362500;18,448;-27,0;-1;-1;11719;26368;9488;36635;63800;197888;592;121;16802;0;0,025760081824423343;0;0,038513277814848396;0,24767261499306298;0,6821761582519644;0;0;0,005877867115700719
364000;18,514;-39,0;-1;-1;11719;26406;9488;36691;64150;198936;592;121;16810;0;0,031489514484049096;0,06328210721039494;0,04705886996241949;0;0,8509537312999457;0;0;0,007215777043190804
365500;18,582;-42,0;-1;-1;11719;26452;9598;36767;64150;200194;592;121;16820;0;0,03144566735164115;0,07048948504851883;0;0;0,890820859122678;0;0;0,007243988477161937
367000;18,652;-31,0;-1;-1;11719;26503;9699;36767;64150;201534;592;121;16828;0;0,031414656623005494;0,06830462849450387;0;0;0,8929981175882108;0;0;0,007282597294279896
368500;18,721;-42,0;-1;-1;11719;26546;9804;36767;64150;202879;592;121;16835;0,043070704998081945;0,029580831088515197;0,07144762568616911;0;0;0,8490080790117635;0;0;0,0068927592154703395
370000;18,799;-37,0;-1;-1;11785;26595;9916;36768;64152;204152;597;124;16857;0,03897830812651207;0,023877979566373574;0;0;0,23256083158705687;0,6989981697591046;0;0;0,005584710960952906
371500;18,868;-32,0;-1;-1;11828;26635;9916;36768;64529;205184;597;124;16865;0,04730679144232255;0,029209216562768058;0;0,044837395433936306;0;0,8717831683842924;0;0;0,006863428176680769
373000;18,94;-40,0;-1;-1;11902;26685;9916;36843;64529;206476;597;124;16874;0;0,030445075386668425;0;0,04669623610869017;0;0,9156584112230758;0;0;0,00720027728156559
374500;19,013;-41,0;-1;-1;11902;26732;9916;36923;64529;207842;597;124;16881;0;0,030936018625179282;0;0,04734960697625543;0;0,9143541301820597;0;0;0,00736024421650557
376000;19,084;-39,0;-1;-1;11902;26782;9916;36995;64529;209207;597;124;16894;0;0,027942022652404544;0,067128092388707;0,04274639790686857;0;0,8555003669185831;0;0;0,006683120133436739
377500;19,153;-41,0;-1;-1;11902;26815;10018;37067;64529;210494;597;124;16900;0;0,19361150562662757;0,4505910098981705;0,30930103481772003;0;0;0;0;0,04649644965748191
379000;19,222;-41,0;-1;-1;11902;27112;10670;37535;64529;210494;597;124;16983;0,10037163605115627;0,05910729608108817;0,11442665019587421;0,09370325126654472;0,6177918881073774;0;0;0;0,014599278297959086
380500;19,291;-32,0;-1;-1;12051;27198;10836;37655;65492;210494;597;124;16999;0,11405196205668575;0,06551684787239254;0;0,10191405194789412;0,7031984865118103;0;0;0;0,015318651611217326
382000;19,359;-24,0;-1;-1;12211;27294;10836;37813;66555;210494;597;124;17022;0;0,07646985318865095;0;0,11646481720867861;0,7901234795018168;0;0;0;0,016941850100853705
383500;19,43;-36,0;-1;-1;12211;27411;10836;37981;67745;210494;597;124;17047;0;0,02341086393083697;0;0,038937995447201786;0,2573470871459992;0,6750502449609526;0;0;0,005253808515009553
385000;19,504;-41,0;-1;-1;12211;27460;10836;38035;68089;211540;597;124;17054;0;0,033452032467000424;0;0,052350162456532956;0;0,9070976967052302;0;0;0,007100108371236354
386500;19,582;-42,0;-1;-1;12215;27513;10838;38108;68091;212919;599;127;17061;0;0,031934347413046654;0,05862847930683741;0,04996711001150609;0;0,8526450554877018;0;0;0,00682500778090803
388000;19,657;-42,0;-1;-1;12215;27572;10906;38190;68091;214199;599;127;17072;0,048020026260294335;0,03108589377277619;0,05619106105445945;0,048600225813742584;0;0,8161027930987275;0;0;0
389500;19,726;-42,0;-1;-1;12288;27619;10993;38273;68091;215409;599;127;17072;0,050822770662811635;0,03342057564882219;0;0,05215013957811792;0;0,8636065141102482;0;0;0
391000;19,795;-36,0;-1;-1;12360;27666;10993;38346;68091;216717;599;127;17072;0,03629380193906764;0,024241980235266847;0;0,03779150892541023;0,25451412443191873;0,6471585844683366;0;0;0
392500;19,864;-32,0;-1;-1;12433;27706;10993;38395;68460;217686;599;127;17072;0;0,024761314923577464;0;0,04034191679837306;0,26330888271874087;0,6715878855593087;0;0;0
394000;19,934;-41,0;-1;-1;12433;27745;10993;38446;68859;218697;599;127;17072;0;0,024485977559730095;0;0,03990602603982067;0,2631168775825484;0,667083131260954;0;0;0,005407987556946863
395500;20,001;-43,0;-1;-1;12433;27778;10993;38505;69245;219713;599;127;17078;0;0,023472773101106195;0,04247478463730022;0;0,254994692141386;0,6738546916528049;0;0;0,005203058467402746
397000;20,072;-37,0;-1;-1;12433;27818;11045;38505;69642;220718;599;127;17084;0;0,03310927372363507;0,05570967941860602;0;0;0,9042447988465419;0;0;0,006936248011217066
398500;20,141;-38,0;-1;-1;12433;27877;11139;38505;69642;222052;599;127;17097;0,045435151730524474;0,0319866401334546;0,05266189463579882;0;0;0,8631731035680741;0;0;0,006743209932148212
400000;20,211;-29,0;-1;-1;12509;27939;11210;38505;69642;223332;599;127;17108;0,05227937558159119;0,035161257519425025;0;0;0;0,9055351101762835;0;0;0,007024256722700388
401500;20,28;-37,0;-1;-1;12565;27995;11210;38505;69642;224715;599;127;17113;0,049251701875639646;0,03341973559032415;0;0,0496777902715081;0;0,8609252531576331;0;0;0,00672551910489507
403000;20,37;-37,0;-1;-1;12628;28037;11213;38575;69646;226044;601;131;17125;0,0368534901091595;0,026909850949618716;0;0;0,2505838966406888;0,6805306509727598;0;0;0,0051221113277732854
404500;20,445;-36,0;-1;-1;12678;28068;11213;38575;70030;227072;601;131;17132;0,04731711685942959;0,03492834932222251;0;0;0;0,9110839109250094;0;0;0,006670622893338329
406000;20,514;-32,0;-1;-1;12748;28114;11213;38575;70030;228446;601;131;17142;0,04394625448124436;0,032923683447489936;0,04774068509893851;0;0;0,8690709647360957;0;0;0,006318412236231459
407500;20,593;-34,0;-1;-1;12822;28155;11283;38575;70030;229749;601;131;17154;0,360283138079344;0,24428288961850533;0,3486115504052535;0;0;0;0;0;0,046822421896897205
409000;20,661;-32,0;-1;-1;13348;28504;11854;38575;70030;229749;601;131;17208;0,3953382350297711;0,21565859433140472;0,3508088828377617;0;0;0;0;0;0,03819428780106254
410500;20,729;-21,0;-1;-1;13953;28817;12377;38575;70030;229749;601;131;17267;0,31149095593669773;0,15685978178433915;0,2858247070139365;0,21717754112471177;0;0;0;0;0,028647014140314776
412000;20,795;-25,0;-1;-1;14461;29067;12744;38889;70030;229749;601;131;17328;0,15324578812304399;0,07037346679196961;0;0,09754349351024856;0,6640877861275806;0;0;0;0,014749465447157283
413500;20,864;-30,0;-1;-1;14691;29173;12744;39048;71001;229749;601;131;17362;0,06683730322308673;0,03210750721698332;0;0,0444432222591117;0;0,8498260216214432;0;0;0,00678594567937513
415000;20,917;-36,0;-1;-1;14778;29223;12744;39119;71001;231032;601;131;17371;0;0,034356631207815166;0;0,047563346142754946;0;0,9107866839349349;0;0;0,007293338714494949
416500;20,96;-42,0;-1;-1;14778;29282;12744;39187;71001;232395;601;131;17381;0;0,034240944218406656;0;0,04745246743376311;0;0,9110064869110188;0;0;0,007300101436811337
418000;21,013;-42,0;-1;-1;14778;29335;12744;39256;71001;233761;601;131;17393;0;0,03264997055827222;0,05736881878204336;0,04525740700011468;0;0,8577367112229419;0;0;0,006987092436627768
419500;21,091;-35,0;-1;-1;14780;29383;12850;39331;71007;235037;605;133;17403;0;0,033434608044631726;0,06404628617481102;0;0;0,8953278896685144;0;0;0,007191216112042928
421000;21,165;-42,0;-1;-1;14780;29429;12946;39331;71007;236388;605;133;17410;0,06591913766816909;0,03130363540704956;0,05872916736870526;0;0;0,8372772247286713;0;0;0,006770834827404781
422500;21,237;-42,0;-1;-1;14887;29480;13029;39331;71007;237639;605;133;17418;0,052549301821969985;0,025521252733933936;0;0;0,24364645719261704;0,672728567461074;0;0;0,005554420790405036
424000;21,306;-28,0;-1;-1;14966;29516;13029;39331;71351;238670;605;133;17428;0,06729444987568806;0,03319513541699924;0;0;0;0,892262673376716;0;0;0,00724774133059669
425500;21,376;-31,0;-1;-1;15069;29566;13029;39331;71351;240002;605;133;17443;0,06370581278664994;0,03206993938301905;0;0,04560361091975427;0;0,8515870951567819;0;0;0,0070335417537949136
427000;21,451;-36,0;-1;-1;15157;29603;13029;39407;71351;241286;605;133;17458;0;0,03404220189385513;0;0,05036511936811685;0;0,9081085061493831;0;0;0,00748417258864502
428500;21,523;-37,0;-1;-1;15157;29660;13029;39485;71351;242640;605;133;17469;0;0,03231874751138061;0,06121449582529277;0,049892946266874856;0;0,8494218180633667;0;0;0,007151992333085118
430000;21,596;-32,0;-1;-1;15157;29708;13126;39550;71351;243918;605;133;17481;0;0,033653343235286876;0;0,05646924602299306;0;0,9015010344345166;0;0;0,008376376307203469
431500;21,669;-36,0;-1;-1;15157;29750;13126;39630;71351;245286;605;133;17491;0;0,033804601497782416;0;0,056562855414667185;0;0,9011848538736779;0;0;0,008447689213872596
433000;21,743;-38,0;-1;-1;15157;29806;13126;39711;71351;246633;605;133;17507;0,06417088723496114;0,03197910637939484;0;0,05346993886426532;0;0,8423474224788614;0;0;0,008032645042517422
434500;21,817;-22,0;-1;-1;15244;29863;13126;39790;71351;247902;605;133;17515;0;0,025474527971072504;0;0,04257884186314651;0,2553715553416722;0,6701335329078979;0;0;0,006441541916210927
436000;21,892;-36,0;-1;-1;15246;29910;13130;39862;71735;248906;608;135;17523;0;0,03394309161788763;0;0,05668929243779512;0;0,9007397811905284;0;0;0,008627834753788791
437500;21,965;-34,0;-1;-1;15246;29963;13130;39948;71735;250249;608;135;17541;0;0,031360023254910586;0,06022917953712939;0,05228798841556917;0;0,8481166419221783;0;0;0,00800616687021246
439000;22,043;-34,0;-1;-1;15246;30000;13220;40018;71735;251536;608;135;17557;0;0,032673320160804896;0;0,05665595757779914;0;0,902309651268571;0;0;0,008361070992825037
440500;22,112;-37,0;-1;-1;15246;30053;13220;40104;71735;252886;608;135;17568;0;0,03284129735053346;0;0,0568234537062108;0;0,9018904303577059;0;0;0,008444818585549865
442000;22,178;-36,0;-1;-1;15246;30106;13220;40189;71735;254230;608;135;17586;0,06211223962222341;0,03041668098193382;0;0,052560244348054765;0;0,847060345752721;0;0;0,007850489295066907
443500;22,244;-31,0;-1;-1;15329;30152;13220;40274;71735;255507;608;135;17595;0;0,03195816480350227;0;0,055096243067864405;0;0,9046617297940794;0;0;0,008283862334553858
445000;22,31;-41,0;-1;-1;15329;30192;13220;40368;71735;256858;608;135;17610;0;0,03171169765173909;0;0,05445650366036583;0;0,9055916146916466;0;0;0,008240183996248478
446500;22,374;-40,0;-1;-1;15329;30241;13220;40466;71735;258198;608;135;17623;0;0,031024117033696706;0;0,05531661004512653;0;0,9055669128409065;0;0;0,00809236008027019
448000;22,437;-38,0;-1;-1;15329;30285;13220;40565;71735;259549;608;135;17629;0;0,022055249033925788;0,043036845230558965;0,03918092648536648;0,2285502630379349;0,6613977519808422;0;0;0,005778964231371701
449500;22,519;-38,0;-1;-1;15329;30317;13290;40627;72060;260551;608;135;17638;0;0,022515415210126666;0,04331047546594549;0,03993136290286935;0,228548573198148;0,6656941732229106;0;0;0
451000;22,58;-42,0;-1;-1;15329;30353;13353;40689;72399;261551;608;135;17638;0;0,03026697826154393;0,05442539657143427;0,050658396197191424;0;0,8646492289698303;0;0;0
452500;22,644;-44,0;-1;-1;15330;30409;13429;40762;72402;262858;609;138;17642;0,056310134320202876;0,02870456937261989;0,05101697979247161;0,04805215439267819;0;0,8159161621220276;0;0;0
454000;22,692;-20,0;-1;-1;15414;30458;13498;40835;72402;264083;609;138;17642;0;0,030113068476866102;0,059064471951583694;0,05460784232545144;0;0,8562146172460988;0;0;0
455500;22,75;-35,0;-1;-1;15414;30502;13587;40922;72402;265363;609;138;17642;0;0,029632000997645458;0,0572409175883951;0,05359395070354887;0;0,852031720620462;0;0;0,007501410089948523
457000;22,816;-42,0;-1;-1;15414;30553;13684;41004;72402;266623;609;138;17652;0;0,024031031140139724;0;0,04340063473273745;0,23582691129025798;0,6906292308665575;0;0;0,006112191970307291
458500;22,882;-42,0;-1;-1;15414;30599;13684;41071;72788;267618;609;138;17658;0;0,02536186071956997;0;0;0,24535295919958874;0,7228032769204277;0;0;0,006481903160413561
460000;22,948;-37,0;-1;-1;15414;30640;13684;41071;73144;268716;609;138;17663;0;0,025156926666573556;0;0;0,24676150885293316;0,7216225364054404;0;0;0,006459028075052909
461500;23,015;-42,0;-1;-1;15414;30676;13684;41071;73499;269816;609;138;17672;0;0,025239153786181887;0;0;0,24417079766346866;0,7240893666566048;0;0;0,006500681893744462
463000;23,083;-43,0;-1;-1;15414;30713;13684;41071;73871;270894;609;138;17685;0;0,025698692739759683;0,04704649098650746;0;0,23156503623161193;0,6894159095095268;0;0;0,00627387053259417
464500;23,152;-43,0;-1;-1;15414;30751;13759;41071;74216;271929;609;138;17692;0,05725532582398322;0,03008320021659519;0,054240832306275986;0,05235999229290465;0;0,7986888390520334;0;0;0,007371810308207784
466000;23,221;-43,0;-1;-1;15508;30794;13826;41160;74216;273128;609;138;17700;0,0601064793710984;0,032170128680406036;0;0,055805499835821545;0;0,8440008150472637;0;0;0,007917077065410323
467500;23,288;-37,0;-1;-1;15588;30840;13826;41231;74216;274421;609;138;17710;0;0,0333432099633446;0;0,05778601622233771;0;0,9006308359122978;0;0;0,008239937902019928
469000;23,362;-35,0;-1;-1;15590;30895;13830;41323;74220;275779;614;141;17719;0;0,03271820186676243;0;0,056605154613317034;0;0,9025491077292513;0;0;0,008127535790669249
470500;23,429;-36,0;-1;-1;15590;30953;13830;41411;74220;277119;614;141;17733;0;0,027811591172088868;0;0,046608000091222734;0,22704737096517166;0,6923134899489196;0;0;0,006219547822597181
472000;23,49;-40,0;-1;-1;15590;31001;13830;41475;74551;278169;614;141;17740;0;0,07857241348852803;0,12852279305041095;0,13167540441193212;0,6435787717055629;0;0;0;0,017650617343565916
473500;23,543;-36,0;-1;-1;15590;31138;14003;41655;75531;278169;614;141;17770;0,1179314386714874;0,07690710824771417;0;0,13498170463309092;0,6545058134512446;0;0;0;0,015673934996462878
475000;23,598;-39,0;-1;-1;15789;31252;14003;41862;76487;278169;614;141;17794;0,35627161589562895;0,21800329001382224;0;0,3809390026976832;0;0;0;0;0,04478609139286547
476500;23,651;-28,0;-1;-1;16308;31585;14003;42451;76487;278169;614;141;17853;0,37522725640612153;0,20859124177366328;0;0,3766145973877691;0;0;0;0;0,039566904432446044
478000;23,719;-30,0;-1;-1;16858;31917;14003;42994;76487;278169;614;141;17928;0,06147398790301307;0,04108685673182269;0;0,0662881752498676;0;0,8239194752603309;0;0;0,007231504854965584
479500;23,797;-32,0;-1;-1;16944;31981;14003;43090;76487;279411;614;141;17940;0,06397259492758176;0,04327604882211666;0;0;0;0,8850878817756682;0;0;0,0076634744746334315
481000;23,869;-33,0;-1;-1;17045;32043;14003;43090;76487;280733;614;141;17955;0,045936154567781995;0,031567301318871366;0,04101272157956704;0;0,23578532998088125;0,6400773675319886;0;0;0,00562112502090967
482500;23,941;-32,0;-1;-1;17125;32101;14051;43090;76840;281690;614;141;17959;0,0497875664257537;0,0334441717329851;0;0;0,25048300588995315;0,6605778018155728;0;0;0,005707454135735332
484000;24,013;-37,0;-1;-1;17193;32157;14051;43090;77186;282710;614;141;17969;0,06569357329938266;0,0445141543094466;0;0;0;0,8821501061071019;0;0;0,0076421662840688645
485500;24,088;-36,0;-1;-1;17281;32230;14054;43094;77188;284047;619;143;17984;0,05941308749311129;0,04067483102280046;0;0,06441038839157878;0;0,828475861035014;0;0;0,007025832057495353
487000;24,155;-30,0;-1;-1;17361;32292;14054;43189;77188;285302;619;143;17992;0,0663323600430663;0,04436832753473464;0;0;0;0,8819565332806624;0;0;0,007342779141536604
488500;24,222;-32,0;-1;-1;17479;32357;14054;43189;77188;286611;619;143;18000;0,0707599881237853;0,04447094648848514;0;0;0;0,8773623002471577;0;0;0,007406765140571884
490000;24,288;-35,0;-1;-1;17576;32431;14054;43189;77188;287926;619;143;18014;0,052250364795100375;0,03487129675891273;0;0;0,2419724975650977;0,6653369914503312;0;0;0,005568849430557839
491500;24,358;-34,0;-1;-1;17652;32488;14054;43189;77559;288910;619;143;18026;0;0,03452695176331241;0,04037824975933089;0;0,24275610089081606;0,676797543332407;0;0;0,005541154254133504
493000;24,428;-41,0;-1;-1;17652;32534;14117;43189;77917;289934;619;143;18035;0;0,04533236627941642;0,0524515960135633;0;0;0,8949096686403912;0;0;0,0073063690666289975
494500;24,502;-42,0;-1;-1;17652;32609;14196;43189;77917;291268;619;143;18047;0;0,04278406224764143;0,04896165330243246;0,06378558499737007;0;0,8375238917603868;0;0;0,006944807692169328
496000;24,579;-36,0;-1;-1;17652;32662;14267;43279;77917;292542;619;143;18059;0;0,04408381703562996;0;0,07043712185162544;0;0,878290280010938;0;0;0,007188781101806595
497500;24,648;-42,0;-1;-1;17652;32728;14267;43396;77917;293854;619;143;18064;0,06298927480990898;0,041212598932105875;0;0,06563568655873103;0;0,8233937003266973;0;0;0,0067687393725567304
499000;24,716;-24,0;-1;-1;17758;32800;14267;43491;77917;295069;619;143;18076;0;0,03254220947102112;0;0,053666336712308575;0,23310984060355266;0,6753015905958643;0;0;0,005380022617253296
500500;24,801;-39,0;-1;-1;17758;32853;14267;43563;78298;296058;619;143;18081;0;0,0418104704868706;0;0,06892196366666249;0;0,8823168374037907;0;0;0,006950728442676176
502000;24,875;-40,0;-1;-1;17762;32908;14271;43665;78300;297407;622;146;18084;0;0,04016496513656919;0,04676068820303386;0,06604088046982384;0;0,8403144507811572;0;0;0,006719015409415899
503500;24,944;-38,0;-1;-1;17762;32958;14335;43758;78300;298688;622;146;18096;0;0,04179804491992565;0;0,07098877124361172;0;0,8801915776833161;0;0;0,007021606153146447
505000;25,012;-36,0;-1;-1;17762;33012;14335;43866;78300;300014;622;146;18108;0;0,04156244103606392;0;0,07036438235654724;0;0,8810603105758403;0;0;0,007012866031548686
506500;25,082;-39,0;-1;-1;17762;33086;14335;43971;78300;301325;622;146;18118;0,06103200524023116;0,03914755252402727;0;0,06622695947542083;0;0,8269391283585916;0;0;0,006654354401729003
508000;25,157;-30,0;-1;-1;17862;33130;14335;44059;78300;302579;622;146;18132;0;0,031817893828885495;0;0,05366066589630159;0,2322281212398718;0,6768682277621382;0;0;0,005425091272802875
509500;25,225;-37,0;-1;-1;17862;33174;14335;44122;78671;303591;622;146;18142;0;0,04110089426608016;0;0,06927810256893856;0;0,8825870614487404;0;0;0,0070339417162406485
511000;25,292;-38,0;-1;-1;17862;33241;14335;44231;78671;304904;622;146;18153;0;0,0393992858673914;0,046989620411815015;0,066284550695029;0;0,840543556364704;0;0;0,006782986661060482
512500;25,372;-43,0;-1;-1;17862;33305;14401;44332;78671;306168;622;146;18158;0;0,04122842440177255;0;0,06926110809358163;0;0,8823625613013307;0;0;0,007147906203315053
514000;25,445;-43,0;-1;-1;17862;33370;14401;44448;78671;307475;622;146;18170;0;0,041591740664731223;0;0,06965451959629441;0;0,8814988009442288;0;0;0,007254938794745484
515500;25,513;-43,0;-1;-1;17862;33428;14401;44552;78671;308807;622;146;18176;0;0,041963025231342106;0;0,07010050024575011;0;0,8805722703986647;0;0;0,007364204124243012
517000;25,58;-41,0;-1;-1;17862;33494;14401;44669;78671;310115;622;146;18185;0,06201598425307198;0,03875010203890411;0;0,06454309640458919;0;0,827848530040437;0;0;0,006842287262997652
518500;25,66;-42,0;-1;-1;17941;33556;14404;44768;78674;311369;626;153;18203;0,13263950449266718;0,08362399398802134;0;0,13902929741475223;0,6298774704648966;0;0;0;0,01482973363966269
520000;25,727;-42,0;-1;-1;18137;33685;14404;44970;79623;311369;626;153;18227;0,1347057480072316;0,08699907056149593;0;0,14414481762642317;0,6341503638048492;0;0;0;0
521500;25,793;-30,0;-1;-1;18363;33789;14404;45171;80592;311369;626;153;18227;0,1408140697401976;0,07469185508399762;0,08776415455188455;0,12310893332077992;0,5736209873031404;0;0;0;0
523000;25,861;-25,0;-1;-1;18558;33902;14540;45366;81453;311369;626;153;18227;0;0,08323957033465323;0,09582583196263038;0,1366628364197069;0,6842717612830095;0;0;0;0
524500;25,931;-36,0;-1;-1;18558;34038;14675;45548;82500;311369;626;153;18227;0;0,03176796398247431;0,03271664108839772;0,047440334934136325;0,24055124012580797;0,6475238198691837;0;0;0
526000;26,002;-40,0;-1;-1;18558;34095;14735;45599;82859;312342;626;153;18227;0;0,043378993089388175;0,04230694096977837;0,061965484450718936;0;0,8452662746689898;0;0;0,0070823068211246926
527500;26,074;-41,0;-1;-1;18558;34139;14802;45695;82859;313625;626;153;18237;0;0,2815603934595188;0,27149638219128186;0,40079561809149306;0;0;0;0;0,04614760625770628
529000;26,138;-41,0;-1;-1;18558;34565;15201;46302;82859;313625;626;153;18305;0,3286145247212944;0,1913699653585887;0,17642442476609616;0,27112974252793315;0;0;0;0;0,03246134262608755
530500;26,207;-26,0;-1;-1;19032;34870;15467;46699;82859;313625;626;153;18363;0,37658633468102576;0,24802370906801796;0;0,3287065236082215;0;0;0;0;0,04668343264273472
532000;26,277;-34,0;-1;-1;19582;35245;15467;47192;82859;313625;626;153;18445;0,15392958230567655;0,0915850228918916;0;0,11600795374134676;0,6215368848716786;0;0;0;0,016940556189406562
533500;26,345;-34,0;-1;-1;19845;35363;15467;47356;83787;313625;626;153;18472;0,05821806439075662;0,035914926514749916;0;0;0,23654154848775402;0,6626278784922119;0;0;0,006697582114527405
535000;26,42;-16,0;-1;-1;19962;35405;15474;47359;84157;314595;626;155;18485;0,062646244499228;0;0;0;0,24460132481507837;0,6858811940570099;0;0;0,006871236628683862
536500;26,498;-33,0;-1;-1;20073;35405;15475;47360;84541;315620;629;155;18491;0,06388958367118908;0;0,028458159205289872;0;0,23435038793813662;0,6666074693733193;0;0;0,006694399812065097
538000;26,573;-31,0;-1;-1;20170;35405;15511;47360;84891;316627;629;155;18501;0;0;0,029395405601364895;0;0,25148530951340803;0,7121545301613548;0;0;0,006964754723872424
539500;26,649;-40,0;-1;-1;20171;35408;15544;47362;85287;317714;630;156;18509;0;0;0,027432507959017846;0,04464832255237269;0,243102697361608;0,6782703331615648;0;0;0,00654613896543655
541000;26,72;-33,0;-1;-1;20171;35408;15589;47447;85649;318711;630;156;18520;0;0,03543569923980922;0,027385373219975615;0;0,24667142756706797;0,683914290987088;0;0;0,006593208986059282
542500;26,785;-41,0;-1;-1;20171;35466;15626;47447;86030;319723;630;156;18532;0;0,04886328645926728;0,03609336449045234;0;0;0,9063021996063158;0;0;0,008741149443964657
544000;26,838;-32,0;-1;-1;20172;35522;15684;47447;86033;321124;630;158;18540;0,07529084595488007;0,04650319026544958;0,03274718632628688;0;0;0,8374607469707169;0;0;0,007998030482666474
545500;26,885;-36,0;-1;-1;20292;35609;15729;47447;86033;322366;630;158;18546;0,49356468743605675;0,26979035991579325;0,18996011171397076;0;0;0;0;0;0,04668484093417926
547000;26,93;-26,0;-1;-1;21021;36040;16009;47447;86033;322366;630;158;18606;0,495785883505902;0,26397561028103217;0,1954285425964707;0;0;0;0;0;0,044809963616595186
548500;26,987;-26,0;-1;-1;21799;36407;16289;47447;86033;322366;630;158;18681;0,18276651624987902;0,08300328036789364;0,0666223710433302;0,09979678925058039;0,5534103021312277;0;0;0;0,014400740957089155
550000;27,064;-28,0;-1;-1;22076;36514;16387;47593;86889;322388;632;158;18705;0;0,10234294264671263;0,08129531875418876;0,1272056309421328;0,6712520665846791;0;0;0;0,01790404107228671
551500;27,124;-35,0;-1;-1;22076;36662;16499;47801;87904;322388;632;158;18722;0;0,036415747535969524;0,028752313095654746;0;0,24090499848383273;0,6874824936436816;0;0;0,0064444472408613646
553000;27,176;-41,0;-1;-1;22076;36725;16541;47801;88278;323397;632;158;18734;0;0,047845624358097284;0,03771618912818606;0;0;0,9059389015920687;0;0;0,008499284921647915
554500;27,249;-43,0;-1;-1;22076;36789;16595;47801;88278;324766;632;158;18747;0;0,04800147195689497;0,04152366023180421;0;0;0,9019033781372756;0;0;0,008571489674025115
556000;27,321;-43,0;-1;-1;22076;36859;16655;47801;88278;326118;632;158;18765;0,0959579507370882;0,04376588715073242;0,03764485668404362;0;0;0,8147785778940354;0;0;0,007852727534100401
557500;27,4;-33,0;-1;-1;22222;36932;16698;47804;88281;327374;633;159;18771;0;0,04498859747964175;0,03863039883805353;0,05752331905443069;0;0,8507271985042483;0;0;0,008130486123625774
559000;27,471;-42,0;-1;-1;22222;36996;16760;47884;88281;328655;633;159;18784;0;0,03747208801268189;0,03062640863766595;0;0,24292658313584972;0,6824520953772497;0;0;0,006522824836552822
560500;27,543;-42,0;-1;-1;22222;37048;16803;47884;88657;329668;633;159;18800;0;0,04981083966828257;0,04055556579024694;0;0;0,9009371811931993;0;0;0,008696413348271122
562000;27,603;-42,0;-1;-1;22222;37116;16876;47884;88657;331012;633;159;18815;0;0,050708993711715535;0,03931128705045943;0;0;0,9014545854044399;0;0;0,008525133833385167
563500;27,676;-44,0;-1;-1;22222;37207;16942;47884;88657;332345;633;159;18825;0;0,050898195644448654;0,03927654274137834;0;0;0,9011916766498806;0;0;0,008633584964292318
565000;27,748;-36,0;-1;-1;22222;37287;17000;47884;88657;333699;633;159;18833;0,09319539909584866;0,04726808424904272;0,03485211525886825;0;0;0,8169325326238169;0;0;0,007751868772423396
566500;27,824;-37,0;-1;-1;22339;37350;17060;47885;88657;334971;633;161;18846;0,3877339248613739;0,1994706935898634;0,1461825646571539;0,23374213488207438;0;0;0;0;0,032870682009534385
568000;27,893;-26,0;-1;-1;22918;37633;17292;48237;88657;334971;633;161;18900;0,18323322115824434;0;0,08267124163505168;0,11925895782926169;0,5970883152013706;0;0;0;0,017748264176071747
569500;27,943;-28,0;-1;-1;23173;37633;17404;48414;89588;334971;633;161;18925;0;0;0,10040369660827703;0,14572616896701324;0,7320281653309408;0;0;0;0,021841969093768912
571000;27,988;-37,0;-1;-1;23173;37633;17562;48612;90701;334971;633;161;18956;0;0;0,0969977079998802;0,14238151068480856;0,7391354948701223;0;0;0;0,021485286445188923
572500;28,051;-42,0;-1;-1;23173;37633;17717;48853;91778;334971;633;161;18983;0;0;0,034031623919867145;0,04918548796850223;0,23335691049617063;0,6763724386210863;0;0;0,007053538994373768
574000;28,121;-35,0;-1;-1;23173;37633;17764;48937;92116;335995;633;161;18990;0;0,03772972919923975;0;0,049746504860126925;0,23171482013553427;0,6738608937333583;0;0;0,006948052071740751
575500;28,192;-27,0;-1;-1;23173;37680;17764;49020;92471;337002;633;161;18998;0,08314909750053903;0,044406164227991395;0;0,062305518342601125;0;0,8019289943982154;0;0;0,008210225530653162
577000;28,263;-23,0;-1;-1;23314;37752;17765;49119;92472;338207;635;161;19008;0,0875144881256551;0;0;0,06489061652751672;0;0,8392570873535001;0;0;0,008337807993328042
578500;28,345;-31,0;-1;-1;23430;37752;17765;49241;92472;339459;635;161;19018;0,08530756131736963;0;0;0,065894203063577;0;0,8405206889705223;0;0;0,008277546648531111
580000;28,417;-30,0;-1;-1;23554;37752;17765;49343;92472;340718;635;161;19033;0,0796180332348521;0;0,037902730200025186;0,06230071056993103;0;0,8123051011170195;0;0;0,007873424878172088
581500;28,486;-31,0;-1;-1;23678;37752;17815;49439;92472;341936;635;161;19045;0,18012987857403392;0;0,08949865311128534;0,13919674432004192;0,5740206288939572;0;0;0;0,017154095100681593
583000;28,554;-28,0;-1;-1;23947;37752;17945;49652;93331;341936;635;161;19074;0,19521177972401307;0,0940350083478665;0,08840766605719795;0;0,6050467669861377;0;0;0;0,017298778884784895
584500;28,622;-30,0;-1;-1;24261;37882;18049;49652;94260;341936;635;161;19097;0,21107380757857933;0;0,09327733212501808;0;0,6751398821102866;0;0;0;0,02050897818611588
586000;28,685;-28,0;-1;-1;24586;37882;18196;49652;95255;341936;635;161;19130;0,20987266208669286;0;0,10661956298134209;0;0,6633481443036557;0;0;0;0,020159630628309368
587500;28,749;-26,0;-1;-1;24899;37882;18356;49652;96249;341936;635;161;19163;0,07951094760748981;0;0,03534698487335142;0;0,23190947802913345;0,6463943427321636;0;0;0,006838246757861844
589000;28,821;-32,0;-1;-1;25014;37884;18423;49656;96602;342916;636;162;19173;0;0;0,03604427471138762;0,05193013604353414;0,23872694349731366;0,6662505110806513;0;0;0,0070481346671135295
590500;28,884;-39,0;-1;-1;25014;37884;18472;49726;96945;343945;636;162;19182;0;0;0,046963300832810334;0,06791236088678203;0;0,8758709992969106;0;0;0,009253338983497028
592000;28,946;-32,0;-1;-1;25014;37884;18538;49826;96945;345266;636;162;19195;0;0,043283783049709666;0,04396826185279512;0,0638851377807714;0;0,8401137032439017;0;0;0,008749114072822117
593500;29,008;-41,0;-1;-1;25014;37959;18592;49927;96945;346528;636;162;19203;0;0,04604071948377716;0,046649493678874505;0;0;0,8979492751475693;0;0;0,009360511689779027
595000;29,071;-34,0;-1;-1;25014;38024;18669;49927;96945;347877;636;162;19212;0,0959655835814077;0,04080735110755287;0,04459073613338062;0;0;0,8102989909568823;0;0;0,008337338220776357
596500;29,132;-37,0;-1;-1;25152;38099;18751;49927;96945;349069;636;162;19225;0;0,034345288001630836;0,03724386035103218;0;0,23987365131885455;0,681486101075277;0;0;0,007051099253205369
598000;29,196;-34,0;-1;-1;25152;38153;18802;49927;97302;350100;636;162;19232;0;0,03797764471507038;0;0;0,24751521354490907;0,7072889960671435;0;0;0,00721814567287689
599500;29,261;-43,0;-1;-1;25152;38204;18802;49927;97681;351163;636;162;19239;0;0,03582305846299428;0;0,049889272504573035;0,23592846605472537;0,6715230648143315;0;0;0,0068361381633757256
601000;29,317;-45,0;-1;-1;25152;38262;18802;49992;98026;352187;636;162;19247;0;0,04687588618317143;0;0,06535656666100481;0;0,8787841137953861;0;0;0,008983433360437736
602500;30,223;-45,0;-1;-1;25156;38324;18804;50084;98030;353533;638;164;19263;0;0,04731148370616009;0;0,06592676436549012;0;0,8776443933620695;0;0;0,009117358566280263
604000;30,272;-37,0;-1;-1;25156;38389;18804;50183;98030;354851;638;164;19281;0,08827174249444066;0,04019369972119375;0,04087341231499173;0,05599334496091843;0;0,7669008374789312;0;0;0,0077669630295242684
605500;30,342;-38,0;-1;-1;25309;38443;18874;50268;98030;355977;638;164;19293;0,37498325274518257;0,17388413013759635;0,17542723817288222;0,2419773943905989;0;0;0;0;0,03372798455373992
607000;30,408;-33,0;-1;-1;25859;38712;19131;50633;98030;355977;638;164;19352;0,18535080060625556;0;0,08479963162870914;0,12690935212027216;0,5859924555012926;0;0;0;0,01694776014347048
608500;30,471;-33,0;-1;-1;26163;38712;19250;50831;98876;355977;638;164;19385;0,20015037693496088;0;0;0,14084450590729083;0,6400330679668459;0;0;0;0,018972049190902326
610000;30,54;-23,0;-1;-1;26463;38712;19250;51011;99871;355977;638;164;19410;0,21059239849328965;0;0;0,1384377878109969;0,6321370142875758;0;0;0;0,018832799408137597
611500;30,598;-25,0;-1;-1;26790;38712;19250;51242;100781;355977;638;164;19442;0,07074370112977098;0;0;0,04916210417259099;0,21667865161546554;0,6568583849450162;0;0;0,006557158137156282
613000;30,663;-33,0;-1;-1;26887;38712;19250;51311;101112;356962;638;164;19460;0;0,035181030336876494;0;0,05097189206655157;0,22526920292794467;0,6817643351954367;0;0;0,006813539473190483
614500;30,739;-37,0;-1;-1;26887;38763;19250;51400;101427;358001;638;164;19466;0;0,043553409620889785;0,04231170517105456;0,06491399692837586;0;0,8407466455142452;0;0;0,008474242765434691
616000;30,81;-38,0;-1;-1;26887;38825;19307;51488;101427;359283;638;164;19477;0;0,27384823761810023;0,2647152522039969;0,40788905096069655;0;0;0;0;0,05354745921720629
617500;30,883;-38,0;-1;-1;26888;39242;19701;52110;101429;359306;640;164;19547;0;0,2765733130245877;0,25860994520511815;0,4090606232724052;0;0;0;0;0,05575611849788883
619000;30,954;-38,0;-1;-1;26888;39664;20097;52709;101429;359306;640;164;19630;0,388558874795936;0,17065595984483337;0,15453671091830817;0,2508579654574699;0;0;0;0;0,03539048898345261
620500;31,022;-38,0;-1;-1;27443;39935;20338;53084;101429;359306;640;164;19688;0,18009851843704072;0,08341090727877312;0;0,12239505587207417;0,5965037351817365;0;0;0;0,017591783230375514
622000;31,09;-38,0;-1;-1;27718;40061;20338;53278;102303;359306;640;164;19719;0,06570271110331656;0,031239969718969616;0;0;0,2188019436146152;0,6776168698128011;0;0;0,006638505750297553
623500;31,16;-27,0;-1;-1;27809;40120;20338;53278;102630;360321;640;164;19727;0;0,03328385627364715;0;0;0,2338946627494147;0,7257174214970317;0;0;0,0071040594799064655
625000;31,226;-37,0;-1;-1;27809;40167;20338;53278;102979;361416;640;164;19736;0;0,03321721395200004;0;0;0,23146676844079248;0,7282034859910881;0;0;0,007112531616119406
626500;31,296;-40,0;-1;-1;27809;40211;20338;53278;103313;362526;640;164;19748;0;0,03238259425787557;0,02963582714442167;0;0,2237227898288724;0,7073064543321858;0;0;0,006952334436644489
628000;31,369;-40,0;-1;-1;27809;40258;20377;53278;103681;363555;640;164;19765;0;0,03131019176642931;0,028581503712910485;0,046775497281833466;0,21415804999479576;0,679174757244031;0;0;0
629500;31,44;-43,0;-1;-1;27809;40308;20429;53342;104007;364563;640;164;19765;0,07823652736252841;0,03822516799169917;0,03338761803327488;0,0548956451048856;0;0,795255041507612;0;0;0
631000;31,512;-43,0;-1;-1;27918;40370;20475;53433;104007;365755;640;164;19765;0,3799490943687253;0,1875004052405504;0,16342086575370365;0,26912963463702066;0;0;0;0;0
632500;31,579;-43,0;-1;-1;28436;40656;20753;53851;104007;365755;640;164;19765;0,3712550860588412;0,19148073458625545;0,16341498550641229;0,27384919384849093;0;0;0;0;0
634000;31,654;-43,0;-1;-1;29001;40905;21037;54251;104008;365775;642;166;19767;0,345940373471731;0,18829532624932;0,15652932011507664;0,2677255168013421;0;0;0;0;0,041509463362530315
635500;31,726;-27,0;-1;-1;29520;41224;21239;54637;104008;365775;642;166;19841;0,1762095675777586;0,1129380173642849;0,07143371574970671;0;0,6159131061061481;0;0;0;0,02350559320210159
637000;31,804;-27,0;-1;-1;29775;41406;21349;54637;104913;365775;642;166;19889;0,05914747984392465;0,038498992077155264;0,024313109606795693;0;0,20588115530539122;0,6721592631667332;0;0;0
638500;31,883;-30,0;-1;-1;29870;41461;21386;54637;105244;366757;642;166;19889;0,07416923237716203;0,048643319760204536;0,030694768504990918;0;0;0,8464926793576425;0;0;0
640000;31,952;-33,0;-1;-1;29981;41535;21439;54637;105244;368019;642;166;19889;0,07378511412136353;0,04875358021512312;0,030711836450775885;0;0;0,8467494692127374;0;0;0
641500;32,027;-33,0;-1;-1;30102;41594;21492;54637;105244;369286;642;166;19889;0,06966695887898254;0,04655907931136278;0,029193524222853536;0,052646718044657585;0;0,8019337195421434;0;0;0
643000;32,095;-33,0;-1;-1;30219;41668;21534;54715;105244;370475;642;166;19889;0,07079177520284399;0,047706919997210384;0;0,05402002186367389;0;0,81717895677508;0;0;0,010302326161191746
644500;32,162;-36,0;-1;-1;30315;41733;21534;54783;105244;371730;642;166;19905;0;0,04015995023763506;0;0,045549822024317066;0,21805355369390816;0,687531444788633;0;0;0,008705229255506678
646000;32,228;-36,0;-1;-1;30315;41799;21534;54842;105558;372775;642;166;19921;0;0,04226042765349616;0;0;0,22832321488154647;0,7202218134562799;0;0;0,009194544008677417
647500;32,298;-38,0;-1;-1;30315;41856;21534;54842;105901;373857;642;166;19939;0;0,04234785247620085;0;0;0,22933840421827795;0,7190727286164943;0;0;0,009241014689026897
649000;32,371;-42,0;-1;-1;30315;41920;21534;54842;106266;374915;642;166;19952;0;0,04273923260343585;0,02649062746010096;0;0,2213488050439819;0,700388574706506;0;0;0,009032760185975292
650500;32,455;-43,0;-1;-1;30316;41978;21581;54845;106609;375978;646;167;19964;0,07429875573330855;0,050979400495883245;0,031514330303795565;0;0;0,8323855929137529;0;0;0,010821920553259623
652000;32,55;-43,0;-1;-1;30428;42051;21644;54845;106609;377212;646;167;19982;0,07404338439133075;0;0,030524414903330785;0,057526454689244076;0;0,8269971448896554;0;0;0,01090860112643917
653500;32,664;-43,0;-1;-1;30543;42051;21699;54921;106609;378455;646;167;19993;0,07901159013200705;0;0,03275489422107954;0;0;0,8764361654061466;0;0;0,011797350240766873
655000;32,731;-31,0;-1;-1;30659;42051;21748;54921;106609;379775;646;167;20008;0,07816342055616417;0;0,03262371389047356;0;0;0,8773938391974921;0;0;0,011819026355870193
656500;32,795;-31,0;-1;-1;30758;42051;21797;54921;106609;381104;646;167;20031;0,06052925289114883;0;0,02538458010960106;0;0,22575385930864897;0,6791003018515734;0;0;0,009232005839027729
658000;32,863;-32,0;-1;-1;30846;42051;21836;54921;106958;382116;646;167;20043;0,07373127711730751;0,05377801723519761;0,0310760204121661;0;0;0,830060204364742;0;0;0,011354480870586731
659500;32,937;-32,0;-1;-1;30959;42127;21875;54921;106958;383368;646;167;20063;0,07591419957739305;0,05581304471084559;0;0;0;0,8564367121081852;0;0;0,011836043603576107
661000;33,012;-35,0;-1;-1;31064;42208;21875;54921;106958;384656;646;167;20089;0,07106194319192;0,05255868948190308;0;0,0597448885292813;0;0,8054398626195087;0;0;0,01119461617738693
662500;33,072;-35,0;-1;-1;31156;42294;21875;55005;106958;385882;646;167;20101;0,07559270188434022;0,05608943214829721;0;0;0;0,8563063283799508;0;0;0,01201153758741172
664000;33,142;-35,0;-1;-1;31278;42381;21875;55005;106958;387153;646;167;20121;0,07536640778411946;0,056326736010181365;0;0;0;0,8561783918701701;0;0;0,012128464335529048
665500;33,209;-35,0;-1;-1;31390;42479;21875;55005;106958;388430;646;167;20134;0,056378535418278426;0,04233732516235195;0,025328163993033035;0;0,22538430700714246;0,6413883208826959;0;0;0,009183347536498193
667000;33,295;-37,0;-1;-1;31485;42533;21910;55005;107297;389408;648;168;20151;0;0,04431691085108602;0,026488872353781324;0;0,23644248807249163;0,6831169973589125;0;0;0,009634731363728492
668500;33,367;-37,0;-1;-1;31485;42593;21946;55005;107669;390424;648;168;20167;0;0;0,02785907953061764;0;0,24664054255503678;0,715331056402796;0;0;0,01016932151154941
670000;33,44;-38,0;-1;-1;31485;42593;21983;55005;108034;391508;648;168;20181;0;0;0,027522585837642843;0;0,2464943528759704;0,7158947706187945;0;0;0,010088290667592197
671500;33,509;-38,0;-1;-1;31485;42593;22034;55005;108421;392552;648;168;20199;0;0;0,026154238915668288;0,052107352758060325;0,23295673619174617;0,6791401141651374;0;0;0,009641557969387718
673000;33,576;-43,0;-1;-1;31485;42593;22057;55113;108753;393572;648;168;20216;0,057719329628468534;0;0,025434392552010243;0;0,2312494764693184;0,6762114431722915;0;0;0,009385358177911236
674500;33,642;-28,0;-1;-1;31577;42593;22093;55113;109108;394575;648;168;20230;0,07002287434425646;0,05321553424666313;0,031020289421275493;0;0;0,8331418886427312;0;0;0,012599413345073763
676000;33,713;-30,0;-1;-1;31670;42697;22141;55113;109108;395809;648;168;20251;0,07150183349771419;0;0,03447249077931671;0;0;0,8810522056471107;0;0;0,012973470075858386
677500;33,784;-32,0;-1;-1;31788;42697;22197;55113;109108;397111;648;168;20275;0,07036859684630915;0;0,03412179050435476;0;0;0,8825973222354098;0;0;0,012912290413926327
679000;33,859;-30,0;-1;-1;31899;42697;22258;55113;109108;398423;648;168;20291;0,07198788460803968;0;0,033470684220834886;0;0;0,8817696804346431;0;0;0,0127717507364824
680500;33,93;-32,0;-1;-1;32020;42697;22308;55113;109108;399730;648;168;20313;0,05712738559372312;0;0,02765518822594803;0;0,22090872565687766;0,6845106780750037;0;0;0,009798022448447621
682000;34,007;-18,0;-1;-1;32132;42697;22355;55113;109432;400738;648;168;20322;0,06252375888804518;0;0;0;0,22570551392419586;0,7008966315236388;0;0;0,010874095664120105
683500;34,082;-34,0;-1;-1;32220;42699;22359;55113;109765;401821;650;168;20336;0,060445510297117144;0,03776305584075263;0;0,044371574299022325;0,20334997018339768;0,6443619056975189;0;0;0,00970798368219143
685000;34,153;-33,0;-1;-1;32318;42759;22359;55175;110086;402766;650;168;20350;0,07766305205548786;0,04675340320447292;0;0,05500624351369087;0;0,8085154715267934;0;0;0,012061829699554999
686500;34,225;-30,0;-1;-1;32436;42831;22359;55249;110086;403984;650;168;20368;0;0,04901012073209457;0;0,06124193335110067;0;0,8770554869932938;0;0;0,012692458923511087
688000;34,294;-37,0;-1;-1;32436;42913;22359;55331;110086;405298;650;168;20390;0;0,04661550298528285;0,03137886406843075;0,058348907160784946;0;0,8504160556011129;0;0;0,013240670184388511
689500;34,361;-38,0;-1;-1;32436;42983;22420;55435;110086;406547;650;168;20406;0;0,31187214681695274;0,20923314518499972;0,38998611792054855;0;0;0;0;0,08890859007749903
691000;34,428;-39,0;-1;-1;32436;43466;22730;56008;110086;406547;650;168;20540;0;0,11115592012626228;0,0740029242278265;0,14338038308605716;0,6391099998764213;0;0;0;0,03235077268343276
692500;34,502;-40,0;-1;-1;32436;43636;22838;56232;111026;406547;650;168;20598;0,3530602930860372;0,19928077862397417;0,13240717006115926;0,2568705665590274;0;0;0;0;0,05838119166980198
694000;34,575;-29,0;-1;-1;32985;43914;23038;56611;111026;406547;650;168;20692;0,4820965387676209;0,2592402860684942;0,17808241984945833;0;0;0;0;0;0,0805807553144266
695500;34,645;-29,0;-1;-1;33683;44312;23310;56611;111026;406547;650;168;20824;0,07558665944846821;0,04255693873407272;0,028996526003822087;0;0;0,8394438359478452;0;0;0,013416039865791861
697000;34,716;-34,0;-1;-1;33799;44365;23364;56611;111026;407815;650;168;20833;0;0,04880414302291891;0,030833971099244455;0;0;0,9059902558892129;0;0;0,014371629988623614
698500;34,771;-38,0;-1;-1;33799;44437;23405;56611;111026;409182;650;168;20853;0;0,050641216173612974;0,03087959941697317;0;0;0,9040477957950368;0;0;0,014431388614377046
700000;34,825;-38,0;-1;-1;33800;44512;23459;56614;111027;410552;650;171;20874;0;0,038239425693378556;0,02328948762175055;0,044771512595715025;0,20328405732932633;0,6794927294820422;0;0;0,010922787277787376
701500;34,873;-35,0;-1;-1;33800;44567;23495;56680;111319;411583;650;171;20894;0;0,03942705950386159;0,02400882732612428;0;0,2127605342606103;0,712529279992577;0;0;0,011274298916826946
703000;34,92;-36,0;-1;-1;33800;44622;23524;56680;111663;412637;650;171;20912;0,07463719954323034;0,04640677134437361;0,02827357778739403;0;0;0,8373923259069546;0;0;0,013290125418047477
704500;34,966;-41,0;-1;-1;33919;44680;23566;56680;111663;413896;650;171;20934;0,457599082187949;0,2861648003559531;0,17420090180813164;0;0;0;0;0;0,08203521564796634
706000;35,017;-25,0;-1;-1;34589;45103;23847;56680;111663;413896;650;171;21060;0,4777524519196394;0,25975866359224004;0,17659143961150023;0;0;0;0;0;0,08589744487662036
707500;35,086;-27,0;-1;-1;35314;45502;24101;56680;111663;413896;650;171;21182;0,47176909223616054;0,26724910009455977;0,17442830083985675;0;0;0;0;0;0,08655350682942306
709000;35,156;-28,0;-1;-1;36045;45903;24344;56680;111663;413896;650;171;21307;0,1867348903516445;0,1013004125275137;0,06396464957038847;0,11053546125687208;0,5049120063113673;0;0;0;0,032552579982213864
710500;35,227;-30,0;-1;-1;36338;46040;24436;56852;112433;413896;650;171;21343;0,07222377257733664;0;0,02426829281510566;0,043250707766915725;0,19804027031661686;0,6497613069986549;0;0;0,012455649525370309
712000;35,299;-29,0;-1;-1;36465;46040;24469;56923;112726;414853;650;171;21362;0,07744348315725072;0;0;0,04476584880061389;0,20365764871760153;0,6615788639907347;0;0;0,012554155333799114
713500;35,373;-29,0;-1;-1;36560;46040;24469;57000;113029;415855;650;171;21385;0;0;0;0,048785974435203674;0,22149768666962322;0,7163345150480054;0;0;0,01338182384716765
715000;35,444;-38,0;-1;-1;36560;46040;24469;57061;113350;416956;650;171;21402;0;0;0;0,04869906565660363;0,21955076173513688;0,7183682083671268;0;0;0,013381964241132738
716500;35,522;-34,0;-1;-1;36561;46042;24471;57143;113677;418042;651;174;21428;0;0,03950041411715012;0;0,045778122019072366;0,21274012647351095;0,6893779472648122;0;0;0,012603390125454477
718000;35,6;-40,0;-1;-1;36562;46094;24471;57206;114007;419104;653;176;21447;0;0,04849095576994921;0,030545863499839315;0,056211556029690815;0;0,8492505763227381;0;0;0,0155010483777825
719500;35,676;-36,0;-1;-1;36562;46163;24516;57306;114007;420364;653;176;21473;0,09215110322661214;0,04631646745732847;0,029143874982362414;0;0;0,8175492087283744;0;0;0,01483934560532252
721000;35,755;-36,0;-1;-1;36688;46241;24554;57307;114009;421613;653;177;21509;0,09328636812494728;0,0472574122650958;0,029762993317125935;0;0;0,8296932262928309;0;0;0
722500;35,825;-31,0;-1;-1;36828;46310;24604;57307;114009;422854;653;177;21509;0,09513289396766625;0,04690963525573614;0,03168568774802067;0;0;0,826271783028577;0;0;0
724000;35,913;-33,0;-1;-1;36971;46379;24656;57307;114009;424090;653;177;21509;0,07512505957484326;0,03746979789640727;0,025274684494322578;0;0,20579991950147247;0,6563305385329544;0;0;0
725500;35,985;-33,0;-1;-1;37081;46416;24698;57307;114329;425104;653;178;21510;0,07352721435528642;0,03699224840498669;0;0,04386913061363369;0,20159685717246184;0,6440145494536313;0;0;0
727000;36,057;-34,0;-1;-1;37200;46469;24698;57361;114655;426052;653;178;21510;0,09263269763862202;0,04536393612711534;0;0,0538414661826657;0;0,7932872162486294;0;0;0,014874683802967581
728500;36,123;-24,0;-1;-1;37333;46525;24698;57447;114655;427264;653;178;21523;0;0,05002222951538467;0;0,05930344823917868;0;0,874225977021778;0;0;0,01644834522365861
730000;36,194;-42,0;-1;-1;37333;46606;24698;57523;114655;428581;653;178;21549;0;0,04924058498616823;0;0,05849008607258058;0;0,8760280398451253;0;0;0,01624128909612583
731500;36,271;-28,0;-1;-1;37336;46683;24699;57614;114655;429898;655;180;21583;0;0,04714317311912938;0,032459720848821955;0,05601381340440261;0;0,8488096157624408;0;0;0,015573676865205227
733000;36,364;-36,0;-1;-1;37336;46760;24742;57700;114655;431165;655;180;21610;0;0,03889816946407651;0,026787738613171252;0;0,21777325954335233;0,7036578399251946;0;0;0,012882992454205355
734500;36,458;-37,0;-1;-1;37336;46813;24788;57700;114991;432209;655;180;21631;0,09398266288738236;0,04527124300283502;0,031095155289842694;0;0;0,814628985919654;0;0;0,015021952900285837
736000;36,529;-32,0;-1;-1;37462;46880;24835;57700;114991;433451;655;180;21649;0;0,04940310654686136;0,036333522429961664;0;0;0,897823128433323;0;0;0,01644024258985401
737500;36,602;-38,0;-1;-1;37462;46953;24888;57700;114991;434797;655;180;21677;0;0,05091914229146307;0,03872966304711677;0;0;0,8939275829152908;0;0;0,016423611746129215
739000;36,682;-40,0;-1;-1;37464;47025;24948;57702;114991;436156;656;182;21709;0;0,048165795618824045;0,03652615042960587;0,05671192392435927;0;0,8430372710006656;0;0;0,015558859026545269
740500;36,755;-35,0;-1;-1;37464;47089;25006;57790;114991;437426;656;182;21729;0;0,050485410597028026;0,038152367230834164;0;0;0,8950114815517839;0;0;0,01635074062035392
742000;36,82;-39,0;-1;-1;37464;47161;25069;57790;114991;438778;656;182;21742;0;0,040862771303030065;0,029791140047268645;0;0,21703112787131038;0,6994598147432601;0;0;0,01285514603513077
743500;36,881;-39,0;-1;-1;37464;47226;25104;57790;115320;439831;656;182;21760;0,07619286393299127;0,038384590983119665;0,027980303950190983;0;0,20279205847731627;0,6546501826563819;0;0;0
745000;36,952;-35,0;-1;-1;37572;47270;25140;57790;115623;440840;656;182;21760;0;0,04103408284278372;0,029867117298221293;0;0,22321543509179587;0,7058833647671992;0;0;0
746500;37,013;-39,0;-1;-1;37572;47325;25184;57790;115965;441899;656;182;21760;0;0,04189779643311141;0,029471028555779023;0;0,2231656299218075;0,705465545089302;0;0;0
748000;37,082;-44,0;-1;-1;37574;47393;25235;57792;116269;442998;656;182;21761;0;0,04000548925906647;0,02809615706002352;0,04515908823829482;0,21218769933239368;0,6745515661102215;0;0;0
749500;37,159;-37,0;-1;-1;37574;47453;25273;57859;116561;444041;656;182;21761;0;0,04230328947951457;0,028741951653306376;0;0,2195488306669757;0,6966635218466882;0;0;0,012742406353515028
751000;37,232;-42,0;-1;-1;37574;47523;25310;57859;116869;445105;656;182;21782;0;0,054136476653520706;0,03679187073494457;0;0;0,8927173794879164;0;0;0,016354273123618274
752500;37,304;-38,0;-1;-1;37574;47602;25367;57859;116869;446441;656;182;21810;0;0,05507963419006273;0,03617817871982885;0;0;0,8925951195396834;0;0;0,016147067550425154
754000;37,411;-40,0;-1;-1;37574;47669;25424;57859;116869;447794;656;182;21833;0,0928976661033819;0,04780179682603908;0,03245167026054837;0;0;0,812072766321