Iteration;Time;TD-0;TD-1;TD-2;TD-3;TD-4;TD-5;TD-6;TD-7;TD-8;
2104;1,022;0;4;4;0;0;0;4;4;0
3708;1,328;0;3;3;4;0;0;3;3;0
5208;1,503;0;2;2;3;0;0;2;2;0
6774;1,637;0;1;1;2;0;0;1;1;0
8274;1,736;0;0;0;1;0;0;0;0;0
10274;1,846;4;0;0;0;4;0;0;5;0
11824;1,998;3;0;0;5;3;0;4;4;0
13324;2,09;2;0;0;4;2;0;3;3;0
14824;2,203;1;0;0;3;1;0;2;2;0
16324;2,279;0;0;0;2;0;0;1;1;0
17855;2,407;5;0;0;1;0;0;0;0;0
19855;2,538;4;0;0;0;4;0;0;6;0
21355;2,655;3;0;0;0;3;0;4;5;4
22855;2,78;2;0;0;0;2;0;3;4;3
24355;2,881;1;0;0;0;1;0;2;3;2
25882;3,011;0;0;0;0;0;0;1;2;1
27382;3,094;0;0;0;0;5;0;0;1;0
29382;3,188;0;0;0;0;4;0;5;0;5
30882;3,274;0;0;0;0;3;0;4;7;4
32382;3,36;4;0;0;0;2;0;3;6;3
33882;3,452;3;0;0;0;1;0;2;5;2
35411;3,557;2;0;0;0;0;0;1;4;1
36911;3,654;1;0;0;4;0;0;0;3;0
38411;3,741;0;0;0;3;4;0;0;2;0
39911;3,817;0;0;0;2;3;0;4;1;4
41411;3,888;0;0;0;1;2;0;3;0;3
42911;3,961;0;0;0;0;1;0;2;8;2
44411;4,065;0;0;0;5;0;0;1;99;1
45933;4,142;0;0;0;4;5;0;0;99;0
47433;4,219;0;4;0;3;4;0;0;99;0
48933;4,299;0;3;0;2;3;0;4;99;4
49933;4,347;0;2;0;1;2;0;3;99;3
50933;4,396;0;1;0;0;1;0;2;99;2
52433;4,48;0;0;0;0;0;0;1;99;1
53933;4,555;0;0;0;0;0;4;0;99;0
55933;4,655;0;0;0;4;0;3;0;99;5
57460;4,74;0;0;4;3;0;2;4;99;4
58460;4,79;0;0;3;2;0;1;3;99;3
59460;4,842;0;0;2;1;0;0;2;99;2
60960;4,92;0;0;1;0;0;0;1;99;1
62460;5,0;0;0;0;5;0;0;0;99;0
64460;5,102;0;4;0;4;0;0;5;99;0
65960;5,172;0;3;0;3;4;0;4;99;0
67460;5,243;0;2;0;2;3;0;3;99;0
68960;5,325;0;1;0;1;2;0;2;99;0
70485;5,426;0;0;0;0;1;0;1;99;0
71985;5,509;0;0;0;0;0;4;0;99;0
73985;5,593;0;4;0;4;0;3;0;99;0
75485;5,647;0;3;0;3;0;2;4;99;4
76485;5,683;0;2;0;2;0;1;3;99;3
77485;5,736;0;1;0;1;0;0;2;99;2
78985;5,822;0;0;0;0;0;0;1;99;1
80485;5,898;0;0;0;0;4;0;0;99;0
82485;5,991;0;0;0;4;3;4;0;99;0
83985;6,07;0;4;0;3;2;3;4;99;0
84999;6,12;0;3;0;2;1;2;3;99;0
85999;6,168;0;2;0;1;0;1;2;99;0
87499;6,235;0;1;0;0;0;0;1;99;0
88999;6,315;0;0;0;0;0;0;0;99;4
90999;6,419;4;0;0;0;4;0;0;99;3
92499;6,484;3;0;0;0;3;0;4;99;2
93999;6,525;2;0;0;0;2;0;3;99;1
95499;6,58;1;0;0;0;1;0;2;99;0
96999;6,645;0;0;0;0;0;4;1;99;0
98499;6,713;0;4;0;0;0;3;0;99;0
99999;6,777;0;3;0;0;0;2;5;99;0
101525;6,849;0;2;0;0;4;1;4;99;0
103025;6,99;0;1;0;0;3;0;3;99;0
104525;7,06;4;0;0;0;2;0;2;99;0
106025;7,118;3;0;0;0;1;0;1;99;4
107525;7,191;2;0;0;0;0;0;0;99;3
109025;7,259;1;0;0;0;0;0;6;99;2
110525;7,323;0;0;0;0;4;0;5;99;1
112025;7,386;0;0;0;0;3;4;4;99;0
113525;7,467;0;0;0;4;2;3;3;99;0
115025;7,555;0;0;0;3;1;2;2;99;0
116525;7,623;0;0;0;2;0;1;1;99;0
118053;7,724;0;0;0;1;5;0;0;99;0
119553;7,781;0;0;0;0;4;0;7;99;0
121053;7,837;0;0;0;0;3;4;6;99;0
122553;7,892;0;0;4;0;2;3;5;99;0
124053;7,949;0;0;3;0;1;2;4;99;0
125553;8,004;0;0;2;0;0;1;3;99;0
127053;8,049;4;0;1;0;0;0;2;99;0
128553;8,097;3;0;0;0;4;0;1;99;0
130053;8,189;2;0;0;0;3;0;0;99;4
131553;8,257;1;0;0;0;2;0;8;99;3
133053;8,325;0;0;0;0;1;0;99;99;2
134586;8,413;5;0;0;0;0;0;99;99;1
136086;8,488;4;0;0;0;5;0;99;99;0
137586;8,559;3;0;0;4;4;0;99;99;0
139086;8,633;2;0;0;3;3;0;99;99;0
140586;8,714;1;0;0;2;2;0;99;99;0
142086;8,787;0;0;0;1;1;0;99;99;0
143586;8,864;0;0;0;0;0;0;99;99;4
145086;8,935;0;0;0;5;0;0;99;99;3
146586;9,013;0;0;4;4;0;0;99;99;2
148086;9,088;0;0;3;3;0;0;99;99;1
149586;9,163;0;0;2;2;0;0;99;99;0
151114;9,243;0;0;1;1;0;0;99;99;5
152614;9,309;0;0;0;0;0;0;99;99;4
154114;9,373;0;0;0;0;4;0;99;99;3
155614;9,439;4;0;0;0;3;0;99;99;2
157114;9,506;3;0;0;0;2;0;99;99;1
158614;9,572;2;0;0;0;1;0;99;99;0
160114;9,639;1;0;0;0;0;0;99;99;6
161614;9,704;0;0;0;0;5;0;99;99;5
163114;9,77;0;0;0;4;4;0;99;99;4
164614;9,833;0;0;0;3;3;0;99;99;3
166114;9,899;0;0;0;2;2;0;99;99;2
167643;9,972;0;0;0;1;1;0;99;99;1
169143;10,039;0;0;0;0;0;0;99;99;0
171143;10,139;4;0;0;0;6;0;99;99;0
172643;10,224;3;0;0;0;5;0;99;99;4
174143;10,289;2;0;0;0;4;0;99;99;3
175643;10,36;1;0;0;0;3;0;99;99;2
177143;10,426;0;0;0;0;2;0;99;99;1
178643;10,489;0;4;0;0;1;0;99;99;0
180143;10,552;4;3;0;0;0;0;99;99;0
181643;10,614;3;2;0;0;7;0;99;99;0
183143;10,669;2;1;0;0;6;0;99;99;0
184671;10,72;1;0;0;0;5;0;99;99;0
186171;10,763;0;0;0;4;4;0;99;99;0
187671;10,807;5;0;0;3;3;0;99;99;0
189171;10,847;4;0;0;2;2;0;99;99;0
190671;10,89;3;0;0;1;1;0;99;99;0
192171;10,93;2;0;0;0;0;0;99;99;0
193671;10,969;1;0;0;0;0;0;99;99;4
195171;11,007;0;0;0;0;4;0;99;99;3
196671;11,046;0;0;0;0;3;4;99;99;2
198171;11,1;0;0;0;0;2;3;99;99;1
199671;11,164;0;0;0;0;1;2;99;99;0
201196;11,237;0;0;0;4;0;1;99;99;0
202696;11,304;0;0;0;3;5;0;99;99;0
204196;11,37;4;0;0;2;4;0;99;99;0
205696;11,434;3;0;0;1;3;0;99;99;0
207196;11,491;2;0;0;0;2;0;99;99;0
208696;11,534;1;0;0;0;1;4;99;99;0
210196;11,578;0;0;0;0;0;3;99;99;0
211696;11,637;0;0;0;0;6;2;99;99;0
213196;11,688;0;0;0;4;5;1;99;99;0
214696;11,733;0;0;0;3;4;0;99;99;0
216196;11,777;0;0;0;2;3;0;99;99;4
217724;11,825;0;0;0;1;2;0;99;99;3
219224;11,883;0;0;0;0;1;0;99;99;2
220724;11,932;4;0;0;0;0;0;99;99;1
222224;11,976;3;0;0;0;7;0;99;99;0
223724;12,039;2;0;0;0;6;0;99;99;5
225224;12,106;1;0;0;0;5;0;99;99;4
226724;12,173;0;0;0;0;4;0;99;99;3
228224;12,228;0;0;0;0;3;4;99;99;2
229724;12,273;0;0;0;0;2;3;99;99;1
231224;12,315;0;0;0;0;1;2;99;99;0
232724;12,357;0;0;0;0;0;1;99;99;6
234250;12,407;4;0;0;0;0;0;99;99;5
235750;12,449;3;0;0;0;4;0;99;99;4
237250;12,492;2;0;0;0;3;0;99;99;3
238750;12,534;1;0;0;0;2;0;99;99;2
240250;12,577;0;0;0;0;1;0;99;99;1
241750;12,618;5;0;0;0;0;0;99;99;0
243250;12,661;4;0;0;0;5;0;99;99;0
244750;12,713;3;0;0;0;4;4;99;99;0
246250;12,766;2;0;0;0;3;3;99;99;0
247750;12,82;1;0;0;0;2;2;99;99;0
249250;12,887;0;0;0;0;1;1;99;99;0
250778;12,968;0;0;0;4;0;0;99;99;0
252278;13,033;0;0;0;3;6;0;99;99;0
253778;13,089;0;0;0;2;5;4;99;99;0
255278;13,147;0;0;0;1;4;3;99;99;0
256778;13,206;0;0;0;0;3;2;99;99;0
258278;13,261;0;0;4;0;2;1;99;99;0
259778;13,363;0;0;3;0;1;0;99;99;0
261278;13,438;4;0;2;0;0;0;99;99;0
262778;13,506;3;0;1;0;7;0;99;99;0
264278;13,568;2;0;0;0;6;0;99;99;0
265778;13,63;1;0;0;4;5;0;99;99;0
267308;13,7;0;0;0;3;4;0;99;99;0
268808;13,757;5;0;0;2;3;0;99;99;0
270308;13,84;4;0;0;1;2;0;99;99;0
271808;13,959;3;0;0;0;1;0;99;99;0
273308;14,056;2;4;0;0;0;0;99;99;0
274808;14,129;1;3;0;0;0;0;99;99;4
276308;14,195;0;2;0;0;0;0;99;99;3
277808;14,28;6;1;0;0;0;0;99;99;2
279308;14,341;5;0;0;0;0;0;99;99;1
280808;14,407;4;0;0;0;4;0;99;99;0
282308;14,472;3;0;0;4;3;0;99;99;0
283830;14,538;2;0;0;3;2;0;99;99;0
285330;14,601;1;0;0;2;1;0;99;99;0
286830;14,665;0;0;0;1;0;0;99;99;0
288330;14,73;7;0;0;0;0;0;99;99;0
289830;14,796;6;0;0;0;4;0;99;99;0
291330;14,861;5;0;0;4;3;0;99;99;0
292830;14,926;4;0;0;3;2;0;99;99;0
294330;14,993;3;0;0;2;1;0;99;99;0
295830;15,056;2;0;0;1;0;0;99;99;0
297330;15,121;1;0;0;0;5;0;99;99;0
298830;15,185;0;0;0;5;4;0;99;99;0
300358;15,268;8;0;0;4;3;0;99;99;0
301858;15,397;7;0;0;3;2;0;99;99;0
303358;15,462;6;0;0;2;1;0;99;99;0
304858;15,526;5;0;0;1;0;0;99;99;0
306358;15,591;4;0;0;0;6;0;99;99;0
307858;15,654;3;0;0;0;5;4;99;99;0
309358;15,717;2;0;0;0;4;3;99;99;0
310858;15,781;1;0;0;0;3;2;99;99;0
312358;15,836;0;0;0;0;2;1;99;99;0
313858;15,885;0;0;4;0;1;0;99;99;0
315358;15,96;4;0;3;0;0;0;99;99;0
316889;16,056;3;0;2;0;7;0;99;99;0
318389;16,142;2;0;1;0;6;0;99;99;0
319889;16,202;1;0;0;0;5;0;99;99;0
321389;16,269;0;0;0;4;4;0;99;99;0
322889;16,333;0;0;0;3;3;4;99;99;0
324389;16,398;0;0;0;2;2;3;99;99;0
325889;16,462;0;0;0;1;1;2;99;99;0
327389;16,529;0;0;0;0;0;1;99;99;0
328889;16,586;0;4;0;0;0;0;99;99;0
330389;16,651;0;3;0;0;4;0;99;99;0
331889;16,719;0;2;0;4;3;0;99;99;0
333420;16,792;0;1;0;3;2;0;99;99;0
334920;16,862;0;0;0;2;1;0;99;99;0
336420;16,931;4;0;0;1;0;0;99;99;0
337920;17,002;3;0;0;0;0;0;99;99;4
339420;17,056;2;0;4;0;0;0;99;99;3
340920;17,126;1;0;3;0;0;0;99;99;2
342420;17,198;0;0;2;0;0;0;99;99;1
343920;17,263;0;0;1;0;4;0;99;99;0
345420;17,313;0;0;0;4;3;0;99;99;0
346920;17,362;0;0;0;3;2;0;99;99;4
348420;17,433;0;0;0;2;1;0;99;99;3
349950;17,51;0;0;0;1;0;0;99;99;2
351450;17,579;0;0;0;0;5;0;99;99;1
352950;17,651;4;0;0;0;4;0;99;99;0
354450;17,717;3;0;0;0;3;4;99;99;0
355950;17,793;2;0;0;0;2;3;99;99;0
357450;17,866;1;0;0;0;1;2;99;99;0
358950;17,957;0;0;0;0;0;1;99;99;0
360450;18,101;5;0;0;0;0;0;99;99;0
361950;18,221;4;0;0;4;0;0;99;99;0
363450;18,32;3;0;0;3;4;0;99;99;0
364950;18,393;2;0;0;2;3;0;99;99;0
366487;18,499;1;0;0;1;2;0;99;99;0
367987;18,579;0;0;0;0;1;0;99;99;0
369487;18,665;0;0;0;5;0;0;99;99;0
370987;18,853;0;4;0;4;0;0;99;99;0
372487;18,914;0;3;0;3;4;0;99;99;0
373987;18,974;0;2;0;2;3;0;99;99;0
375487;19,048;0;1;0;1;2;0;9