Iteration;Time;QI-0;QI-1;QI-2;QI-3;QI-4;QI-5;QI-6;QI-7;QI-8;
2132;0,857;5;4;3;8;9;6;2;1;7
3632;1,004;3;1;1;1;2;4;1;1;5
5185;1,177;4;1;1;1;2;3;1;1;1
6685;1,275;4;1;1;1;3;2;1;1;1
8185;1,354;2;1;1;1;3;4;1;1;1
10221;1,486;5;7;3;1;4;8;6;2;1
11721;1,585;6;4;1;3;1;2;5;1;1
13221;1,683;1;3;1;2;1;4;1;1;1
14721;1,761;3;4;1;2;1;1;1;1;1
16247;1,841;3;4;1;2;1;1;1;1;1
17747;1,909;3;5;1;4;1;2;1;1;1
19747;2,015;4;8;3;7;2;5;6;1;1
21247;2,094;1;2;1;3;1;5;4;1;1
22247;2,146;1;3;1;2;1;1;1;1;1
23267;2,192;1;2;1;1;1;3;1;1;1
24267;2,238;1;2;1;1;1;3;1;1;1
25767;2,295;1;3;1;2;1;4;1;1;1
27767;2,387;4;5;1;3;2;7;6;1;1
29767;2,464;5;6;3;4;1;7;1;1;1
31267;2,539;3;2;1;4;1;5;1;1;1
32799;2,628;1;3;1;2;1;4;1;1;1
34299;2,702;3;1;1;4;1;2;1;1;1
35799;2,765;4;5;1;3;1;1;1;1;2
37299;2,829;3;4;1;5;1;1;2;1;1
38799;2,924;3;1;4;5;2;1;6;1;1
40299;2,997;3;1;2;5;1;1;4;1;1
41799;3,092;5;1;4;3;1;1;1;1;1
43327;3,185;2;1;3;4;1;1;1;1;1
44827;3,273;4;1;3;2;1;5;1;1;1
46327;3,348;5;1;4;3;1;2;1;1;1
47827;3,421;4;1;5;3;2;1;1;1;1
49327;3,495;4;1;1;2;3;1;5;1;1
50827;3,571;3;1;1;1;2;1;4;1;1
51827;3,613;3;1;1;1;2;1;1;1;1
53327;3,69;1;1;1;2;4;1;1;1;3
54857;3,775;4;2;1;6;5;3;1;1;1
56357;3,851;4;6;3;2;1;5;1;1;1
57857;3,912;4;2;5;3;1;6;1;1;1
59357;3,966;3;5;4;2;1;1;1;1;1
60857;4,041;3;1;2;4;1;1;1;1;1
62357;4,104;4;5;2;3;1;1;1;1;1
63857;4,161;3;4;2;5;1;1;1;1;1
65357;4,219;4;2;3;1;1;1;1;1;1
66857;4,289;1;3;5;2;1;4;6;1;1
68391;4,377;1;4;1;5;1;3;2;1;1
69391;4,43;1;3;1;2;1;1;1;1;1
70891;4,477;1;4;1;2;1;3;1;1;1
72391;4,532;1;2;1;1;4;5;1;1;3
73891;4,605;4;2;1;1;5;1;1;1;3
75391;4,686;3;6;2;1;5;1;4;1;1
76891;4,756;3;5;1;1;4;1;2;1;1
77891;4,794;2;3;1;1;1;1;1;1;1
79391;4,851;4;1;1;3;2;1;1;1;1
80891;4,927;5;4;1;1;3;2;1;1;1
82424;5,025;5;4;1;1;3;1;1;1;2
83924;5,115;6;4;5;1;2;1;3;1;1
85424;5,204;4;5;1;1;3;1;2;1;1
86424;5,255;3;2;1;1;1;1;1;1;1
87924;5,31;1;2;1;3;4;1;1;1;1
89424;5,377;3;5;1;1;2;4;1;1;1
90924;5,505;4;5;1;1;3;1;1;1;2
92424;5,562;6;3;4;1;2;1;5;1;1
93924;5,635;5;2;4;1;1;1;3;1;1
94924;5,679;2;3;1;1;1;1;1;1;1
96424;5,75;2;4;1;3;1;1;1;1;1
97953;5,829;5;3;4;2;1;1;1;1;1
99453;5,9;4;3;2;5;1;1;1;1;1
100953;5,968;4;6;3;2;1;1;5;1;1
102453;6,037;2;4;1;5;1;1;3;1;1
103453;6,081;1;3;1;2;1;1;1;1;1
104453;6,125;1;3;1;2;1;1;1;1;1
105953;6,187;4;3;1;2;1;1;1;1;1
107453;6,251;5;3;1;2;1;4;1;1;1
109453;6,347;5;7;4;2;3;1;6;1;1
110953;6,423;4;3;2;1;1;1;5;1;1
111953;6,47;2;3;1;1;1;1;1;1;1
112971;6,521;2;3;1;1;1;1;1;1;1
113971;6,572;3;2;1;1;1;1;1;1;1
115471;6,651;5;2;4;1;1;3;1;1;1
117471;6,742;6;3;5;1;2;1;1;1;4
118971;6,819;2;4;5;1;1;1;1;1;3
120471;6,949;1;3;2;1;1;1;1;1;4
121971;7,019;4;3;1;1;1;1;1;1;2
123471;7,088;3;2;1;1;1;1;1;1;4
124971;7,156;6;4;5;1;1;2;1;1;3
126971;7,287;5;3;6;1;1;4;7;1;2
128471;7,351;2;4;1;1;1;5;3;1;1
129490;7,401;2;3;1;1;1;1;1;1;1
130490;7,451;3;2;1;1;1;1;1;1;1
131490;7,539;3;1;1;1;1;2;1;1;1
132990;7,609;3;4;1;1;1;1;1;1;2
134990;7,703;4;3;5;8;2;7;6;1;1
136490;7,776;2;1;1;4;1;5;3;1;1
137490;7,821;2;1;1;1;1;3;1;1;1
138490;7,873;2;1;1;1;1;3;1;1;1
139490;7,949;1;1;1;1;1;3;1;1;1
140990;8,044;3;2;1;1;1;5;1;1;4
142490;8,128;2;5;2;1;1;6;4;1;1
144023;8,26;3;4;2;1;5;6;1;1;1
145523;8,333;2;1;3;1;4;5;1;1;1
147023;8,414;4;1;3;1;1;2;1;1;1
148523;8,482;4;1;3;1;2;5;1;1;1
150023;8,548;4;1;5;1;2;1;1;1;3
151523;8,63;4;1;5;1;3;1;1;1;2
153023;8,706;3;4;2;1;5;1;1;1;1
154523;8,774;3;2;4;1;1;1;1;1;1
156023;8,85;3;1;2;1;4;1;1;1;1
157523;8,945;1;5;6;4;2;3;1;1;1
159023;9,015;1;5;2;3;1;4;1;1;1
160552;9,093;1;1;4;3;1;6;5;1;2
162052;9,164;1;1;3;1;1;5;4;1;2
163052;9,212;1;1;2;1;1;3;1;1;1
164552;9,28;1;1;4;1;1;2;1;1;3
166052;9,353;4;1;3;1;1;5;1;1;2
167552;9,427;3;5;4;1;1;1;1;1;2
169052;9,501;2;6;5;4;1;1;3;1;1
170552;9,557;2;4;1;5;1;1;3;1;1
171552;9,584;2;3;1;1;1;1;1;1;1
172552;9,612;1;3;1;2;1;1;1;1;1
174052;9,662;2;3;1;4;1;5;1;1;1
175584;9,739;5;4;1;1;1;2;1;1;3
177084;9,805;3;2;4;1;1;6;4;1;1
178584;9,848;1;4;2;1;1;5;2;1;1
179584;9,887;1;1;2;1;1;3;1;1;1
180584;9,932;1;3;1;1;1;2;1;1;1
182084;9,999;1;3;1;2;1;4;1;1;1
183584;10,065;1;6;1;4;3;2;1;1;5
185584;10,139;5;6;1;3;2;7;1;1;4
187084;10,183;4;3;1;1;1;5;1;1;2
188584;10,231;3;2;1;1;1;4;1;1;1
190084;10,274;2;3;1;1;1;4;1;1;1
191608;10,324;3;5;4;1;1;1;1;1;2
193108;10,371;3;4;2;1;5;1;1;1;1
194608;10,415;6;2;4;1;5;1;3;1;1
196108;10,458;5;3;4;1;2;1;1;1;1
197608;10,503;4;1;2;1;3;1;1;1;1
199108;10,568;4;5;1;1;2;3;1;1;1
200608;10,633;4;3;1;1;1;5;1;1;2
202108;10,701;3;1;1;1;1;4;1;1;2
203608;10,742;6;5;1;3;1;2;1;1;4
205108;11,041;5;4;1;2;1;1;1;1;3
206608;11,11;4;3;5;1;1;1;1;1;2
208137;11,425;5;1;3;1;4;1;1;1;2
209637;11,495;1;1;3;1;2;1;1;1;4
211137;11,572;4;1;2;1;3;1;1;1;1
212637;11,642;5;1;1;1;3;6;1;1;4
214137;11,712;4;1;1;1;2;5;1;1;3
215637;11,78;4;5;1;1;1;2;1;1;3
217137;11,851;4;3;1;1;1;1;1;1;2
218637;11,924;3;1;1;1;1;4;1;1;2
220137;11,993;5;3;4;1;1;1;1;1;2
221637;12,058;2;4;3;1;1;1;1;1;1
223637;12,144;5;2;7;1;3;1;6;1;4
225165;12,212;2;1;5;1;4;1;3;1;1
226165;12,253;1;1;3;1;2;1;1;1;1
227665;12,308;2;1;3;1;1;4;1;1;1
229165;12,351;2;1;3;1;1;4;1;1;1
230665;12,412;3;2;4;1;1;5;1;1;1
232165;12,475;5;1;3;1;1;6;4;1;2
233665;12,529;5;1;4;2;1;6;1;1;3
235165;12,584;3;1;4;1;1;5;1;1;2
236665;12,633;2;1;3;1;1;4;1;1;1
238165;12,676;4;1;3;1;1;5;1;1;2
239665;12,719;2;4;3;1;1;5;1;1;1
241193;12,77;4;2;3;1;1;5;1;1;1
242693;12,833;4;3;5;2;1;1;1;1;1
244193;12,893;3;4;1;2;1;1;1;1;1
245693;12,952;2;3;4;1;1;1;1;1;1
247193;13,008;6;4;2;5;3;1;1;1;1
248693;13,064;2;1;4;3;5;1;1;1;1
250193;13,113;4;1;5;2;1;3;6;1;1
251693;13,158;5;1;3;2;1;1;4;1;1
252693;13,188;1;1;3;2;1;1;1;1;1
253693;13,215;2;1;3;1;1;1;1;1;1
255193;13,263;3;2;4;1;1;1;1;1;5
256722;13,341;4;3;5;1;1;1;1;1;2
258222;13,404;4;3;6;1;1;2;1;1;5
259722;13,467;5;1;3;1;1;4;1;1;2
261222;13,532;2;1;4;1;1;1;1;1;3
262722;13,595;4;1;5;1;1;2;1;1;3
264222;13,685;1;1;4;1;1;3;1;1;2
265722;13,755;4;1;2;1;5;3;1;1;1
267222;13,828;3;2;4;1;1;6;5;1;1
268722;13,912;1;2;4;1;1;5;3;1;1
269722;13,966;1;2;3;1;1;1;1;1;1
271222;14,05;1;2;3;1;1;4;1;1;1
272754;14,208;1;3;5;2;1;1;1;1;4
274254;14,286;1;1;4;2;5;1;1;1;3
275754;14,364;2;1;6;1;5;1;4;1;3
277254;14,445;4;1;2;1;3;1;5;1;1
278254;14,499;1;1;3;1;2;1;1;1;1
279754;14,581;2;1;3;1;1;4;1;1;1
281254;14,653;4;3;5;1;1;2;1;1;1
282754;14,741;4;3;5;2;1;1;1;1;1
284254;14,809;1;6;3;5;1;1;4;1;2
285754;14,884;1;3;4;2;1;1;5;1;1
286754;14,929;1;1;2;3;1;1;1;1;1
288287;15,008;1;4;3;1;2;1;1;1;1
289787;15,09;1;5;4;3;2;1;1;1;1
291287;15,167;1;5;4;3;2;1;1;1;1
292787;15,248;1;2;6;3;5;1;1;1;4
294287;15,337;1;5;2;3;1;1;1;1;4
295787;15,412;1;4;3;2;1;1;1;1;1
297287;15,482;1;4;2;3;1;1;1;1;1
298787;15,544;1;4;3;2;1;1;1;1;5
300287;15,605;3;5;2;1;1;1;1;1;4
301787;15,663;3;6;2;1;4;1;1;1;5
303287;15,722;4;1;2;1;5;1;1;1;3
304816;15,789;2;1;1;1;4;1;1;1;3
306316;15,851;1;1;3;1;4;1;1;1;2
307816;15,915;3;1;2;1;5;1;1;1;4
309316;15,978;2;1;1;1;4;5;1;1;3
310816;16,038;2;1;1;1;4;5;1;1;3
312316;16,097;3;1;1;1;4;5;1;1;2
313816;16,174;1;1;1;1;3;4;1;1;2
315316;16,24;1;1;1;1;3;4;1;1;2
316816;16,302;3;1;6;1;2;5;1;1;4
318316;16,368;5;1;3;1;1;2;1;1;4
319816;16,43;3;1;2;1;1;5;1;1;4
321350;16,519;2;1;3;1;1;1;1;1;4
322850;16,586;1;1;4;1;1;3;1;1;2
324350;16,649;4;1;3;1;1;2;1;1;5
325850;16,762;4;1;3;1;2;5;1;1;1
327350;16,841;4;1;3;2;1;5;1;1;1
328850;16,924;3;1;4;1;1;2;1;1;1
330350;17,035;4;2;1;5;1;3;1;1;1
331850;17,096;3;2;1;1;1;4;1;1;1
333350;17,159;4;3;1;2;1;1;1;1;5
334850;17,222;5;1;1;2;4;1;1;1;3
336350;17,275;2;1;1;1;4;1;1;1;3
337876;17,335;2;1;1;3;5;1;1;1;4
339376;17,399;4;1;1;3;2;1;1;1;1
340876;17,468;3;1;1;1;2;5;1;1;4
342376;17,54;5;1;1;1;2;4;1;1;3
343876;17,61;3;1;1;1;1;2;1;1;4
345376;17,683;1;1;1;1;2;4;1;1;3
346876;17,748;2;1;3;1;1;5;1;1;4
348376;17,805;3;1;1;2;1;5;1;1;4
349876;17,873;2;1;1;3;1;1;1;1;4
351376;17,94;4;3;1;2;1;1;1;1;5
352876;18,008;1;4;1;2;1;1;1;1;3
354413;18,077;3;4;1;2;1;1;1;1;5
355913;18,143;5;4;2;3;1;1;1;1;1
357413;18,207;3;1;4;2;1;1;1;1;1
358913;18,273;2;5;1;4;1;3;1;1;1
360413;18,339;1;3;1;2;1;4;1;1;1
361913;18,408;3;4;1;2;1;1;1;1;1
363413;18,478;1;3;1;2;4;6;1;1;5
364913;18,544;1;3;1;2;1;5;1;1;4
366413;18,612;1;2;3;1;1;5;1;1;4
367913;18,682;1;2;1;1;1;3;1;1;4
369413;18,751;1;1;2;1;1;4;1;1;3
370946;18,829;4;2;1;1;1;5;1;1;3
372446;18,898;2;3;1;1;1;5;1;1;4
373946;18,97;1;3;1;2;1;5;1;1;4
375446;19,043;1;3;1;2;1;1;1;1;4
376946;19,114;1;2;1;1;1;4;1;1;3
378446;19,183;1;3;2;5;1;1;1;1;4
379946;19,253;1;4;2;3;1;1;1;1;1
381446;19,322;2;5;1;3;6;1;1;1;4
382946;19,39;1;4;1;2;3;1;1;1;5
