Iteration;Time;QI-0;QI-1;QI-2;QI-3;QI-4;QI-5;QI-6;QI-7;QI-8;
2141;1,04;4;9;8;6;5;7;3;1;2
3641;1,21;1;3;1;4;5;2;1;1;1
5191;1,347;1;1;1;3;2;4;1;1;1
6691;1,416;1;2;1;3;1;4;1;1;1
8191;1,634;1;4;1;3;2;1;1;1;1
10231;1,8;6;8;1;4;5;7;2;1;3
11731;1,901;6;1;3;5;3;2;1;1;1
13231;2,006;4;1;2;3;1;5;1;1;1
14731;2,113;3;1;4;2;1;1;1;1;1
16260;2,219;1;1;3;2;1;4;1;1;1
17760;2,295;4;1;2;1;1;3;1;1;1
19760;2,415;5;7;6;1;1;8;1;1;1
21260;2,506;3;2;5;1;1;4;1;1;1
22760;2,617;2;3;4;1;1;1;1;1;1
24291;2,717;1;2;3;1;1;4;1;1;1
25791;2,794;3;4;2;1;1;1;1;1;1
27291;2,869;1;4;2;3;1;5;1;1;1
28791;2,93;1;4;3;1;1;2;1;1;1
30791;3,024;1;4;5;8;7;3;1;1;6
32291;3,098;1;5;4;3;2;1;1;1;1
33812;3,173;1;1;4;3;2;1;1;1;1
35312;3,243;2;3;1;5;4;1;1;1;1
36812;3,317;2;1;1;3;4;1;1;1;1
38312;3,408;2;4;1;1;3;5;1;1;1
39812;3,495;3;5;1;1;4;2;1;1;1
41312;3,59;2;4;1;1;3;1;1;1;1
43312;3,714;3;6;4;1;5;7;1;1;1
44843;3,817;1;4;2;1;5;3;1;1;1
46367;4,007;1;4;1;3;2;5;1;1;1
47867;4,08;1;3;1;1;2;4;1;1;1
49402;4,17;1;4;1;3;1;5;1;1;2
50902;4,247;1;1;1;2;1;4;1;1;3
52402;4,324;2;3;1;1;1;4;1;1;1
53929;4,385;3;5;2;4;1;1;1;1;1
55429;4,454;1;2;4;3;1;1;1;1;1
56929;4,529;5;1;3;2;4;1;1;1;1
58429;4,597;4;1;2;5;3;1;1;1;1
59950;4,675;4;1;3;1;2;1;1;1;1
61450;4,758;2;1;4;1;3;5;1;1;1
62950;4,83;4;1;1;1;2;3;1;1;1
64450;4,904;1;4;2;1;3;5;1;1;1
65950;4,975;1;3;1;1;2;4;1;1;1
67467;5,057;1;4;1;1;3;2;1;1;5
68967;5,105;1;5;1;4;3;2;1;1;1
70467;5,164;1;4;1;1;3;2;1;1;1
71967;5,208;3;5;1;4;1;2;1;1;1
73467;5,255;2;1;1;3;1;4;1;1;1
74967;5,313;1;4;2;3;1;5;1;1;1
76493;5,396;1;3;2;1;1;5;1;1;4
77993;5,481;1;4;2;1;1;3;1;1;1
79493;5,576;1;3;1;1;2;4;1;1;1
80993;5,665;1;4;1;1;2;3;1;1;1
82493;5,745;2;5;4;1;3;1;1;1;1
83993;5,827;5;4;3;1;2;1;1;1;1
85493;5,914;4;5;2;1;3;1;1;1;1
87017;5,998;1;4;2;1;3;1;1;1;1
88517;6,085;3;4;1;1;2;1;1;1;1
90017;6,164;2;3;1;1;4;5;1;1;1
91517;6,24;1;3;1;1;2;4;1;1;1
93017;6,307;1;4;1;3;2;5;1;1;1
94517;6,376;1;5;1;1;3;4;1;1;1
95517;6,422;1;2;1;1;1;3;1;1;1
97017;6,496;1;1;3;1;2;4;1;1;1
98534;6,557;1;4;1;1;3;2;1;1;1
100034;6,621;1;5;2;1;3;4;1;1;1
101534;6,688;1;4;2;5;1;3;1;1;1
103034;6,754;1;3;1;4;1;2;1;1;1
104534;6,822;1;4;2;1;1;3;1;1;5
106034;6,903;1;3;1;1;1;4;1;1;1
107034;6,945;1;3;1;1;1;2;1;1;1
108534;7,02;5;4;1;1;2;3;1;1;1
110034;7,106;1;3;1;1;4;2;1;1;1
111558;7,209;5;1;1;2;3;4;1;1;1
113058;7,315;2;1;1;5;4;3;1;1;1
114558;7,374;4;1;1;1;1;3;1;1;1
116058;7,432;2;1;3;1;4;5;1;1;1
117558;7,511;1;1;2;1;3;4;1;1;1
119058;7,632;1;5;3;1;2;4;1;1;1
120558;7,748;1;4;1;1;2;3;1;1;1
122058;7,826;1;4;2;1;3;1;1;1;5
123558;7,92;1;3;1;4;2;1;1;1;5
125058;7,989;1;4;1;2;3;1;1;1;1
126581;8,063;2;3;1;4;1;1;1;1;1
128081;8,13;1;3;1;4;2;1;1;1;1
129581;8,236;3;4;1;5;1;2;1;1;1
131081;8,308;3;4;1;5;1;2;1;1;1
132581;8,376;4;1;1;2;1;5;1;1;1
134081;8,454;4;1;1;1;1;5;1;1;1
135581;8,526;1;3;1;4;1;2;1;1;1
137081;8,604;1;4;1;5;3;2;1;1;1
138581;8,687;1;3;1;1;1;2;1;1;1
140081;8,766;1;2;1;3;4;5;1;1;1
141581;8,836;1;4;1;3;1;5;1;1;2
143100;8,902;1;1;1;3;1;4;1;1;2
144600;8,974;1;3;1;4;1;2;1;1;1
146100;9,039;2;4;1;1;1;3;1;1;1
147600;9,114;2;4;1;1;1;3;1;1;1
149100;9,183;2;4;1;1;5;3;1;1;1
150600;9,249;2;5;4;1;3;6;1;1;1
152100;9,315;1;5;4;1;3;2;1;1;1
153600;9,393;1;1;3;1;2;4;1;1;1
155100;9,449;1;3;1;1;2;4;1;1;1
156600;9,502;1;3;1;2;5;4;1;1;1
158100;9,555;1;3;1;2;1;4;1;1;1
159621;9,612;3;4;1;5;2;6;1;1;1
161121;9,662;1;3;1;4;2;5;1;1;1
162621;9,726;1;3;1;2;1;4;1;1;1
164121;9,807;1;4;1;4;2;3;1;1;1
165621;9,886;1;3;1;1;2;4;1;1;1
167121;9,969;1;3;1;4;1;2;1;1;1
168621;10,049;2;3;1;1;4;5;1;1;1
170121;10,13;2;4;1;1;3;5;1;1;1
171621;10,207;2;3;1;1;1;4;1;1;1
173121;10,269;2;5;3;1;4;1;1;1;1
174621;10,333;1;4;3;1;2;1;1;1;1
176144;10,403;1;4;3;5;2;1;1;1;1
177644;10,467;1;1;2;3;4;1;1;1;1
179144;10,53;1;2;1;3;4;1;1;1;1
180644;10,592;1;4;1;3;2;5;1;1;1
182144;10,655;1;3;1;4;2;5;1;1;1
183644;10,719;3;4;1;1;2;5;1;1;1
185144;10,778;1;2;1;1;3;4;1;1;1
186644;10,822;2;3;1;1;1;4;1;1;1
188144;10,865;1;5;2;1;4;3;1;1;1
189644;10,905;1;2;3;1;1;4;1;1;1
191144;10,948;1;4;3;5;2;1;1;1;1
192663;10,987;1;3;1;2;4;1;1;1;1
194163;11,025;1;2;3;1;4;1;1;1;1
195663;11,064;5;4;2;3;6;1;1;1;1
197163;11,102;1;5;2;4;3;1;1;1;1
198663;11,142;1;3;4;2;1;5;1;1;1
200163;11,185;1;3;1;2;1;4;1;1;1
201663;11,228;1;3;1;2;1;4;1;1;1
203163;11,272;1;4;2;1;1;3;1;1;1
204663;11,316;3;4;2;5;1;1;1;1;1
206163;11,358;4;3;2;1;5;1;1;1;1
207663;11,403;3;4;2;1;1;1;1;1;1
209186;11,45;5;4;3;1;2;1;1;1;1
210686;11,493;2;4;1;1;3;1;1;1;1
212186;11,546;3;1;2;1;4;5;1;1;1
213686;11,611;3;1;5;1;2;4;1;1;1
215186;11,656;1;1;4;1;3;2;1;1;1
216686;11,708;3;1;2;1;1;4;1;1;1
218186;11,757;3;1;2;1;1;4;1;1;1
219686;11,803;1;2;3;1;5;4;1;1;1
221186;11,848;1;1;2;1;3;4;1;1;1
222686;11,896;1;1;6;1;3;4;1;1;5
224186;11,94;1;1;2;1;3;4;1;1;1
225205;11,974;1;1;1;1;2;3;1;1;1
226705;12,033;4;1;2;1;1;3;1;1;1
228205;12,08;3;1;1;1;4;2;1;1;1
229705;12,129;1;3;4;1;2;5;1;1;1
231205;12,194;1;4;3;1;2;5;1;1;1
232705;12,238;1;2;1;1;4;5;1;1;1
234205;12,292;1;3;1;4;2;5;1;1;1
235705;12,353;1;2;1;1;3;4;1;1;1
237205;12,398;1;2;1;3;4;5;1;1;1
238705;12,441;1;1;1;3;2;4;1;1;1
240205;12,485;1;5;1;4;2;3;1;1;1
241731;12,531;1;3;2;4;1;5;1;1;1
243231;12,574;1;4;1;3;1;2;1;1;1
244731;12,618;1;3;1;4;1;2;1;1;1
246231;12,667;5;4;2;3;1;1;1;1;1
247731;12,712;2;3;1;4;1;1;1;1;1
249231;12,754;2;3;1;4;5;1;1;1;1
250731;12,815;5;3;1;4;2;1;1;1;1
252231;12,86;4;2;1;1;3;1;1;1;1
253731;12,905;2;3;1;4;1;5;1;1;1
255231;12,949;2;3;1;4;1;1;1;1;1
256731;13,001;1;2;4;3;1;5;1;1;1
258259;13,075;1;3;1;2;1;4;1;1;1
259759;13,153;1;2;1;3;1;4;1;1;1
261259;13,291;1;2;1;3;4;5;1;1;1
262759;13,355;1;2;1;3;4;5;1;1;1
264259;13,417;1;3;1;2;4;5;1;1;1
265759;13,482;1;2;1;1;3;4;1;1;1
267259;13,554;1;1;1;2;3;4;1;1;1
268759;13,621;1;3;1;4;2;5;1;1;1
270259;13,7;1;3;1;2;1;4;1;1;1
271759;13,78;1;3;1;2;1;4;1;1;1
273259;13,855;3;1;1;5;2;4;1;1;1
274785;13,934;3;1;1;4;1;2;1;1;1
276285;14,004;3;1;1;1;2;4;1;1;1
277785;14,075;3;1;2;1;4;5;1;1;1
279285;14,144;2;1;1;1;4;3;1;1;1
280785;14,214;2;4;1;1;3;5;1;1;1
282285;14,284;2;3;1;1;1;4;1;1;1
283785;14,355;3;2;1;1;1;4;1;1;1
285285;14,432;2;3;1;4;1;5;1;1;1
286785;14,5;1;4;1;3;1;2;1;1;1
288285;14,554;4;3;1;2;1;5;1;1;1
289785;14,629;1;2;1;3;1;4;1;1;1
291310;14,71;1;2;1;3;1;4;1;1;1
292810;14,786;1;4;1;3;2;5;1;1;1
294310;14,867;1;1;1;2;3;4;1;1;1
295810;14,944;1;3;1;2;1;4;1;1;1
297310;15,022;1;3;1;4;2;5;1;1;1
298810;15,104;1;3;1;2;1;4;1;1;1
300310;15,169;2;3;1;4;1;5;1;1;1
301810;15,232;1;2;1;3;1;4;1;1;1
303310;15,3;1;3;1;4;1;2;1;1;1
304810;15,364;1;3;1;4;1;2;1;1;1
306310;15,429;1;2;1;3;1;4;1;1;1
307840;15,505;3;5;2;4;1;6;1;1;1
309340;15,569;1;2;4;3;1;5;1;1;1
310840;15,634;1;3;1;2;1;4;1;1;1
312340;15,712;1;3;2;4;1;1;1;1;1
313840;15,785;1;3;1;2;1;4;1;1;1
315340;15,869;1;4;2;3;1;1;1;1;1
316840;15,939;4;1;3;5;2;6;1;1;1
318340;16,009;1;1;4;3;2;5;1;1;1
319840;16,075;1;1;1;2;3;4;1;1;1
321340;16,139;1;1;3;2;1;4;1;1;1
322840;16,202;1;1;1;3;2;4;1;1;1
324364;16,274;1;4;2;3;1;5;1;1;1
325864;16,337;2;4;1;3;1;5;1;1;1
327364;16,419;1;3;1;2;1;4;1;1;1
328864;16,503;2;1;1;3;1;4;1;1;1
330364;16,569;1;4;1;3;1;2;1;1;1
331864;16,641;1;4;1;3;2;5;1;1;1
333364;16,709;1;3;1;2;4;5;1;1;1
334864;16,779;1;3;1;1;2;4;1;1;1
336364;16,85;1;3;1;2;1;4;1;1;1
337864;16,919;1;2;1;3;1;4;1;1;1
339364;16,987;5;3;1;4;2;1;1;1;1
340885;17,061;1;3;1;2;4;1;1;1;1
342385;17,128;2;4;1;3;5;1;1;1;1
343885;17,206;1;2;1;3;4;1;1;1;1
345385;17,254;2;3;1;4;1;1;1;1;1
346885;17,303;1;2;1;2;4;5;1;1;1
348385;17,376;1;3;1;3;1;2;1;1;1
349885;17,449;1;4;1;1;2;3;1;1;1
351385;17,522;1;2;1;3;1;4;1;1;1
352885;17,585;1;4;3;1;2;5;1;1;1
354385;17,656;3;4;2;1;1;5;1;1;1
355885;17,725;2;4;3;1;1;1;1;1;1
357404;17,797;2;3;1;1;1;4;1;1;1
358935;17,901;3;4;2;1;1;1;1;1;1
360435;17,971;1;2;3;4;1;5;1;1;1
361959;18,046;1;3;1;2;4;5;1;1;1
363459;18,119;1;3;1;2;1;4;1;1;1
364959;18,188;1;3;1;4;1;2;1;1;1
366487;18,263;1;3;1;2;1;4;1;1;1
367987;18,333;2;4;1;3;1;5;1;1;1
369487;18,403;1;3;4;2;1;5;1;1;1
370987;18,544;1;2;1;4;1;3;1;1;1
372513;18,693;1;3;1;2;1;4;1;1;1
374013;18,763;1;2;3;1;1;4;1;1;1
375513;18,837;1;3;4;2;1;5;1;1;1
377013;18,899;2;4;1;3;1;5;1;1;1
378513;18,97;1;2;1;4;1;3;1;1;1
380039;19,028;1;2;1;4;1;3;1;1;1
381539;19,096;1;3;1;2;1;4;1;1;1
383039;19,162;1;3;1;2;1;4;1;1;1
384539;19,234;3;6;2;5;1;4;1;1;1
386039;19,304;5;2;1;3;1;4;1;1;1
387539;19,374;2;4;1;3;1;1;1;1;1
389055;19,431;2;4;1;3;1;1;1;1;1
390555;19,49;1;4;1;3;1;2;1;1;1
392055;19,561;4;2;1;1;1;3;1;1;1
393555;19,633;5;4;2;