Iteration;Time;TD-0;TD-1;TD-2;TD-3;TD-4;TD-5;TD-6;TD-7;TD-8;
2132;0,857;0;4;4;0;0;0;4;4;0
3632;1,004;0;3;3;4;0;0;3;3;0
5185;1,177;0;2;2;3;0;0;2;2;0
6685;1,275;0;1;1;2;0;0;1;1;0
8185;1,354;0;0;0;1;0;0;0;0;0
10221;1,486;0;0;5;0;0;0;0;5;4
11721;1,585;0;0;4;0;4;0;4;4;3
13221;1,683;0;0;3;0;3;0;3;3;2
14721;1,761;0;0;2;0;2;0;2;2;1
16247;1,841;0;0;1;0;1;0;1;1;0
17747;1,909;0;0;0;0;0;0;0;0;5
19747;2,015;0;0;6;0;5;0;0;6;4
21247;2,094;4;0;5;0;4;0;4;5;3
22247;2,146;3;0;4;0;3;0;3;4;2
23267;2,192;2;0;3;0;2;0;2;3;1
24267;2,238;1;0;2;0;1;0;1;2;0
25767;2,295;0;0;1;0;0;0;0;1;0
27767;2,387;0;0;0;0;6;0;0;0;4
29767;2,464;0;0;0;0;5;0;4;7;3
31267;2,539;0;0;4;0;4;0;3;6;2
32799;2,628;0;0;3;0;3;0;2;5;1
34299;2,702;0;0;2;0;2;0;1;4;0
35799;2,765;0;0;1;0;1;4;0;3;0
37299;2,829;0;0;0;0;0;3;0;2;4
38799;2,924;0;4;0;0;0;2;0;1;3
40299;2,997;0;3;0;0;4;1;0;0;2
41799;3,092;0;2;0;0;3;0;4;8;1
43327;3,185;0;1;0;0;2;0;3;99;0
44827;3,273;0;0;0;0;1;0;2;99;5
46327;3,348;0;5;0;0;0;0;1;99;4
47827;3,421;0;4;0;0;0;4;0;99;3
49327;3,495;0;3;4;0;0;3;0;99;2
50827;3,571;0;2;3;0;0;2;4;99;1
51827;3,613;0;1;2;0;0;1;3;99;0
53327;3,69;0;0;1;0;0;0;2;99;0
54857;3,775;0;0;0;0;0;0;1;99;4
56357;3,851;0;0;0;0;4;0;0;99;3
57857;3,912;0;0;0;0;3;0;5;99;2
59357;3,966;0;0;0;0;2;4;4;99;1
60857;4,041;0;0;0;0;1;3;3;99;0
62357;4,104;0;0;0;0;0;2;2;99;5
63857;4,161;0;0;0;0;5;1;1;99;4
65357;4,219;0;0;0;0;4;0;0;99;3
66857;4,289;4;0;0;0;3;0;0;99;2
68391;4,377;3;0;4;0;2;0;4;99;1
69391;4,43;2;0;3;0;1;0;3;99;0
70891;4,477;1;0;2;0;0;0;2;99;0
72391;4,532;0;0;1;4;0;0;1;99;0
73891;4,605;0;0;0;3;0;4;0;99;0
75391;4,686;0;0;0;2;0;3;0;99;4
76891;4,756;0;0;4;1;0;2;4;99;3
77891;4,794;0;0;3;0;0;1;3;99;2
79391;4,851;0;0;2;0;0;0;2;99;1
80891;4,927;0;0;1;4;0;0;1;99;0
82424;5,025;0;0;0;3;0;4;0;99;0
83924;5,115;0;0;0;2;0;3;0;99;4
85424;5,204;0;0;4;1;0;2;4;99;3
86424;5,255;0;0;3;0;0;1;3;99;2
87924;5,31;0;0;2;0;0;0;2;99;1
89424;5,377;0;0;1;4;0;0;1;99;0
90924;5,505;0;0;0;3;0;4;0;99;0
92424;5,562;0;0;0;2;0;3;0;99;4
93924;5,635;0;0;0;1;4;2;4;99;3
94924;5,679;0;0;0;0;3;1;3;99;2
96424;5,75;0;0;0;0;2;0;2;99;1
97953;5,829;0;0;0;0;1;5;1;99;0
99453;5,9;0;0;0;0;0;4;0;99;5
100953;5,968;0;0;0;0;5;3;0;99;4
102453;6,037;0;0;4;0;4;2;4;99;3
103453;6,081;0;0;3;0;3;1;3;99;2
104453;6,125;0;0;2;0;2;0;2;99;1
105953;6,187;0;0;1;0;1;0;1;99;0
107453;6,251;0;0;0;0;0;0;0;99;6
109453;6,347;0;0;0;4;0;4;0;99;5
110953;6,423;0;0;0;3;4;3;4;99;4
111953;6,47;0;0;0;2;3;2;3;99;3
112971;6,521;0;0;0;1;2;1;2;99;2
113971;6,572;0;0;0;0;1;0;1;99;1
115471;6,651;0;0;0;5;0;0;0;99;0
117471;6,742;0;0;0;4;0;4;5;99;0
118971;6,819;0;0;0;3;4;3;4;99;0
120471;6,949;0;0;0;2;3;2;3;99;0
121971;7,019;0;0;0;1;2;1;2;99;0
123471;7,088;0;0;0;0;1;0;1;99;0
124971;7,156;0;0;0;6;0;0;0;99;0
126971;7,288;0;0;0;5;5;0;0;99;4
128471;7,351;0;0;4;4;4;0;4;99;3
129490;7,402;0;0;3;3;3;0;3;99;2
130490;7,451;0;0;2;2;2;0;2;99;1
131490;7,539;0;0;1;1;1;0;1;99;0
132990;7,609;0;0;0;0;0;0;0;99;0
134990;7,703;0;4;0;0;6;0;0;99;4
136490;7,776;0;3;4;0;5;0;4;99;3
137490;7,821;0;2;3;0;4;0;3;99;2
138490;7,873;0;1;2;0;3;0;2;99;1
139490;7,949;0;0;1;0;2;0;1;99;0
140990;8,044;0;0;0;4;1;0;0;99;0
142490;8,128;0;0;0;3;0;0;0;99;4
144023;8,26;0;0;0;2;0;0;4;99;3
145523;8,333;0;4;0;1;0;0;3;99;2
147023;8,414;0;3;0;0;0;0;2;99;1
148523;8,483;0;2;0;5;0;0;1;99;0
150023;8,548;0;1;0;4;0;4;0;99;0
151523;8,63;0;0;0;3;0;3;5;99;0
153023;8,706;0;0;0;2;0;2;4;99;4
154523;8,774;0;0;0;1;0;1;3;99;3
156023;8,85;0;0;0;0;0;0;2;99;2
157523;8,945;4;0;0;0;0;0;1;99;1
159023;9,015;3;0;0;0;4;0;0;99;0
160552;9,093;2;4;0;0;3;0;0;99;0
162052;9,164;1;3;0;4;2;0;4;99;0
163052;9,212;0;2;0;3;1;0;3;99;0
164552;9,28;0;1;0;2;0;0;2;99;0
166052;9,353;0;0;0;1;5;0;1;99;0
167552;9,427;0;0;0;0;4;4;0;99;0
169052;9,501;0;0;0;0;3;3;0;99;4
170552;9,557;0;0;4;0;2;2;4;99;3
171552;9,584;0;0;3;0;1;1;3;99;2
172552;9,612;0;0;2;0;0;0;2;99;1
174052;9,662;0;0;1;0;6;0;1;99;0
175584;9,739;0;0;0;4;5;0;0;99;0
177084;9,805;0;0;0;3;4;0;0;99;4
178584;9,848;4;0;0;2;3;0;4;99;3
179584;9,887;3;0;0;1;2;0;3;99;2
180584;9,932;2;0;0;0;1;0;2;99;1
182084;9,999;1;0;0;0;0;0;1;99;0
183584;10,065;0;0;4;0;0;0;0;99;0
185584;10,139;0;0;3;0;4;0;5;99;0
187084;10,183;0;0;2;4;3;0;4;99;0
188584;10,231;0;0;1;3;2;0;3;99;0
190084;10,274;0;0;0;2;1;0;2;99;0
191608;10,324;0;0;0;1;0;4;1;99;0
193108;10,371;0;0;0;0;0;3;0;99;4
194608;10,415;0;0;0;5;0;2;0;99;3
196108;10,458;0;0;0;4;0;1;4;99;2
197608;10,503;0;0;0;3;0;0;3;99;1
199108;10,568;0;0;4;2;0;0;2;99;0
200608;10,633;0;0;3;1;4;0;1;99;0
202108;10,701;0;0;2;0;3;0;0;99;0
203608;10,742;0;0;1;0;2;0;5;99;0
205108;11,041;0;0;0;0;1;4;4;99;0
206608;11,11;0;0;0;4;0;3;3;99;0
208137;11,425;0;4;0;3;0;2;2;99;0
209637;11,495;0;3;0;2;0;1;1;99;0
211137;11,572;0;2;0;1;0;0;0;99;0
212637;11,642;0;1;4;0;0;0;6;99;0
214137;11,712;0;0;3;5;0;0;5;99;0
215637;11,78;0;0;2;4;4;0;4;99;0
217137;11,851;0;0;1;3;3;0;3;99;0
218637;11,924;0;0;0;2;2;0;2;99;0
220137;11,993;0;0;0;1;1;4;1;99;0
221637;12,058;0;0;0;0;0;3;0;99;0
223637;12,144;0;4;0;6;0;2;0;99;0
225165;12,212;0;3;0;5;0;1;4;99;4
226165;12,253;0;2;0;4;0;0;3;99;3
227665;12,308;0;1;0;3;0;0;2;99;2
229165;12,351;0;0;0;2;0;0;1;99;1
230665;12,412;0;0;0;1;4;0;0;99;0
232165;12,475;0;4;0;0;3;0;0;99;0
233665;12,529;0;3;0;0;2;0;4;99;0
235165;12,584;0;2;0;4;1;0;3;99;0
236665;12,633;0;1;0;3;0;0;2;99;0
238165;12,677;0;0;0;2;5;0;1;99;0
239665;12,719;0;0;0;1;4;0;0;99;4
241193;12,77;0;0;0;0;3;0;5;99;3
242693;12,833;0;0;0;0;2;4;4;99;2
244193;12,893;0;0;0;0;1;3;3;99;1
245693;12,952;0;0;0;0;0;2;2;99;0
247193;13,008;0;0;0;0;0;1;1;99;5
248693;13,064;0;4;0;0;0;0;0;99;4
250193;13,113;0;3;0;0;4;0;0;99;3
251693;13,158;0;2;0;0;3;4;4;99;2
252693;13,188;0;1;0;0;2;3;3;99;1
253693;13,215;0;0;0;0;1;2;2;99;0
255193;13,263;0;0;0;4;0;1;1;99;0
256722;13,341;0;0;0;3;5;0;0;99;0
258222;13,404;0;0;0;2;4;0;5;99;0
259722;13,467;0;4;0;1;3;0;4;99;0
261222;13,532;0;3;0;0;2;0;3;99;0
262722;13,595;0;2;0;5;1;0;2;99;0
264222;13,685;0;1;0;4;0;0;1;99;0
265722;13,755;0;0;0;3;0;0;0;99;4
267222;13,828;0;0;0;2;4;0;0;99;3
268722;13,912;4;0;0;1;3;0;4;99;2
269722;13,966;3;0;0;0;2;0;3;99;1
271222;14,05;2;0;0;0;1;0;2;99;0
272754;14,208;1;0;0;0;0;4;1;99;0
274254;14,286;0;4;0;0;0;3;0;99;0
275754;14,364;0;3;0;4;0;2;0;99;0
277254;14,445;0;2;0;3;0;1;4;99;4
278254;14,499;0;1;0;2;0;0;3;99;3
279754;14,581;0;0;0;1;0;0;2;99;2
281254;14,653;0;0;0;0;4;0;1;99;1
282754;14,741;0;0;0;0;3;4;0;99;0
284254;14,809;4;0;0;0;2;3;0;99;0
285754;14,884;3;0;0;0;1;2;4;99;4
286754;14,929;2;0;0;0;0;1;3;99;3
288287;15,008;1;0;0;0;0;0;2;99;2
289787;15,09;0;0;0;0;0;5;1;99;1
291287;15,167;5;0;0;0;0;4;0;99;0
292787;15,248;4;0;0;0;0;3;5;99;0
294287;15,337;3;0;0;0;4;2;4;99;0
295787;15,412;2;0;0;0;3;1;3;99;0
297287;15,482;1;0;0;0;2;0;2;99;0
298787;15,544;0;0;0;0;1;6;1;99;0
300287;15,605;0;0;0;4;0;5;0;99;0
301787;15,663;0;0;0;3;0;4;6;99;0
303287;15,722;0;4;0;2;0;3;5;99;0
304816;15,789;0;3;0;1;0;2;4;99;0
306316;15,851;0;2;0;0;0;1;3;99;0
307816;15,915;0;1;0;5;0;0;2;99;0
309316;15,978;0;0;4;4;0;0;1;99;0
310816;16,038;0;5;3;3;0;0;0;99;0
312316;16,097;0;4;2;2;0;0;7;99;0
313816;16,174;0;3;1;1;0;0;6;99;0
315316;16,24;0;2;0;0;0;0;5;99;0
316816;16,302;0;1;0;6;0;0;4;99;0
318316;16,368;0;0;0;5;4;0;3;99;0
319816;16,43;0;6;0;4;3;0;2;99;0
321350;16,519;0;5;0;3;2;0;1;99;0
322850;16,586;0;4;0;2;1;0;0;99;0
324350;16,649;0;3;0;1;0;0;8;99;0
325850;16,762;0;2;0;0;0;0;99;99;4
327350;16,841;0;1;0;0;4;0;99;99;3
328850;16,924;0;0;0;0;3;0;99;99;2
330350;17,035;0;0;4;0;2;0;99;99;1
331850;17,096;0;0;3;0;1;0;99;99;0
333350;17,159;0;0;2;0;0;4;99;99;0
334850;17,222;0;4;1;0;0;3;99;99;0
336350;17,275;0;3;0;0;0;2;99;99;0
337876;17,335;0;2;5;0;0;1;99;99;0
339376;17,399;0;1;4;0;0;0;99;99;0
340876;17,468;0;0;3;4;0;0;99;99;0
342376;17,54;0;5;2;3;0;0;99;99;0
343876;17,61;0;4;1;2;0;0;99;99;0
345376;17,683;0;3;0;1;0;0;99;99;0
346876;17,748;0;2;0;0;4;0;99;99;0
348376;17,805;0;1;4;0;3;0;99;99;0
349876;17,873;0;0;3;0;2;0;99;99;0
351376;17,94;0;0;2;0;1;4;99;99;0
352876;18,008;0;0;1;0;0;3;99;99;0
354413;18,077;0;0;0;0;5;2;99;99;0
355913;18,143;0;0;0;0;4;1;99;99;4
357413;18,207;0;0;0;0;3;0;99;99;3
358913;18,273;0;0;4;0;2;0;99;99;2
360413;18,339;0;0;3;0;1;0;99;99;1
361913;18,408;0;0;2;0;0;0;99;99;0
363413;18,478;4;0;1;0;0;0;99;99;0
364913;18,544;3;0;0;0;4;0;99;99;0
366413;18,612;2;0;0;4;3;0;99;99;0
367913;18,682;1;0;0;3;2;0;99;99;0
369413;18,751;0;0;0;2;1;0;99;99;0
370946;18,829;0;0;4;1;0;0;99;99