Iteration;Time;QI-0;QI-1;QI-2;QI-3;QI-4;QI-5;QI-6;QI-7;QI-8;
2146;1,136;7;4;3;8;5;9;2;1;6
3747;1,34;1;1;1;4;5;3;1;1;2
5247;1,44;1;1;1;2;4;1;1;1;3
6800;1,591;1;1;1;1;3;4;1;1;2
8300;1,702;1;1;1;1;2;4;1;1;3
10300;1,798;1;6;7;4;1;3;7;1;5
12338;1,949;2;5;4;1;1;7;6;1;3
13838;2,019;1;3;4;1;1;1;1;1;2
15338;2,098;1;3;4;1;1;1;1;1;2
16838;2,201;1;4;3;1;1;1;1;1;2
18360;2,373;1;3;4;1;2;5;1;1;1
20360;2,493;1;6;5;3;4;7;1;1;1
21860;2,59;1;4;3;5;2;6;1;1;1
23360;2,677;1;4;3;1;2;5;1;1;1
24860;2,735;1;4;3;1;2;1;1;1;1
26390;2,869;1;4;3;1;2;5;1;1;1
27890;2,979;1;4;2;1;1;3;1;1;1
29390;3,05;1;4;2;1;3;5;1;1;1
30890;3,164;1;4;5;2;3;6;1;1;1
32390;3,248;1;5;4;2;3;6;1;1;1
33890;3,338;1;3;5;1;4;2;1;1;1
35414;3,427;1;3;5;1;4;1;1;1;2
36914;3,52;1;4;3;1;2;1;1;1;1
38414;3,616;1;3;2;1;4;1;1;1;1
39914;3,7;1;5;4;1;2;1;1;1;3
41414;3,79;1;4;5;2;1;1;1;1;3
42914;3,876;1;6;1;4;1;3;1;1;5
44414;3,959;3;4;1;1;1;2;1;1;5
45939;4,05;4;2;1;1;1;3;1;1;1
47439;4,122;2;1;1;1;1;4;1;1;3
48939;4,195;5;1;1;1;1;4;1;1;2
50439;4,271;3;1;1;1;5;6;1;1;4
51939;4,343;2;1;1;6;1;3;5;1;4
53439;4,415;4;1;1;2;1;5;1;1;3
54939;4,485;1;1;1;2;1;4;1;1;3
56439;4,554;2;1;1;3;1;4;1;1;1
57965;4,638;3;1;1;2;1;5;1;1;4
59465;4,714;3;1;1;2;5;6;1;1;4
60965;4,795;3;1;1;2;5;6;1;1;4
62465;4,866;3;1;1;4;2;5;1;1;1
63965;4,936;4;1;1;1;2;3;1;1;1
65465;5,006;3;1;1;2;1;4;1;1;1
66965;5,076;3;1;1;2;4;5;1;1;1
68465;5,146;4;1;1;3;1;2;1;1;1
70465;5,219;6;1;1;4;5;7;1;1;1
71991;5,268;4;1;1;2;1;3;1;1;1
73491;5,315;3;1;1;1;2;4;1;1;1
74991;5,383;4;1;1;3;2;1;1;1;1
76491;5,474;3;1;1;2;1;4;1;1;1
77991;5,553;4;1;1;3;2;5;1;1;1
79491;5,634;4;1;1;1;2;5;1;1;3
80991;5,706;3;1;1;1;2;5;1;1;4
82491;5,772;5;1;1;1;3;4;1;1;1
83491;5,814;2;1;1;1;1;3;1;1;1
84491;5,858;3;1;1;1;1;2;1;1;1
86014;5,928;4;1;1;3;1;2;1;1;1
87514;6,003;3;1;1;2;1;4;1;1;1
89014;6,081;4;1;1;5;3;6;1;1;1
90514;6,161;4;1;1;3;1;2;1;1;1
92014;6,232;3;1;1;4;2;5;1;1;1
93514;6,283;3;1;1;1;2;4;1;1;1
95014;6,345;3;1;1;5;2;4;1;1;1
96514;6,416;3;1;1;1;2;4;1;1;1
98014;6,483;3;1;1;2;4;5;1;1;1
99514;6,55;2;1;1;3;1;4;1;1;1
101014;6,616;1;1;1;3;2;4;1;1;1
102537;6,686;2;3;1;1;4;5;1;1;1
104037;6,752;3;1;1;1;2;4;1;1;1
105537;6,817;3;1;1;1;2;4;1;1;1
107037;6,877;3;1;1;1;2;4;1;1;1
108537;6,94;4;1;1;1;5;6;1;1;1
110037;6,997;3;1;1;4;1;2;1;1;1
111537;7,054;4;1;1;2;3;1;1;1;1
113037;7,112;3;1;1;1;2;4;1;1;1
114537;7,16;4;1;1;3;2;1;1;1;1
116037;7,216;4;1;1;2;3;5;1;1;1
117537;7,3;2;1;1;3;1;4;1;1;1
119065;7,393;2;1;1;1;3;4;1;1;1
120565;7,512;2;1;1;3;4;5;1;1;1
122065;7,639;4;1;1;2;3;5;1;1;1
123565;7,788;3;1;1;1;2;4;1;1;1
125065;7,864;4;1;1;2;3;5;1;1;1
126565;7,928;4;1;1;1;2;3;1;1;1
128065;7,994;3;1;1;1;2;4;1;1;1
129565;8,083;4;1;1;2;1;3;1;1;1
131065;8,147;3;1;1;1;2;4;1;1;1
132565;8,209;3;1;1;2;1;4;1;1;1
134065;8,271;4;1;1;2;1;3;1;1;5
135593;8,339;5;3;2;1;1;6;1;1;4
137093;8,4;3;1;1;1;1;5;1;1;4
138093;8,441;3;1;1;1;1;2;1;1;1
139093;8,486;3;1;1;1;1;2;1;1;1
140593;8,551;4;1;1;1;2;3;1;1;1
142093;8,615;2;1;1;1;4;5;1;1;3
143593;8,687;4;1;1;1;5;6;1;1;1
144593;8,736;3;1;1;1;1;2;1;1;1
145593;8,782;2;1;1;1;1;3;1;1;1
146593;8,825;2;1;1;1;1;3;1;1;1
147593;8,867;1;1;1;1;2;3;1;1;1
149118;8,933;1;1;1;2;4;5;1;1;3
150618;9,019;1;1;1;4;5;6;1;1;1
151618;9,059;1;1;1;3;2;1;1;1;1
152618;9,11;1;1;1;3;1;2;1;1;1
153618;9,158;1;1;1;2;1;3;1;1;1
155118;9,227;2;1;1;3;1;4;1;1;1
156618;9,284;3;1;1;2;5;4;1;1;1
158118;9,334;2;1;1;3;1;4;1;1;1
159618;9,382;4;1;1;6;3;5;1;1;1
161118;9,436;2;1;1;3;1;4;1;1;1
162618;9,485;2;1;1;3;1;4;1;1;1
164139;9,544;3;1;1;2;1;4;1;1;1
165639;9,624;2;1;1;3;4;5;1;1;1
167139;9,7;3;1;1;1;2;4;1;1;1
168639;9,776;2;1;1;3;1;4;1;1;1
170139;9,827;3;1;1;1;2;4;1;1;1
171639;9,874;3;1;1;5;4;6;1;1;1
173139;9,916;1;1;1;2;3;4;1;1;1
174639;9,979;3;1;1;4;2;1;1;1;1
176139;10,02;2;1;1;3;5;4;1;1;1
177639;10,061;4;1;1;3;2;1;1;1;1
179139;10,104;3;1;1;4;1;2;1;1;1
180657;10,149;1;1;1;4;2;3;1;1;1
182157;10,195;3;1;1;4;1;2;1;1;1
183657;10,24;1;1;1;2;3;4;1;1;1
185157;10,303;5;1;1;4;3;6;1;1;1
186657;10,352;3;1;1;2;1;4;1;1;1
188157;10,396;2;1;1;3;4;5;1;1;1
189657;10,44;2;1;1;3;1;4;1;1;1
191157;10,486;3;1;1;2;1;4;1;1;1
192657;10,53;2;1;1;4;3;1;1;1;1
194157;10,573;2;1;1;3;1;4;1;1;1
195657;10,617;2;1;1;3;1;4;1;1;1
197181;10,665;1;1;1;2;3;4;1;1;1
198681;10,707;4;1;1;3;5;6;1;1;1
200181;10,751;1;1;1;4;2;3;1;1;1
201681;10,794;2;1;1;5;4;3;1;1;1
203181;10,838;3;1;1;4;1;2;1;1;1
204681;10,881;3;1;1;2;1;4;1;1;1
206181;10,922;3;1;1;1;2;4;1;1;1
207681;10,963;4;1;1;2;3;1;1;1;1
209181;11,004;2;1;1;1;3;4;1;1;1
210681;11,045;3;1;1;2;1;4;1;1;1
212181;11,098;4;1;1;6;3;5;1;1;1
213706;11,161;3;1;1;4;2;1;1;1;1
215206;11,225;2;1;1;1;5;4;1;1;1
216706;11,29;3;1;1;2;4;5;1;1;1
218206;11,333;3;1;1;2;1;4;1;1;1
219706;11,533;1;1;1;2;3;4;1;1;1
221206;11,584;3;1;1;2;1;4;1;1;1
222706;11,628;1;1;1;2;3;4;1;1;1
224206;11,672;3;1;1;5;2;4;1;1;1
225706;11,717;5;1;1;4;3;6;1;1;1
227206;11,761;3;1;1;1;2;4;1;1;1
228706;11,822;1;1;1;3;2;4;1;1;1
230228;11,888;1;1;1;4;2;3;1;1;1
231728;11,951;4;1;1;2;1;3;1;1;1
233228;12,01;2;1;1;4;3;5;1;1;1
234728;12,076;1;1;1;3;2;4;1;1;1
236228;12,152;4;1;1;3;2;1;1;1;1
237728;12,218;2;1;1;4;1;3;1;1;1
239228;12,286;3;1;1;5;6;4;1;1;1
240728;12,351;1;1;1;3;2;4;1;1;1
242228;12,426;1;1;1;2;3;4;1;1;1
243728;12,491;2;1;1;4;3;5;1;1;1
245228;12,556;3;1;1;2;1;4;1;1;1
246749;12,632;3;1;1;2;1;4;1;1;1
248249;12,696;1;1;1;2;4;3;1;1;1
249749;12,761;2;1;1;3;1;4;1;1;1
251249;12,83;2;1;1;3;4;1;1;1;1
252749;12,897;6;1;1;4;3;5;1;1;1
254249;12,963;1;1;1;3;2;4;1;1;1
255749;13,032;3;1;1;2;4;5;1;1;1
257249;13,092;2;1;1;3;1;4;1;1;1
258749;13,159;1;1;1;2;4;3;1;1;1
260249;13,228;3;1;1;1;2;4;1;1;1
261749;13,294;1;1;1;2;3;4;1;1;1
263273;13,396;1;1;1;3;2;4;1;1;1
264773;13,527;1;1;1;4;3;2;1;1;1
266273;13,605;4;1;1;5;3;6;1;1;1
267773;13,672;2;1;1;3;1;4;1;1;1
269273;13,749;3;1;1;2;1;5;1;1;4
270773;13,81;2;1;1;3;1;4;1;1;1
272273;13,866;3;1;1;2;1;4;1;1;1
273773;13,918;2;1;1;4;1;3;1;1;1
275273;13,98;3;1;1;2;1;4;1;1;1
276773;14,044;2;1;1;1;5;4;1;1;1
278273;14,111;4;1;1;3;2;5;1;1;1
279794;14,181;2;5;6;3;1;4;1;1;1
281319;14,231;2;4;5;3;1;1;1;1;1
282819;14,293;2;3;4;1;1;1;1;1;1
284339;14,361;2;3;4;1;1;1;1;1;1
285839;14,423;5;1;1;4;1;1;1;1;1
287339;14,49;5;1;1;4;3;1;1;1;6
288869;14,56;2;1;1;5;1;3;1;1;4
290369;14,627;2;1;1;3;1;1;1;1;1
291869;14,69;2;1;1;1;1;4;1;1;1
293369;14,752;2;1;1;4;1;3;1;1;1
294892;14,823;6;1;1;5;1;4;1;1;2
296392;14,9;4;1;1;3;2;5;1;1;1
297892;14,965;2;1;1;3;1;4;1;1;1
299392;15,029;3;1;1;2;4;1;1;1;1
300892;15,104;3;1;1;2;1;4;1;1;1
302416;15,174;1;1;1;3;2;4;1;1;1
304446;15,271;7;4;1;6;2;3;1;1;5
305946;15,338;4;1;1;5;1;3;1;1;1
306961;15,38;1;1;1;2;1;3;1;1;1
307961;15,424;2;1;1;3;1;1;1;1;1
308961;15,466;2;1;1;3;1;1;1;1;1
310478;15,53;2;1;1;1;4;3;1;1;1
311978;15,63;4;6;1;5;3;2;1;1;1
313478;15,737;6;2;1;1;4;5;1;1;1
314978;15,795;2;3;1;1;1;4;1;1;1
316501;15,861;1;4;1;1;2;3;1;1;1
318001;15,925;1;2;1;1;3;4;1;1;1
319501;15,993;2;1;1;1;4;3;1;1;1
321001;16,058;4;1;1;5;3;6;1;1;1
322501;16,123;4;1;1;3;2;1;1;1;1
324021;16,244;1;1;1;3;2;4;1;1;1
325521;16,316;4;1;1;3;2;5;1;1;1
327021;16,396;2;1;1;4;1;3;1;1;1
328521;16,464;1;2;1;5;3;4;1;1;1
330021;16,596;1;4;1;2;1;3;1;1;1
331521;16,662;1;4;1;2;3;5;1;1;1
333047;16,741;1;3;1;1;2;4;1;1;1
334547;16,807;1;3;1;1;2;4;1;1;1
336047;16,873;2;4;1;3;1;5;1;1;1
337547;16,979;1;3;1;2;1;4;1;1;1
339047;17,087;2;4;1;3;1;5;1;1;1
340547;17,159;1;4;1;2;1;3;1;1;1
342047;17,241;1;2;1;3;1;4;1;1;1
343569;17,313;1;3;1;2;5;6;1;1;4
345069;17,382;1;3;1;2;4;5;1;1;1
346569;17,453;1;3;1;1;2;4;1;1;1
348069;17,515;1;2;1;3;1;4;1;1;1
349569;17,57;1;4;1;2;1;3;1;1;1
351069;17,629;5;3;1;2;1;4;1;1;1
352569;17,698;3;6;1;4;1;5;1;1;1
354069;17,766;2;4;1;1;1;3;1;1;1
355591;17,84;1;2;1;3;1;4;1;1;1
357091;17,908;2;3;1;1;1;4;1;1;1
358591;17,976;2;1;1;3;4;5;1;1;1
360091;18,037;1;1;1;3;2;4;1;1;1
361591;18,101;2;1;1;3;4;5;1;1;1
363091;18,152;2;1;1;3;1;4;1;1;1
364591;18,217;3;1;1;2;1;4;1;1;1
366091;18,27;2;3;1;6;4;5;1;1;1
367591;18,325;4;3;1;2;1;5;1;1;1
369113;18,391;3;2;1;1;1;4;1;1;1
370613;18,452;1;3;1;2;1;4;1;1;1
372113;18,515;2;3;1;4;1;5;1;1;1
373613;18,58;3;1;1;2;1;4;1;1;1
375113;18,642;2;1;1;3;4;5;1;1;1
376613;18,707;1;1;1;2;3;4;1;1;1
378113;18,773;4;1;1;2;1;3;1;1;1
379613;18,837;2;1;1;3;5;4;1;1;1
381113;18,905;1;1;1;2;3;4;1;1;1
382613;18,977;3;4;1;1;2;5;1;1;1
384133;19,046;1;4;1;1;2;5;1;1;3
385633;19,117;1;2;1;1;3;4;1;1;1
387133;19,186;1;2;1;1;4;3;1;1;1
388633;19,253;1;3;1;1;2;4;1;1;1
390133;