Iteration;Time;BestFitness;LastCalledHeur;IsRelay;NumOfMoves-LLH0;NumOfMoves-LLH1;NumOfMoves-LLH2;NumOfMoves-LLH3;NumOfMoves-LLH4;NumOfMoves-LLH5;NumOfMoves-LLH6;NumOfMoves-LLH7;NumOfMoves-LLH8;LAProb-LLH0;LAProb-LLH1;LAProb-LLH2;LAProb-LLH3;LAProb-LLH4;LAProb-LLH5;LAProb-LLH6;LAProb-LLH7;LAProb-LLH8;
2000;1,121;-34,0;-1;-1;232;130;131;560;131;703;37;40;196;0,07933288002124841;0;0;0,15589650628233864;0,013389990264039942;0,7150734836473148;0;0;0,03630713978505823
3500;1,329;-30,0;-1;-1;408;137;139;1100;166;1476;41;48;257;0;0;0;0,38061114795387435;0,013151969318667927;0,5744696644839941;0;0;0,03176721824346371
5000;1,428;-37,0;-1;-1;408;137;139;1723;189;2272;41;48;315;0;0;0;0,4635934989415453;0,01881390277406451;0,475164425589534;0;0;0,04242817269485618
6500;1,579;-36,0;-1;-1;408;142;143;1979;202;3520;46;51;336;0;0;0;0,030335394538057014;0,0015061350116224819;0,9650364522967602;0;0;0,0031220181535604285
8000;1,69;-36,0;-1;-1;408;142;143;2029;209;4959;46;51;340;0;7,382095488991782E-4;3,9217859956595626E-4;0,019664184672762132;9,9349503295421E-4;0,9760798244031333;2,74988367818028E-5;3,1953182214390776E-8;0,0021045769527211597
10000;1,786;-43,0;-1;-1;408;143;145;2061;209;6919;47;51;344;0,013727308001689335;0,0011189296320570357;5,935361832805294E-4;0,0290070798891073;0;0,9523414393064034;4,1586245496547866E-5;0;0,003170120741965964
12000;1,938;-33,0;-1;-1;444;146;150;2144;211;8819;49;54;355;0;0,0013464311877723787;7,131037310688642E-4;0;0;0,9941877090455083;0;0;0,003752756035650421
13500;2,007;-38,0;-1;-1;444;151;151;2144;211;10307;49;54;361;0;0,0014721613189883423;7,985529579200882E-4;0;0;0,9935855916795037;0;0;0,004143694043587878
15000;2,085;-39,0;-1;-1;444;154;153;2144;211;11797;49;54;366;0;0,002008840581636116;0,0011009451613199887;0;0;0,9912280959333625;0;0;0,005662118323681384
16500;2,189;-41,0;-1;-1;444;156;154;2144;211;13282;49;54;378;0;0,0028743557191310263;0,001586421012942601;0;0,004135866852943551;0,9834915526883468;0;0;0,007911803726636002
18000;2,362;-41,0;-1;-1;445;161;161;2161;221;14747;49;55;400;0;0,004798695411023047;0,0026674161629240754;0,1251547853099302;0,00648420811016428;0,860698608654423;1,960687009135853E-4;2,176506218451417E-7;0
20000;2,482;-34,0;-1;-1;445;167;168;2417;231;16468;49;55;400;0,04797978024436904;0,0037936391821833545;0,0021233526126665583;0,11732777587065149;0,005064148799840808;0,8237113032902887;0;0;0
21500;2,578;-34,0;-1;-1;512;173;172;2595;238;17706;49;55;400;0;0,004916920766332781;0,0027994613906174044;0,11224236194676439;0,006541156873624447;0,873500099022661;0;0;0
23000;2,666;-38,0;-1;-1;512;179;178;2820;249;18958;49;55;400;0;0,00425050504607394;0,0024612721317367743;0;0,0055828363867754475;0,987705386435414;0;0;0
24500;2,724;-41,0;-1;-1;512;188;179;2820;259;20438;49;55;400;0;0,0044006402934529685;0,0026602016166709292;0;0,005764346429449003;0,9736336946240155;0;0;0,013541117036411658
26000;2,857;-39,0;-1;-1;512;192;183;2840;274;21909;51;56;417;0;0,003926538032750397;0,0023906385899353584;0;0,004927336093194711;0,9887554872841195;0;0;0
27500;2,967;-39,0;-1;-1;512;199;187;2840;284;23388;51;56;417;0;0,004987817418511523;0,0031083120615242607;0;0,006222645350632756;0,9854358544979827;2,4537067134877385E-4;0;0
29000;3,038;-40,0;-1;-1;512;204;189;2840;287;24878;51;56;417;0;0,003206556427234842;0,002044543172284001;0,14575685778911898;0,004073400710788434;0,8449184616644878;0;1,8023608599069867E-7;0
30500;3,153;-37,0;-1;-1;512;213;192;3067;300;26126;51;56;417;0,038000281880548534;0,002935856143875601;0,0019312760254333531;0,11655136353664734;0,003639844333060732;0,8369413780804346;0;0;0
32000;3,236;-35,0;-1;-1;563;215;194;3265;309;27364;51;56;417;0;0,0026390727282123634;0,0017415726892983366;0,1223873189486446;0,0031779794634280174;0,8700540561704166;0;0;0
33500;3,327;-38,0;-1;-1;563;220;195;3431;311;28690;51;56;417;0;0,003240034508727377;0,0021892689968894103;0;0,003973006933178377;0,9793679366162752;0;0;0,011229752944929478
35000;3,416;-44,0;-1;-1;564;230;203;3447;318;30152;52;57;438;0;0,1572263554506126;0,1084896620505875;0;0,19531491705523443;0;0;0;0,5389690654435655
36500;3,508;-44,0;-1;-1;564;531;441;3447;661;30152;52;57;1056;0;0,18525965922535115;0,22249586873472582;0;0,2514641572338616;0;0;0;0,3407803148060615
38000;3,605;-32,0;-1;-1;564;793;752;3447;1109;30152;52;57;1535;0;9,79093227412138E-4;0,0010322122275878102;0;0,9958712288659626;0;4,275148988904107E-4;0;0,0016899507801470465
39500;3,689;-37,0;-1;-1;564;794;753;3447;2603;30152;52;57;1539;0;8,696148793490109E-4;9,176485609822565E-4;0,27670514091583703;0,7200099419999804;0;0;0;0,0014976536438513874
41000;3,779;-39,0;-1;-1;564;799;754;4015;3522;30152;52;57;1546;0;3,896363911837313E-4;4,160078684761499E-4;0,10638066254732982;0;0,8921403539019525;0;1,925506141411213E-7;6,731467404437031E-4
42500;3,865;-40,0;-1;-1;564;800;754;4174;3522;31489;52;57;1549;0,03938645508408426;4,1746883954250365E-4;0;0,1327439150969004;0;0,8267317532330938;0;0;7,204077463790623E-4
44000;3,948;-40,0;-1;-1;616;803;754;4371;3522;32736;52;57;1550;0,045359498009244166;5,4469876604693E-4;0;0;0;0,9531507633926727;0;0;9,450398320362162E-4
45500;4,039;-40,0;-1;-1;689;804;757;4378;3525;34166;55;58;1556;0,04337266109839153;6,324746971164408E-4;0;0;0;0,9549049175385393;0;0;0,0010899466659525564
47000;4,111;-35,0;-1;-1;793;804;757;4378;3525;35559;55;58;1559;0,0825880021827072;4,882268718718417E-4;0;0;0,1413290823489173;0,7747566470385615;0;0;8,380415579422781E-4
48500;4,184;-35,0;-1;-1;906;804;757;4378;3726;36743;55;58;1561;0,06978325895142491;5,473174608128692E-4;5,873984649333788E-4;0;0,13669211714371932;0,7914530751700402;0;0;9,368328090692589E-4
50000;4,26;-31,0;-1;-1;983;804;757;4378;4045;37845;55;58;1563;0,03139415263526125;0;0;0,08352599466770688;0,29851681821541015;0,5859215159241048;1,316886604796189E-4;0;5,098298970373605E-4
51500;4,332;-37,0;-1;-1;1028;804;757;4524;4412;38785;56;58;1564;0,0384381629488859;0;0;0,16878545456002064;0;0,7919215251968592;1,7475302301708228E-4;0;6,801042712172157E-4
53000;4,403;-32,0;-1;-1;1107;804;757;4770;4412;39959;56;58;1565;0,07347426312089865;0;0;0,1343686447362891;0;0,7915381990133619;0;0;6,188931294503648E-4
54500;4,473;-32,0;-1;-1;1205;804;757;4965;4412;41164;56;58;1567;0,05943874789120361;0;0;0,14545483316216126;0;0,7945160478966635;0;0;5,90371049971538E-4
56000;4,543;-30,0;-1;-1;1276;804;757;5175;4412;42383;56;58;1567;0,04245772859469174;2,794022819650791E-4;0;0,1303189740346889;0;0,8264695538554746;0;0;4,743412331797276E-4
57500;4,626;-32,0;-1;-1;1353;804;760;5380;4418;43613;58;58;1571;0,030213550136871388;0;2,4206187536410196E-4;0,0868005840128051;0,17685333274832676;0,7055069261772039;0;0;3,8354504942876685E-4
59000;4,703;-39,0;-1;-1;1398;804;760;5496;4782;44587;58;58;1572;0,021430802266125693;0;0;0,06269883103333272;0,2818581971133819;0,6336428030132676;7,528210650865349E-5;0;2,9408446738329435E-4
60500;4,784;-36,0;-1;-1;1426;804;760;5567;5285;45484;58;58;1573;0,01773410877624235;0;0;0,052682201405784605;0,33664180622206513;0,5926860880559188;0;0;2,5579553998894013E-4
62000;4,855;-25,0;-1;-1;1447;804;760;5667;5741;46407;58;58;1573;0,015201731509109877;0;0;0,054712960262173274;0,3541064097052585;0,5759788985234584;0;0;0
63500;4,925;-35,0;-1;-1;1470;804;760;5739;6283;47270;58;58;1573;0,014768165302587075;0;0;0,05335090840863224;0,3496062382305272;0,5822746880582534;0;0;0
65000;4,995;-29,0;-1;-1;1494;804;760;5801;6751;48216;58;58;1573;0,014575157899025871;1,4024660781464718E-4;0;0,05311329641291079;0,28528064136354;0,6468906577167086;0;0;0
66500;5,064;-30,0;-1;-1;1512;804;760;5866;7177;49207;58;58;1573;0,012372656335086895;0;0;0,045005023364437416;0,3261443052027165;0,6164780150977592;0;0;0
68000;5,134;-34,0;-1;-1;1541;804;760;5939;7601;50181;58;58;1573;0,012882343764849693;0;1,4244147901045108E-4;0,04740933128970316;0,2894107959054819;0,6498723805477168;5,7719553659751544E-5;0;2,2498745957817104E-4
70000;5,208;-32,0;-1;-1;1562;804;760;6029;8156;51515;58;58;1573;0,012242622068207146;0;0;0,04476701947821611;0,2916216618744196;0,6513686965791571;0;0;0
71500;5,257;-37,0;-1;-1;1592;806;761;6121;8584;52494;59;58;1575;0,011923017473539702;0;0;0,0438309364651933;0,28974754913763234;0,6544984969236347;0;0;0
73000;5,303;-35,0;-1;-1;1603;806;761;6179;9012;53497;59;58;1575;0,010621397220431593;0;0;0,038749304828551726;0,2843620735706239;0,6662672243803929;0;0;0
74500;5,372;-41,0;-1;-1;1631;806;761;6236;9426;54498;59;58;1575;0,021630795438228222;0;0;0,047262513263710705;0,27620804999259757;0,6548986413054635;0;0;0
76000;5,463;-33,0;-1;-1;1660;806;761;6303;9830;55498;59;58;1575;0,020449538875910944;1,2110093912699865E-4;0;0,04523312104308178;0,2513680697921499;0,6828281693497303;0;0;0
77500;5,542;-34,0;-1;-1;1677;806;761;6384;10190;56540;59;58;1575;0,019594824046514837;0;0;0,05119998022704537;0,23838235111248407;0,6906201893252579;0;0;2,0265528869783402E-4
79000;5,623;-38,0;-1;-1;1693;806;761;6447;10499;57650;59;58;1577;0,019046232948347012;0;0;0;0,24960601861274023;0,7310950677814223;5,1597329831596186E-5;0;2,0108332765900205E-4
80500;5,695;-35,0;-1;-1;1721;806;761;6447;10884;58736;59;58;1578;0,018073799515924003;0;1,252964671576102E-4;0;0,2544515048969589;0,7271522958102002;0;0;1,9710330975924192E-4
82000;5,761;-37,0;-1;-1;1752;806;761;6447;11254;59835;59;58;1578;0,018612840759779332;0;0;0;0,24212283186867176;0,7392643273715489;0;0;0
83000;5,803;-31,0;-1;-1;1772;806;761;6447;11491;60578;59;58;1578;0,017373058262483747;0;0;0;0,21905352925074068;0,7635734124867756;0;0;0
84000;5,847;-35,0;-1;-1;1803;806;761;6447;11690;61348;59;58;1578;0,030013580009115588;0;0;0,04794387680354644;0,19978588121632326;0,7222566619710147;0;0;0
85500;5,916;-37,0;-1;-1;1850;809;763;6536;11974;62442;61;62;1578;0,029512256869056556;0;0;0,04832836338644908;0,1946828126182188;0,7274765671262756;0;0;0
87000;5,992;-38,0;-1;-1;1891;809;763;6588;12285;63538;61;62;1578;0,026622275499853958;1,1535530531781828E-4;0;0,04535561440178748;0,1837453028438786;0,7439655990022488;0;0;1,9585294691331482E-4
88500;6,07;-32,0;-1;-1;1924;809;763;6666;12528;64684;61;62;1578;0,02289819884660568;0;0;0,06449956468573236;0,1524293214602905;0,7601729150073715;0;0;0
90000;6,15;-34,0;-1;-1;1948;809;763;6756;12760;65838;61;62;1578;0,0233979895343137;0;0;0,06508319063397944;0,1486839993069228;0,7627876378705951;4,718265418894261E-5;0;0
91500;6,221;-39,0;-1;-1;1980;809;763;6860;12961;67001;61;62;1578;0,021851363919869485;0;0;0,07094395283784527;0,1372115723098231;0,7699931109324621;0;0;0
93000;6,272;-35,0;-1;-1;2004;809;763;6953;13176;68169;61;62;1578;0,020136803512306126;0;1,086044833449475E-4;0,06512693393462496;0,13446247742223003;0,7801651806474938;0;0;0
94500;6,334;-32,0;-1;-1;2042;809;763;7057;13388;69315;61;62;1578;0,01866917343411015;0;0;0,08140127354945995;0,13361393308182257;0,7663156199346073;0;0;0
96000;6,404;-36,0;-1;-1;2063;809;763;7177;13590;70472;61;62;1578;0,017579015439457044;0;0;0,07505079758909279;0,13257858126033967;0,7746309904426725;0;0;1,606152684380589E-4
97500;6,472;-40,0;-1;-1;2077;809;763;7269;13832;71624;61;62;1578;0,0162947186756385;0;0;0,06832936742689825;0,15786890024983263;0,7575070136476307;0;0;0
99000;6,539;-34,0;-1;-1;2097;809;763;7369;14074;72762;61;62;1578;0,015223478510939742;0;0;0,0723390424756546;0,14237383180831534;0,7700636472050904;0;0;0
100500;6,605;-32,0;-1;-1;2118;809;763;7481;14297;73906;61;62;1578;0,013233882147923435;7,652846504918334E-5;0;0,09101647615312644;0,14821868947003602;0,7474544237638648;0;0;0
102000;6,675;-39,0;-1;-1;2136;810;764;7632;14509;75048;61;63;1580;0,012935371884495794;7,640704962501542E-5;0;0;0,17147640631570263;0,8155118147501766;0;0;0
103500;6,741;-33,0;-1;-1;2149;810;764;7632;14742;76302;61;63;1580;0,012546139188561175;7,534257434852089E-5;0;0;0,1703842818634343;0,816994236373656;0;0;0
105000;6,806;-37,0;-1;-1;2158;810;764;7632;15008;77527;61;63;1580;0,012100044485711501;7,348319105663327E-5;0;0;0,1768313973497111;0,8109950749735209;0;0;0
106500;6,866;-30,0;-1;-1;2178;810;764;7632;15257;78758;61;63;1580;0,011043875591299804;6,857210078663561E-5;7,365817509132382E-5;0;0,1565098730249272;0,8321877278242618;0;0;1,1629328363324737E-4
108000;6,929;-27,0;-1;-1;2197;810;764;7632;15538;79958;61;63;1580;0,00911848165942707;0;0;0,0650324010007183;0,15775108730813697;0,7680980300317177;0;0;0
109500;6,986;-32,0;-1;-1;2218;810;764;7723;15794;81090;61;63;1580;0,009017901483277135;0;0;0,07210229446913081;0,15176664815871121;0,7671131558888808;0;0;0
111000;7,043;-40,0;-1;-1;2225;810;764;7818;16036;82246;61;63;1580;0,00914085079220042;0;0;0,07143557645269828;0,15650059558200194;0,7629229771730993;0;0;0
112500;7,101;-33,0;-1;-1;2252;810;764;7941;16276;83356;61;63;1580;0,014397396137553715;0;0;0,06551024550471533;0,15937759810230703;0,760714760255424;0;0;0
114000;7,149;-35,0;-1;-1;2277;810;764;8039;16490;84519;61;63;1580;0,01446645921882116;5,869526864162422E-5;0;0,06568361436998554;0,15826162087526158;0,7615296102672902;0;0;0
115500;7,205;-33,0;-1;-1;2308;810;764;8123;16768;85626;61;63;1580;0,014071633223908033;0;0;0,06423555678154101;0,1594309446317172;0,7622618653628338;0;0;0
117000;7,288;-38,0;-1;-1;2327;810;764;8232;17003;86763;61;63;1580;0,013380790815204649;0;0;0,07583832717813356;0,1557950681402617;0,7549858138664002;0;0;0
118500;7,381;-37,0;-1;-1;2343;811;769;8377;17233;87890;61;67;1584;0,01282654313771763;0;0;0,07047111613829739;0,16143520300874908;0,7551727810744524;0;0;9,435664078354407E-5
120000;7,501;-36,0;-1;-1;2358;811;769;8485;17493;89007;61;67;1584;0,011951411161973827;0;5,637154113054569E-5;0,07212752713511388;0,16954843538448613;0,7463162547772956;0;0;0
121500;7,628;-37,0;-1;-1;2366;811;769;8601;17732;90144;61;67;1584;0,011669640443494037;0;0;0,06621295168140992;0,17651063649703191;0,7456067713780642;0;0;0
123000;7,77;-35,0;-1;-1;2386;811;769;8691;18010;91256;61;67;1584;0,011683352139704563;5,3598243880242306E-5;0;0,063607281377787;0,16990330294802164;0,7547524652906066;0;0;0
124500;7,853;-32,0;-1;-1;2410;811;769;8790;18274;92369;61;67;1584;0,01132283275290605;0;0;0,06132604899200446;0,1770248696339797;0,7503262486211099;0;0;0
126000;7,917;-34,0;-1;-1;2440;811;769;8866;18568;93469;61;67;1584;0,02569693040282791;0;0;0,057942469165197734;0,1780394810718974;0,7383211193600769;0;0;0
127500;7,983;-33,0;-1;-1;2483;811;769;8967;18824;94569;61;67;1584;0,02420945722706876;0;0;0,05540255671818743;0,1754947219680584;0,7448932640866854;0;0;0
129000;8,071;-37,0;-1;-1;2520;811;769;9056;19071;95696;61;67;1584;0,023983919254902026;0;0;0,055420444663078446;0,16729500849265244;0,7533006275893671;0;0;0
130500;8,132;-38,0;-1;-1;2549;811;769;9147;19331;96816;61;67;1584;0,023318053526163746;0;0;0,05404772204746181;0,16790729717774022;0,7547269272486341;0;0;0
132000;8,198;-31,0;-1;-1;2593;811;769;9233;19570;97947;61;67;1584;0,022338355146757437;0;0;0,05271560405008676;0,1615070936165069;0,7633499387143609;0;0;8,900847228811142E-5
133500;8,257;-38,0;-1;-1;2630;811;769;9313;19801;99098;61;67;1585;0,026189866391841087;6,394711526194058E-5;6,809068169129439E-5;0,06252913878345118;0;0,9110410571763748;0;0;1,0789985137974533E-4
135000;8,328;-34,0;-1;-1;2671;812;772;9442;19801;100452;63;67;1586;0,037730982394046576;6,56644107570362E-5;6,97094034912329E-5;0;0;0,9620227339552023;0;0;1,1090983650281136E-4
136500;8,389;-38,0;-1;-1;2737;812;772;9442;19801;101885;63;67;1587;0,03528533102844833;0;0;0;0;0,9646044773372813;0;0;1,1019163427038538E-4
137500;8,43;-38,0;-1;-1;2773;812;772;9442;19801;102849;63;67;1587;0,035083950009946435;0;0;0;0;0,9648026690542837;0;0;1,1338093576987542E-4
138500;8,474;-30,0;-1;-1;2798;812;772;9442;19801;103824;63;67;1587;0,039840807402197434;0;0;0;0,16359367553981655;0,7964721239481745;0;0;9,339310981144942E-5
140000;8,539;-33,0;-1;-1;2847;812;772;9442;20033;105043;63;67;1587;0,037144984626208896;0;0;0,050933137820006406;0,15390333251053795;0,7579272540049864;0;0;9,12910382603403E-5
141500;8,604;-34,0;-1;-1;2905;812;772;9522;20268;106169;63;67;1588;0,03641984423226109;5,600879426452926E-5;5,945776401006072E-5;0;0,16763856110015174;0,7957317759807817;0;0;9,435212853087253E-5
143000;8,673;-33,0;-1;-1;2957;812;772;9522;20524;107361;63;67;1588;0,03284902568769641;0;0;0;0,18055008961244123;0,7866008846998622;0;0;0
144000;8,725;-37,0;-1;-1;2995;812;772;9522;20718;108129;63;67;1588;0,04256751594491028;0;0;0;0,17819549661566703;0,7792369874394227;0;0;0
145000;8,767;-37,0;-1;-1;3036;812;772;9522;20884;108922;63;67;1588;0,052813588523880024;0;0;0;0,17356353539782385;0,7736228760782962;0;0;0
146000;8,814;-34,0;-1;-1;3085;812;772;9522;21044;109713;63;67;1588;0,06284180961767749;0;0;0;0,16358390854527727;0,7735742818370454;0;0;0
147000;8,856;-30,0;-1;-1;3142;812;772;9522;21216;110484;63;67;1588;0,056201940194518886;0;0;0,04126235560286155;0,16224107976740845;0,7402188373327794;0;0;7,578710243174188E-5
148500;8,922;-37,0;-1;-1;3219;813;773;9597;21463;111602;64;68;1593;0;4,573953188567039E-5;4,855821179464212E-5;0,04116536810616498;0,18636725425494186;0,772296323078216;0;0;7,675681699679286E-5
150000;9,008;-40,0;-1;-1;3219;813;773;9661;21746;112755;64;68;1593;0;0;0;0,039748235945056457;0,1875054725942019;0,7727462914607416;0;0;0
151000;9,048;-36,0;-1;-1;3219;813;773;9699;21961;113502;64;68;1593;0;0;0;0,042678608966669966;0,197902455816724;0,759418935216606;0;0;0
152000;9,094;-37,0;-1;-1;3219;813;773;9743;22141;114278;64;68;1593;0;0;0;0,043003197104535894;0,19581191494193892;0,7611848879535252;0;0;0
153000;9,147;-34,0;-1;-1;3219;813;773;9780;22338;115044;64;68;1593;0,05010319736383226;0;0;0,04059082658060607;0,1805166491297234;0,7287893269258383;0;0;0
154500;9,216;-34,0;-1;-1;3283;813;773;9846;22628;116124;64;68;1593;0,04773440207121789;0;0;0,04029486409996217;0,17977009754799692;0,7321282016726328;0;0;7,243460819017146E-5
156000;9,273;-38,0;-1;-1;3370;813;773;9901;22884;117226;64;68;1593;0,05585889488106858;0;0;0,038894571404852085;0,18864342244501667;0,7166031112690625;0;0;0
157500;9,323;-32,0;-1;-1;3435;813;773;9955;23154;118337;64;68;1593;0,05361583582855869;4,244545102059241E-5;4,505978251191554E-5;0,03837146538831721;0,18246223631751768;0,725462957232074;0;0;0
159000;9,371;-30,0;-1;-1;3509;813;773;10024;23441;119407;64;68;1593;0,051300639838299904;0;0;0,041985339671471625;0,1759928452244186;0,7307211752658098;0;0;0
160500;9,425;-31,0;-1;-1;3589;813;773;10084;23681;120527;64;68;1593;0,06018495078834401;0;0;0,0444451355126869;0,16582425960032873;0,7295456540986403;0;0;0
162000;9,474;-29,0;-1;-1;3678;813;773;10149;23930;121624;64;68;1593;0,056852039363176794;0;0;0,04402282903292935;0,16169936729132586;0,737425764312568;0;0;0
163500;9,533;-34,0;-1;-1;3760;816;773;10231;24180;122728;65;69;1595;0,054319751567383855;0;0;0,04294966280377907;0,15687057142940752;0,7457907450951563;0;0;6,926910427328245E-5
165000;9,613;-31,0;-1;-1;3832;816;773;10295;24416;123856;65;69;1595;0,050507160594575634;0;0;0,04194077381074938;0,16113388205734142;0,7464181835373335;0;0;0
166500;9,689;-31,0;-1;-1;3921;816;773;10365;24654;124959;65;69;1595;0,0566751958189842;0;0;0,0401102105495647;0,15743240776590067;0,7457821858655505;0;0;0
168000;9,765;-26,0;-1;-1;4012;816;773;10418;24891;126078;65;69;1595;0,053394343218170895;0;0;0,04023442921578484;0,15333100086838597;0,7530402266976584;0;0;0
169500;9,816;-36,0;-1;-1;4103;816;773;10469;25134;127193;65;69;1595;0,0723124723683863;3,8224949101223386E-5;4,1057497567841614E-5;0,03708308954509902;0,15894633695196594;0,7315788186878796;0;0;0
171000;9,863;-27,0;-1;-1;4217;816;773;10510;25373;128299;65;69;1595;0,07781308878730275;0;0;0,042152834369671766;0,16127532488053573;0,7187587519624896;0;0;0
172500;9,905;-31,0;-1;-1;4335;816;773;10586;25617;129361;65;69;1595;0,08501529419097172;0;0;0,04392462015890992;0,1667922217601262;0,7042678638899922;0;0;0
174000;9,968;-35,0;-1;-1;4458;816;773;10663;25854;130424;65;69;1595;0,08047374471518853;0;0;0,04427355079571376;0,16641391504053402;0,7087783385268853;0;0;6,045092167841065E-5
175500;10,009;-32,0;-1;-1;4554;816;773;10726;26124;131495;65;69;1595;0,07691355449418151;0;0;0,04370230041980183;0,172674437347973;0,7067097077380436;0;0;0
177000;10,05;-30,0;-1;-1;4674;816;773;10796;26395;132534;65;69;1595;0,1168925737195045;0;0;0,04169105887362066;0,16794937360399553;0,6734669938028794;0;0;0
178500;10,093;-33,0;-1;-1;4831;816;773;10852;26665;133551;65;69;1595;0,11146066354626695;0;0;0,04217085871438657;0,16745567179368825;0,6789128059456582;0;0;0
180000;10,138;-31,0;-1;-1;4999;817;774;10929;26931;134554;66;72;1596;0,10341281033055605;0;0;0,04557052110669477;0,16828044393243252;0,6827362246303166;0;0;0
181500;10,184;-32,0;-1;-1;5137;817;774;10988;27192;135596;66;72;1596;0,09920471137484702;0;0;0,0459924314291558;0,16763659326991107;0,6871662639260863;0;0;0
183000;10,229;-31,0;-1;-1;5270;817;774;11058;27482;136603;66;72;1596;0,09046275797226269;3,4754780509317516E-5;3,7342347018379455E-5;0,04809111797545443;0,17814647471463552;0,6832275522101198;0;0;0
184500;10,292;-36,0;-1;-1;5393;817;774;11115;27750;137655;66;72;1596;0,09527731101943658;0;0;0,045975132182481025;0,1721033346392255;0,686644222158857;0;0;0
186000;10,341;-34,0;-1;-1;5556;817;774;11183;28015;138659;66;72;1596;0,10116327487186381;0;0;0,04475789539617389;0,17038594840481033;0,68363643136467;0;0;5,64499624818698E-5
187500;10,385;-26,0;-1;-1;5709;817;774;11243;28308;139653;66;72;1596;0,09278651311290387;0;0;0,043293217506166735;0,17194813404775888;0,6919721353331706;0;0;0
189000;10,429;-46,0;-1;-1;5847;817;774;11323;28552;140691;66;72;1596;0,08755440559213445;0;0;0,04252796067716027;0,1677438432989809;0,7021737904317243;0;0;0
190500;10,475;-31,0;-1;-1;5965;817;774;11380;28787;141781;66;72;1596;0,09221545829194219;0;0;0,04035732848927945;0,16197884672409643;0,705448366494682;0;0;0
192000;10,519;-30,0;-1;-1;6114;817;774;11426;29042;142831;66;72;1596;0,09848284223649065;0;0;0,043091454078203105;0,16513688056222622;0,69328882312308;0;0;0
193500;10,562;-25,0;-1;-1;6247;817;774;11500;29290;143876;66;72;1596;0,10539782587824903;0;0;0,04571172641203329;0,15928198014957587;0,6896084675601418;0;0;0
195000;10,606;-33,0;-1;-1;6419;817;774;11574;29524;144896;66;72;1596;0,12308625223692746;0;0;0,047484060798139556;0,1509805514834472;0,6784491354814859;0;0;0
196500;10,654;-27,0;-1;-1;6580;821;774;11655;29753;145943;67;72;1597;0,11276327790785884;2,8492848813019303E-5;3,086326467720834E-5;0,045623033227884136;0,14849778300108724;0,6930565497496795;0;0;0
198000;10,696;-31,0;-1;-1;6769;821;774;11727;29973;146962;67;72;1597;0,11407599963796468;0;0;0,04311599205193673;0,15578556391365936;0,6870224443964392;0;0;0
199500;10,74;-28,0;-1;-1;6942;821;774;11797;30197;147995;67;72;1597;0,10713525187083717;0;0;0,046229312639221844;0,15693521156687315;0,6896537228947044;0;0;4,650102836353059E-5
201000;10,783;-33,0;-1;-1;7094;821;774;11859;30433;149045;67;72;1597;0,10267460959895544;0;0;0,04628285488616561;0,15991776155707546;0,6911247739578035;0;0;0
202500;10,827;-35,0;-1;-1;7258;821;774;11924;30691;150058;67;72;1597;0,09870185569354517;0;0;0,04660368330852068;0,15944121592004576;0,6952532450778884;0;0;0
204000;10,87;-34,0;-1;-1;7410;821;774;11995;30918;151108;67;72;1597;0,10291628147853582;0;0;0,04493785323671672;0,1527334491055509;0,6994124161791966;0;0;0
205500;10,911;-39,0;-1;-1;7567;821;774;12066;31152;152146;67;72;1597;0,10694257573964373;0;0;0,04325851685382834;0,15000315063206202;0,6997957567744658;0;0;0
207000;10,952;-34,0;-1;-1;7726;821;774;12129;31381;153195;67;72;1597;0,11350578336454455;0;0;0,042743528242117336;0,15109546707209912;0,692655221321239;0;0;0
208500;10,993;-35,0;-1;-1;7903;821;774;12210;31621;154197;67;72;1597;0,11532595492348038;0;0;0,04062701330043732;0,1585590605695857;0,6854879712064966;0;0;0
210000;11,034;-29,0;-1;-1;8077;821;774;12263;31843;155248;67;72;1597;0,12078697964011005;2,569335650083008E-5;2,782981546591009E-5;0,040041836600057;0,15889721636793203;0,6802204442199343;0;0;0
211500;11,087;-33,0;-1;-1;8256;821;774;12323;32089;156263;67;72;1597;0,11521373301536504;0;0;0,040380104828508775;0,15847589925561434;0,6859302629005118;0;0;0
213000;11,15;-34,0;-1;-1;8435;822;777;12395;32323;157302;68;74;1598;0,1100333002773401;0;0;0,04069384792684519;0,15862612043752677;0,6906008987887605;0;0;4,583256952744014E-5
214500;11,214;-34,0;-1;-1;8607;822;777;12450;32563;158335;68;74;1598;0,10489237405933774;0;0;0,04134333279443888;0,15892921348919545;0,6947878207495142;0;0;4,7258907513853434E-5
216000;11,279;-24,0;-1;-1;8786;822;777;12496;32819;159354;68;74;1598;0,11430954160289047;0;0;0,039369364686296524;0,16024818271510408;0,6860729109957089;0;0;0
217500;11,322;-33,0;-1;-1;8961;822;777;12553;33040;160401;68;74;1598;0,11981981177425471;0;0;0,03896902814770591;0,15690803200180745;0,684303128076232;0;0;0
219000;11,366;-37,0;-1;-1;9137;822;777;12597;33271;161450;68;74;1598;0,12353875447979447;0;0;0,03817862962845649;0,15986490247695126;0,6784177134147978;0;0;0
220500;11,573;-31,0;-1;-1;9326;822;777;12655;33535;162439;68;74;1598;0,1266774883727614;0;0;0,037663598236795715;0,1595573633143376;0,6761015500761052;0;0;0
222000;11,616;-38,0;-1;-1;9523;822;777;12707;33746;163479;68;74;1598;0,11781454223226046;0;0;0,03671703626438049;0,1660799174521615;0,6793441944008615;0;0;4,430965033617655E-5
223500;11,66;-30,0;-1;-1;9691;822;777;12760;34004;164500;68;74;1598;0,12195281306292405;2,573428649677803E-5;2,7773422217591943E-5;0,03909336841171365;0,16517003997720878;0,6737302708394391;0;0;0
225000;11,706;-30,0;-1;-1;9935;822;777;12813;34207;165500;68;74;1598;0,15213876058706785;0;0;0,03674779531815825;0,15413885837223554;0,6569745857225384;0;0;0
226500;11,75;-32,0;-1;-1;10155;822;777;12882;34434;166484;68;74;1598;0,1543064022882528;0;0;0,0360627647026294;0,1540340102398204;0,6555968227692974;0;0;0
228000;11,81;-27,0;-1;-1;10422;822;777;12931;34676;167426;68;74;1598;0,1600832138156952;0;0;0,037672129723765026;0,15368423450183846;0,6485604219587013;0;0;0
229500;11,877;-32,0;-1;-1;10659;822;778;13004;34899;168408;69;78;1600;0,15117140218848454;0;0;0,038025601750839556;0,15414294455022465;0,6566600515104513;0;0;0
231000;11,94;-34,0;-1;-1;10912;822;778;13051;35117;169390;69;78;1600;0,1705778993465329;0;0;0,03693859603351062;0,1479980123554356;0,6444447072789493;0;0;4,078498557159225E-5
232500;11,999;-16,0;-1;-1;11165;822;778;13117;35341;170347;69;78;1600;0,16067346546020056;0;0;0,03716841885528103;0,14784780555615296;0,6543103101283655;0;0;0
234000;12,064;-28,0;-1;-1;11396;822;778;13186;35566;171322;69;78;1600;0,14773564785363485;0;0;0,03930092947313077;0,15053883992173317;0,6624245827515012;0;0;0
235500;12,141;-33,0;-1;-1;11617;822;778;13247;35820;172286;69;78;1600;0,14884332868361563;0;0;0,0391381187533426;0,15162526951414448;0,6603932830488972;0;0;0
237000;12,207;-29,0;-1;-1;11842;822;778;13305;36054;173269;69;78;1600;0,14126286512582092;2,534620149103864E-5;2,7301184289045516E-5;0,03958353484797;0,1516327346163999;0,6674682180240291;0;0;0
238500;12,275;-30,0;-1;-1;12059;822;778;13367;36274;174270;69;78;1600;0,13343099043130796;0;0;0,03967817265246964;0,15782088384874043;0,669069953067482;0;0;0
240000;12,34;-35,0;-1;-1;12250;822;778;13426;36520;175274;69;78;1600;0,1259759332602501;0;0;0,03993388281603751;0,15695676407417214;0,6771334198495401;0;0;0
241500;12,415;-28,0;-1;-1;12453;822;778;13499;36721;176297;69;78;1600;0,11931161544749846;0;0;0,03976055817368283;0,15932746386198193;0,6815547440085373;0;0;4,5618508299539486E-5
243000;12,48;-35,0;-1;-1;12638;822;778;13556;36951;177325;69;78;1600;0,11139269347896312;0;0;0,038816747720160194;0,15751378529464313;0,6922767735062335;0;0;0
244500;12,545;-28,0;-1;-1;12807;822;778;13617;37201;178345;69;78;1600;0,11352198408747931;0;0;0,03827572269662227;0,15343895784398648;0,6947633353719119;0;0;0
246000;12,621;-32,0;-1;-1;13009;822;783;13686;37420;179368;69;82;1601;0,128097162214622;0;0;0,036920541013765365;0,14711423871526316;0,6878680580563495;0;0;0
247500;12,685;-25,0;-1;-1;13192;822;783;13747;37637;180407;69;82;1601;0,12250078320750862;0;0;0,03677490311201727;0,15200458372977513;0,688719729950699;0;0;0
249000;12,75;-34,0;-1;-1;13365;822;783;13802;37877;181439;69;82;1601;0,11799098923050269;0;0;0,03683201116527018;0,150458033140356;0,6947189664638712;0;0;0
250500;12,819;-38,0;-1;-1;13553;822;783;13878;38081;182471;69;82;1601;0,11110366518582038;2,7581097468233956E-5;2,9369939169921516E-5;0,03708523705995069;0,15446305593129744;0,6972910907862934;0;0;0
252000;12,886;-35,0;-1;-1;13741;822;783;13927;38290;183525;69;82;1601;0,13329204674946055;0;0;0,03590359518815423;0,14808635919216426;0,682717998870221;0;0;0
253500;12,952;-35,0;-1;-1;13946;822;783;13980;38494;184563;69;82;1601;0,1261715387780988;0;0;0,03843316524346732;0,14565981348122314;0,689689290888812;0;0;4,619160839873542E-5
255000;13,021;-29,0;-1;-1;14125;822;783;14037;38705;185616;69;82;1601;0,1259210335223773;0;0;0,03744303631186856;0,14713652037448602;0,689499409791268;0;0;0
256500;13,081;-33,0;-1;-1;14312;822;783;14093;38943;186635;69;82;1601;0,12146390872416238;0;0;0,037478424885593054;0,14571514661558269;0,6953425197746618;0;0;0
258000;13,148;-34,0;-1;-1;14498;822;783;14159;39157;187669;69;82;1601;0,11565637156099227;0;0;0,036977527799019395;0,15489889618801386;0,6924672044519744;0;0;0
259500;13,217;-34,0;-1;-1;14661;822;783;14219;39377;188726;69;82;1601;0,11629007461776805;0;0;0,03601960705831098;0,15301794820690887;0,6946723701170121;0;0;0
261000;13,283;-32,0;-1;-1;14825;822;783;14286;39604;189768;69;82;1601;0,11233923400952926;0;0;0,035832169884382;0,15434965342106732;0,6974789426850214;0;0;0
262500;13,385;-27,0;-1;-1;14990;825;784;14346;39840;190825;74;84;1602;0,10663784286822638;0;0;0,03778404257767793;0,15279749537334378;0,702780619180752;0;0;0
264000;13,516;-34,0;-1;-1;15138;825;784;14399;40094;191870;74;84;1602;0,09644959675034996;2,8191039435724327E-5;3,0160435139529182E-5;0,03895149722940493;0,15148173691655575;0,7130588176291142;0;0;0
265500;13,594;-32,0;-1;-1;15291;825;784;14445;40313;192952;74;84;1602;0,09765800766311557;0;0;0,038385653708221106;0,1509061011180841;0,7130502375105793;0;0;0
267000;13,661;-33,0;-1;-1;15428;825;784;14504;40552;194017;74;84;1602;0,09535848345687374;0;0;0,03825029143082059;0,1490320839789114;0,7173106129617235;0;0;4,8528171670824136E-5
268500;13,738;-30,0;-1;-1;15573;825;784;14555;40781;195091;74;84;1603;0,11456428324357505;0;0;0,04437021842437161;0;0,841008579049672;0;0;5,691928238147653E-5
270000;13,799;-28,0;-1;-1;15739;825;784;14611;40781;196369;74;84;1603;0,1114054943492642;0;0;0,044267618161161544;0;0,8442693733179886;0;0;5,751417158559179E-5
271500;13,855;-29,0;-1;-1;15904;825;784;14671;40781;197644;74;84;1603;0,11257531709732678;0;0;0,0431933967003276;0;0,844174465318189;0;0;5,6820884156470885E-5
273000;13,907;-34,0;-1;-1;16073;825;784;14733;40781;198913;74;84;1603;0,1103455642439746;0;0;0,043282020220252994;0;0,8463147930311608;0;0;5,76225046116256E-5
274500;13,969;-36,0;-1;-1;16266;825;784;14790;40781;200163;74;84;1603;0,09492228580517077;0;0;0,03627059158339744;0,1468429826879015;0,7219152083740267;0;0;4,893154950363992E-5
276000;14,033;-36,0;-1;-1;16420;825;784;14852;41001;201227;74;84;1603;0,0935079934983364;0;0;0,03654093039619445;0,1469171318379701;0,7229839232299705;0;0;5,002103752842899E-5
277500;14,099;-30,0;-1;-1;16532;825;784;14904;41239;202325;74;84;1603;0,09618335225721181;2,9324180826031712E-5;3,137119041501576E-5;0,03606859787346156;0,14648618246289344;0,7212011720351921;0;0;0
279000;14,17;-35,0;-1;-1;16667;829;790;14971;41455;203422;74;84;1603;0,11042757859010513;3,443626526577239E-5;3,683163460109283E-5;0,042134102032084404;0;0,8473670514779437;0;0;0
280500;14,22;-37,0;-1;-1;16863;849;791;15038;41455;204669;75;86;1603;0,7194687629901125;2,2543377601748373E-4;2,4727327517920684E-4;0,2800585299586906;0;0;0;0;0
282000;14,282;-23,0;-1;-1;17987;850;792;15412;41455;204669;75;86;1603;0,7279925290843312;2,1983346438782502E-4;2,4108998901233272E-4;0,27154654746226864;0;0;0;0;0
283500;14,35;-24,0;-1;-1;19053;869;793;15841;41456;204679;76;88;1603;0,7138380253008824;2,4252864094792098E-4;2,76753584355211E-4;0,2851937724913175;0;0;0;0;4,489199824968208E-4
285000;14,412;-24,0;-1;-1;20099;869;794;16294;41456;204679;76;88;1603;0,2753403370524385;1,1382494698718538E-4;1,2953325507118217E-4;0,12192044685727478;0,6022851782338389;0;0;0;2,1067965438946142E-4
286500;14,478;-29,0;-1;-1;20514;869;794;16500;42334;204679;76;88;1604;0,07174120745814103;0;0;0,029780361529881755;0,1445196999176151;0,7539049948239323;0;0;5,373627042980761E-5
288000;14,549;-35,0;-1;-1;20632;879;797;16548;42550;205812;78;90;1606;0,0828967588589944;0;0;0,03744060510976035;0;0,8795993067954387;0;0;6,332923580637664E-5
289500;14,615;-35,0;-1;-1;20766;879;797;16604;42550;207122;78;90;1606;0,08272905875516834;0;0;0,037899742779549564;0;0,8793062643009714;0;0;6,493416431088835E-5
291000;14,679;-35,0;-1;-1;20880;879;797;16666;42550;208446;78;90;1606;0,08286911797745912;0;0;0,03831035176209685;0;0,8787540322059199;0;0;6,649805452412446E-5
292500;14,741;-34,0;-1;-1;21003;879;797;16728;42550;209761;78;90;1606;0,08106835196428988;5,366744530455656E-4;4,080474070334028E-5;0,04060868743755697;0;0,877678968324418;0;0;6,651307998624768E-5
294000;14,812;-34,0;-1;-1;21130;898;797;16792;42551;211075;78;92;1607;0,06870275814547425;0;0;0,03478596513960529;0,15242283983216456;0,7440307286239161;0;0;5,7708258839939205E-5
295500;14,889;-36,0;-1;-1;21227;898;797;16835;42781;212205;78;92;1607;0,06723540945199533;0;0;0,03365498432051421;0,14870817732872105;0,7504014288987695;0;0;0
297000;14,953;-25,0;-1;-1;21314;898;797;16892;43025;213317;78;92;1607;0,06681252244846761;0;0;0,033585884401548964;0,14686681023972392;0,7527347829102595;0;0;0
298500;15,018;-33,0;-1;-1;21415;898;797;16933;43260;214440;78;92;1607;0,06903739161644111;0;0;0,03337756071393634;0,15015582838462263;0,747429219285;0;0;0
300000;15,093;-34,0;-1;-1;21535;898;797;16975;43497;215541;78;92;1607;0,07096756292088076;0;0;0,0331204030915664;0,1500380075716414;0,7458740264159114;0;0;0
301500;15,163;-31,0;-1;-1;21625;912;797;17031;43725;216677;80;94;1607;0,0701938655674198;4,412135285967497E-4;3,610375223798156E-5;0,032947362839612464;0,15095208151357828;0,7453706224525577;0;0;5,875034599698596E-5
303500;15,26;-29,0;-1;-1;21758;945;797;17108;44017;218178;80;97;1608;0,08908365804886247;4,8527116062588223E-4;0;0,04107295694821427;0;0,86928874118018;0;0;6,937266211742988E-5
305000;15,327;-35,0;-1;-1;21884;945;797;17165;44017;219495;80;97;1608;0,0887669245003663;0;0;0,04140531483921087;0;0,8698277606604228;0;0;0
306000;15,369;-29,0;-1;-1;21980;962;797;17205;44018;220361;80;97;1608;0,08775097924454486;0;0;0,04128936865802678;0;0,8709596520974283;0;0;0
307000;15,413;-30,0;-1;-1;22058;962;797;17253;44018;221235;80;97;1608;0,08759740860816055;0;0;0,041403124869492894;0;0,8709994665223465;0;0;0
308000;15,455;-31,0;-1;-1;22157;962;797;17296;44018;222093;80;97;1608;0,0734723410012854;0;0;0,03503339520069183;0,15691337005650924;0,7345808937415136;0;0;0
309500;15,519;-31,0;-1;-1;22252;978;797;17366;44248;223207;80;97;1608;0,07353175528482048;4,103717324827854E-4;0;0,03519461727960919;0,1566297728482511;0,7341708413291306;0;0;6,264152570575542E-5
311000;15,619;-32,0;-1;-1;22345;979;797;17419;44511;224297;80;97;1608;0,07403858869127536;4,1904431881158936E-4;3,9477990070866466E-5;0,03565119388812368;0,15677233926165707;0,7330793558500613;0;0;0
312500;15,726;-32,0;-1;-1;22459;980;797;17472;44738;225402;80;97;1608;0,07782944251053005;4,482154619127163E-4;0;0;0,16038256891388702;0,7613397731136703;0;0;0
314000;15,784;-31,0;-1;-1;22575;981;797;17472;44960;226563;80;97;1608;0,07992395257089749;4,4635186076624235E-4;0;0;0,1572770683279322;0,762352627240404;0;0;0
315500;15,85;-31,0;-1;-1;22690;1001;798;17477;45190;227719;81;97;1609;0,07985802087626899;4,3782275576162904E-4;0;0;0,1571924989861175;0,762511657381852;0;0;0
317000;15,914;-33,0;-1;-1;22804;1002;798;17477;45422;228872;81;97;1609;0,07764977920581757;4,335822582231056E-4;0;0;0,16225834118753532;0,759658297348424;0;0;0
318500;15,982;-38,0;-1;-1;22911;1002;798;17477;45678;230009;81;97;1609;0,07484434695865791;4,0642282803329827E-4;0;0,03572079739300295;0,1672835534109774;0,7216798339037214;0;0;6,504550560718042E-5
320000;16,047;-30,0;-1;-1;23036;1002;798;17533;45915;231091;81;97;1609;0,07214269678539369;0;0;0,03724402041564318;0,16148260541279288;0,7291306773861702;0;0;0
321500;16,111;-33,0;-1;-1;23142;1002;798;17594;46155;232184;81;97;1609;0,07488020676662929;0;0;0,03716906128835631;0,16289894764606572;0,7250517842989487;0;0;0
323000;16,233;-19,0;-1;-1;23249;1021;798;17652;46401;233279;82;97;1609;0,0725699427314694;0;4,010754207288772E-5;0,038717343108460936;0,16342269519600783;0,7252499114219889;0;0;0
324500;16,305;-30,0;-1;-1;23361;1021;798;17717;46631;234372;82;97;1609;0,0737166025923807;0;0;0,037821607139827934;0,16028302349303467;0,7281787667747567;0;0;0
326000;16,385;-33,0;-1;-1;23483;1021;798;17774;46868;235456;82;97;1609;0,07322749627278326;0,0019334666714391914;0;0,037946469701814735;0,1593681783641308;0,727524388989832;0;0;0
327500;16,453;-34,0;-1;-1;23588;1024;798;17841;47114;236535;82;97;1609;0;0,002028345186526081;0;0,04503354687810961;0,17755700312635556;0,7753811048090088;0;0;0
329000;16,585;-41,0;-1;-1;23588;1029;798;17915;47373;237697;82;97;1609;0;0,0020546124968093046;0;0,04541234939680775;0,1717075159101883;0,7807545643295951;0;0;7,095786659962734E-5
330500;16,651;-38,0;-1;-1;23588;1033;798;17985;47627;238869;82;97;1609;0;0,0020249391921764925;0;0,044475078056502484;0,17006611056592402;0,7834338721853971;0;0;0
332000;16,73;-38,0;-1;-1;23590;1055;798;18062;47877;240047;84;98;1609;0;0,0019098039669019754;0;0,04318564809307938;0,17073316073573538;0,7841713872042833;0;0;0
333500;16,796;-35,0;-1;-1;23590;1057;798;18128;48150;241206;84;98;1609;0,07022264124352987;0,0017583678322342258;0;0,03937872825023629;0,15997648772440276;0,7286637749495968;0;0;0
335000;16,862;-35,0;-1;-1;23695;1060;798;18190;48360;242326;84;98;1609;0,08166206048697276;0,0020694576469661007;0;0,04606239818616262;0;0,8702060836798985;0;0;0
336500;16,968;-32,0;-1;-1;23809;1064;798;18268;48360;243630;84;98;1609;0,08032889010219033;0,0020569865374705067;4,702533770315797E-5;0,045522236753947655;0;0,8720448612686884;0;0;0
338000;17,072;-30,0;-1;-1;23929;1068;798;18321;48360;244953;84;98;1609;0,07953374781591058;0,0020602741691260725;0;0,04550730373508935;0;0,872898674279874;0;0;0
339500;17,148;-37,0;-1;-1;24035;1073;798;18389;48360;246274;84;98;1609;0,07888392927907968;0,002059059256110673;0;0,045376120171555435;0;0,8736808912932542;0;0;0
341000;17,229;-22,0;-1;-1;24149;1076;798;18450;48360;247596;84;98;1609;0,06439805567113888;0,0017039482599459457;0;0,039783513765531554;0,1584637042828075;0,7355857796089766;0;0;6,499841159935456E-5
342500;17,302;-35,0;-1;-1;24241;1097;799;18513;48610;248692;84;99;1611;0;0,0017128538404247273;0;0,04128478741436604;0,17213743153463884;0,7847967517737993;0;0;6,81754367711535E-5
344000;17,37;-36,0;-1;-1;24241;1098;799;18572;48876;249866;84;99;1611;0;0,001674345082557092;0;0,03956097611313112;0,17389707170003055;0,7848676071042813;0;0;0
345500;17,442;-34,0;-1;-1;24241;1103;799;18650;49111;251048;84;99;1611;0;0,001616250830193638;0;0,037988419762734316;0,16931171336760983;0,7910836160394622;0;0;0
347000;17,504;-34,0;-1;-1;24241;1104;799;18715;49344;252249;84;99;1611;0;0,001597417085710408;0;0,03956503694839268;0,1646520786428176;0,7941854673230794;0;0;0
348500;17,559;-40,0;-1;-1;24241;1107;799;18773;49585;253447;84;99;1611;0,059572388883226086;0,0015037475613385463;0;0,037095004550208276;0,15329811626708784;0,7485307427381391;0;0;0
350000;17,618;-32,0;-1;-1;24322;1109;799;18823;49831;254568;84;99;1611;0,07536672348205635;0,0017566626255378025;4,419220017484181E-5;0,04311128985779269;0;0,8796494356518891;0;0;7,169618254907522E-5
351500;17,687;-24,0;-1;-1;24437;1112;799;18885;49831;255888;84;99;1611;0,07479000897193722;0,0017673596519364205;0;0,04312430182147868;0;0,8803183295546477;0;0;0
353000;17,755;-38,0;-1;-1;24543;1114;799;18947;49831;257218;84;99;1611;0,07709662721411847;0,0017689854428304666;0;0,04281506367807655;0;0,8783193236649744;0;0;0
354500;17,829;-30,0;-1;-1;24666;1140;800;19020;49831;258521;85;99;1611;0,07549671587603163;0,0016827266737150127;0;0,04484987470815824;0;0,8779706827420951;0;0;0
356000;17,897;-27,0;-1;-1;24795;1141;800;19091;49831;259820;85;99;1611;0,06534446381672131;0,0014241508483113486;0;0,03747392926781026;0,15510455940526816;0,7406528966618888;0;0;0
357500;17,965;-32,0;-1;-1;24898;1141;800;19138;50073;260928;85;99;1611;0,064053476874151;0;0;0,03701819641146323;0,15690745225054975;0,7420208744638361;0;0;0
359000;18,026;-34,0;-1;-1;24988;1141;800;19193;50309;262047;85;99;1611;0,06246577327732697;0;0;0,03623378370858679;0,15504585258394385;0,7461934106305332;0;0;6,11797996091922E-5
360500;18,09;-30,0;-1;-1;25068;1141;800;19248;50526;263195;85;99;1611;0,060291616470810896;0;0;0,035071593797183026;0,1569393573585651;0,747697432373441;0;0;0
362000;18,141;-33,0;-1;-1;25136;1141;800;19301;50767;264333;85;99;1611;0,05947990447544612;0;0;0,03462453791597862;0,15389444916065265;0,7520011084479226;0;0;0
363500;18,205;-32,0;-1;-1;25222;1141;800;19359;50964;265492;85;99;1611;0,060679480273563215;0,0013546347879076566;3,6333204313901524E-5;0,033967093532742174;0,15027970170079707;0,7536827565006761;0;0;0
365000;18,259;-27,0;-1;-1;25310;1143;800;19409;51186;266630;85;99;1611;0,05858042294782632;0,0013175989207157022;0;0,03938337107345627;0,14965235008661482;0,7510662569713868;0;0;0
366500;18,314;-39,0;-1;-1;25407;1144;800;19463;51406;267758;85;99;1611;0,07092163500820474;0,0015456956318207341;0;0,04590902153293443;0;0,8816236478270401;0;0;0
368000;18,38;-26,0;-1;-1;25508;1170;801;19544;51406;269076;85;100;1611;0,07243885985474692;0,0014647515527038762;0;0,045008032773267745;0;0,8810883558192815;0;0;0
369500;18,441;-39,0;-1;-1;25605;1172;801;19605;51406;270416;85;100;1611;0,07158713265713916;0,0014634436758687748;0;0,04466047852296538;0;0,882221250396483;0;0;6,769474754376466E-5
371000;18,504;-38,0;-1;-1;25713;1173;801;19678;51406;271734;85;100;1611;0,07255901356782726;0,0014440150139375786;0;0,04618677890202806;0;0,8798101925162072;0;0;0
372500;18,569;-32,0;-1;-1;25822;1173;801;19751;51406;273052;85;100;1611;0,06265778714672643;0,001217455696796872;0;0,03843195277520066;0,14388856401620212;0,7538042403650739;0;0;0
374000;18,631;-32,0;-1;-1;25903;1173;801;19798;51612;274218;85;100;1611;0,061397921849693726;0;0;0,03779170324324771;0,14530433371099383;0,7555060411960648;0;0;0
375500;18,696;-33,0;-1;-1;26005;1173;801;19855;51827;275344;85;100;1611;0,06050895155634235;0;0;0,037443043947573654;0,1454779777769658;0,7565700267191181;0;0;0
377000;18,762;-40,0;-1;-1;26095;1173;801;19919;52036;276481;85;100;1611;0,06248207533842948;0;3,464793363707218E-5;0,03722034642413454;0,14398538344690667;0,7562775468568922;0;0;0
378500;18,826;-31,0;-1;-1;26167;1173;801;19968;52274;277622;85;100;1611;0,06197055072559253;0;0;0,03700962092930868;0,14664420166904757;0,7543756266760512;0;0;0
380000;18,894;-29,0;-1;-1;26256;1173;801;20015;52485;278775;85;100;1611;0,05973158327957362;0,0011929201706893384;0;0,03796770024372558;0,1505551651306311;0,7505526311753803;0;0;0
381500;18,965;-37,0;-1;-1;26360;1174;801;20073;52688;279909;85;100;1611;0,06333906929410946;0,0012336636152313009;0;0;0,1560257210250808;0,7793441298703542;0;0;5,7416195224179766E-5
383000;19,035;-33,0;-1;-1;26468;1195;801;20076;52930;281059;85;100;1612;0;0,0012441613151710316;0;0;0,1661268407827111;0,8325687726475798;0;0;6,022525453819339E-5
384500;19,106;-37,0;-1;-1;26468;1196;801;20076;53184;282304;85;100;1612;0;0,0012331325516262122;0;0;0,16896741397210413;0,8297396104339835;0;0;5,98430422861004E-5
386000;19,174;-28,0;-1;-1;26468;1199;801;20076;53441;283544;85;100;1612;0;0,0012172123251582433;0;0;0,1750483139707078;0,8236750243594554;0;0;5,944934467857436E-5
387500;19,242;-37,0;-1;-1;26468;1201;801;20076;53678;284805;85;100;1612;0;0,001171675715381322;0;0,03888313079158132;0,16605006883628198;0,7938376718670893;0;0;5,74527896661989E-5
389000;19,308;-39,0;-1;-1;26468;1203;801;20133;53919;286005;85;100;1612;0,05938518241980162;0,0011130085873455183;0;0,036698753066036593;0,15551709148377152;0,7472859644430447;0;0;0
390500;19,375;-34,0;-1;-1;26551;1204;801;20179;54153;287141;85;100;1612;0;0,001176750288211608;3,571992225987832E-5;0,03853270112101209;0,16437181259991773;0,7958830160685988;0;0;0
392000;19,442;-41,0;-1;-1;26551;1208;801;20232;54413;288324;85;100;1612;0;0,0011797623285178368;0;0,03855190346339291;0,16292964459252526;0,797338689615564;0;0;0
393500;19,507;-41,0;-1;-1;26551;1213;801;20290;54643;289531;85;100;1612;0;0,001188765231892282;0;0,03876936324548995;0,16283846882082476;0,7972034027017929;0;0;0
395000;19,575;-38,0;-1;-1;26551;1215;801;20355;54862;290745;85;100;1612;0;0,0011830104391820117;0;0,03826437263234069;0,16244439179434733;0,7980485748886162;0;0;5,965024551371072E-5
396500;19,646;-33,0;-1;-1;26551;1218;801;20422;55085;291952;85;100;1612;0;0,001179139831443634;0;0,03788425397097933;0,16255607320636437;0,7983805329912127;0;0;0
398000;19,714;-38,0;-1;-1;26551;1221;801;20478;55328;293150;85;100;1612;0,06057561247420282;0,0011134763595095033;0;0,035610782600059475;0,15155732320357054;0,7511428053626577;0;0;0
399500;19,79;-29,0;-1;-1;26639;1241;801;20539;55563;294270;86;100;1613;0;0,001162421726477169;0;0,037766312410925984;0,16216506371800082;0,798906202144596;0;0;0
401000;19,836;-41,0;-1;-1;26639;1243;801;20598;55803;295469;86;100;1613;0;0,001156530160798005;0;0,03740533510170823;0,15981777288781787;0,8016203618496759;0;0;0
402500;19,893;-42,0;-1;-1;26639;1243;801;20643;56045;296682;86;100;1613;0;0,0011710229906383063;0;0,037606457543694856;0,15938379467395639;0,8018387247917104;0;0;0
404000;19,958;-42,0;-1;-1;26639;1243;801;20712;56260;297898;86;100;1613;0;0,0011898563210764265;3,854442248586705E-5;0,03773845656940146;0,15943674245132958;0,8015338120911577;0;0;6,258814454907939E-5
405500;20,003;-38,0;-1;-1;26639;1245;801;20762;56498;299108;86;100;1613;0;0,0011724108591069857;0;0,03708075290038791;0,16304228787641953;0,7987045483640856;0;0;0
407000;20,048;-39,0;-1;-1;26639;1247;801;20823;56753;300290;86;100;1613;0;0,001180555206990986;0;0,03715120932829951;0,16249415609059062;0,799174079374119;0;0;0
408500;20,105;-41,0;-1;-1;26639;1249;801;20883;57007;301474;86;100;1613;0,062172895133942856;0,0011162520532067655;0;0,03495370627245603;0,15188162382317022;0,7498755227172242;0;0;0
410000;20,171;-34,0;-1;-1;26718;1252;801;20943;57236;302603;86;100;1613;0,0750838656163548;0,0013041584412528222;0;0,04065004886857144;0;0,8829619270738209;0;0;0
411500;20,238;-31,0;-1;-1;26838;1259;801;20986;57236;303933;86;100;1613;0,07361600090765333;0,0012853032132711464;0;0,04261011898972625;0;0,8824885768893493;0;0;0
413000;20,302;-34,0;-1;-1;26963;1261;801;21065;57236;305227;86;100;1613;0,07194753634881068;0,00127440244103278;0;0,04183744533115913;0;0,8849406158789974;0;0;0
414500;20,358;-31,0;-1;-1;27071;1263;801;21109;57236;306573;86;100;1613;0,07037021798719072;0,001259921686005981;0;0,041218289860530666;0;0,8870827664573;0;0;6,88040089726433E-5
416000;20,415;-38,0;-1;-1;27178;1285;801;21181;57236;307900;86;102;1613;0,059659344224363454;0,001042155015639947;0;0,03505191509563467;0,1484494470951442;0,7557971385692178;0;0;0
417500;20,48;-31,0;-1;-1;27256;1286;801;21238;57433;309067;86;102;1613;0,06925308380218463;0,0012215574832340848;4,276079712355577E-5;0,040754921267145416;0;0,8887276766503123;0;0;0
419000;20,533;-27,0;-1;-1;27365;1288;801;21297;57433;310397;86;102;1613;0,07053046466142554;0,0012085266554349682;0;0,042392556391119204;0;0,8858684522920203;0;0;0
420500;20,602;-34,0;-1;-1;27467;1290;801;21355;57433;311735;86;102;1613;0,07187404819613191;0,0011991563069227193;0;0,041763648092629356;0;0,885163147404316;0;0;0
422000;20,665;-32,0;-1;-1;27588;1291;801;21412;57433;313056;86;102;1613;0,0703212662460624;0,001191539837228613;0;0,04115647395346331;0;0,8873307199632458;0;0;0
423500;20,733;-34,0;-1;-1;27697;1294;801;21465;57433;314391;86;102;1613;0,07164783089931907;0,0011807326430401336;0;0,04063429176614736;0;0,8865371446914935;0;0;0
425000;20,799;-34,0;-1;-1;27807;1297;801;21534;57433;315709;86;102;1613;0,0604519198702502;0,0010070312189271338;0;0,0344369896233627;0,144205272565691;0,759898786721769;0;0;0
426500;20,865;-28,0;-1;-1;27915;1299;801;21573;57666;316827;86;102;1613;0,25409101050591343;0,004125311299805315;0;0,14056077398881167;0,6009827284338033;0;0;0;2,401757716663845E-4
428000;20,931;-28,0;-1;-1;28313;1306;801;21772;58561;316827;86;102;1614;0;0,005193991101163752;0;0,18311474130082536;0,8113854375263333;0;0;0;3,058300716774564E-4
429500;20,998;-34,0;-1;-1;28313;1308;801;22039;59792;316827;86;102;1614;0;0,004987363117870978;0;0,1877720381098886;0,8069458411633589;0;0;0;2,947576088815959E-4
431000;21,063;-36,0;-1;-1;28313;1319;801;22346;60974;316827;86;102;1614;0;0,005203714350782617;1,9354924430574694E-4;0,20034674907891445;0,7939423879768204;0;0;0;3,135993491766856E-4
432500;21,134;-31,0;-1;-1;28314;1346;802;22655;62152;316834;86;102;1614;0;9,861856352257126E-4;3,8386714479382465E-5;0,041926836940050095;0,15645856416173243;0,8005900265485124;0;0;0
434000;21,19;-40,0;-1;-1;28314;1350;802;22717;62411;318009;86;102;1614;0,059087152018063666;9,281349903179397E-4;0;0,03939449794191484;0,1461618575837995;0,7544283574659041;0;0;0
435500;21,236;-26,0;-1;-1;28394;1351;802;22779;62645;319132;86;102;1614;0,061898974484463666;9,426447078701804E-4;0;0;0,1512494251779094;0,7859089556297568;0;0;0
437000;21,282;-30,0;-1;-1;28490;1352;802;22779;62906;320274;86;102;1614;0,06065731197780264;9,317124155798E-4;0;0;0,14794002994573457;0,7904709456608829;0;0;0
438500;21,33;-34,0;-1;-1;28577;1355;802;22779;63113;321477;86;102;1614;0,05995358166050298;9,256203059565223E-4;0;0;0,14815275676545775;0,7909086779684679;0;0;5,9363299614917146E-5
440000;21,38;-32,0;-1;-1;28655;1356;802;22779;63349;322662;86;102;1614;0,05956037885610674;9,264962050769876E-4;3,665253819266347E-5;0;0,14881766443415137;0,7906588079664723;0;0;0
441500;21,441;-35,0;-1;-1;28735;1356;802;22779;63594;323837;86;102;1614;0,05726029330825338;0;0;0,03822187212554833;0,14253235388912264;0,7619854806770757;0;0;0
443000;21,507;-37,0;-1;-1;28824;1356;802;22831;63793;324997;86;102;1614;0,05714225857793057;0;0;0,03832301328587867;0,14231940259057982;0,7622153255456109;0;0;0
444500;21,552;-37,0;-1;-1;28899;1356;802;22890;64022;326134;86;102;1614;0,05724940319369534;0;0;0,03842401245003947;0,14222499751707454;0,7621015868391906;0;0;0
446000;21,603;-29,0;-1;-1;28990;1356;802;22956;64238;327261;86;102;1614;0,05638492008124085;0;0;0,037903964518922764;0,14383061908538108;0,7618804963144553;0;0;0
447500;21,673;-33,0;-1;-1;29087;1356;802;23019;64470;328369;86;102;1614;0,05613717845103277;9,250159894839815E-4;0;0,03790955325131358;0,14317731687650667;0,7617914679082138;0;0;5,946752344919394E-5
449000;21,746;-33,0;-1;-1;29167;1380;802;23078;64694;329510;86;102;1614;0,06566912311203478;0,0010480110248252982;4,3402344770905986E-5;0,044447932459564306;0;0,8887915310588047;0;0;0
450500;21,815;-32,0;-1;-1;29267;1380;802;23155;64694;330833;86;102;1614;0,06515679807130989;0;0;0,044173568415145865;0;0,8906696335135443;0;0;0
451500;21,863;-34,0;-1;-1;29345;1380;802;23200;64694;331710;86;102;1614;0,06384885428863689;0;0;0,04346042465669427;0;0,8926907210546688;0;0;0
452500;21,905;-32,0;-1;-1;29421;1380;802;23244;64694;332590;86;102;1614;0,06767416131431864;0;0;0,04291836859257644;0;0,889407470093105;0;0;0
453500;21,944;-25,0;-1;-1;29484;1380;802;23283;64694;333488;86;102;1614;0,057687674554769405;0;0;0,0366802673373278;0,1423576258024531;0,7632744323054498;0;0;0
455000;22,011;-40,0;-1;-1;29569;1380;802;23329;64886;334665;86;102;1614;0,056769088696285275;8,910710078163848E-4;0;0,03626107743109956;0,14388323616997417;0,7621955266948245;0;0;0
456500;22,084;-30,0;-1;-1;29647;1382;802;23375;65090;335835;86;102;1614;0,06791350113568156;0,0010357651651065679;0;0,04197192524778326;0;0,8890088295245859;0;0;6,997892684261809E-5
458000;22,151;-31,0;-1;-1;29748;1384;802;23438;65090;337169;86;102;1614;0,06792960472588754;0,0010466863694192155;4,376800783026342E-5;0,04214480093056247;0;0,8888351399663005;0;0;0
459500;22,216;-32,0;-1;-1;29831;1384;802;23493;65090;338531;86;102;1614;0,0681712582439088;0;0;0,042394046385515784;0;0,8894346953705754;0;0;0
460500;22,258;-33,0;-1;-1;29900;1384;802;23545;65090;339410;86;102;1614;0,06751401653182582;0;0;0,042032381975632624;0;0,8904536014925416;0;0;0
461500;22,3;-39,0;-1;-1;29966;1384;802;23571;65090;340318;86;102;1614;0,057318401739149476;0;0;0,035847802712539546;0,14579824538248667;0,7610355501658242;0;0;0
463000;22,368;-32,0;-1;-1;30049;1411;802;23626;65307;341466;86;102;1614;0,05672952455624586;0;0;0,03556822677444216;0,14593856975453415;0,7617636789147779;0;0;0
464500;22,432;-29,0;-1;-1;30139;1411;802;23671;65518;342620;86;102;1614;0,056222426323454484;8,736167472906428E-4;0;0,03543558459432368;0,14453445240985696;0,7629339199250743;0;0;0
466000;22,494;-33,0;-1;-1;30225;1412;802;23720;65754;343748;86;102;1614;0,06492111406972945;0,0010185450797110243;0;0,041073475712347846;0;0,8929868651382117;0;0;0
467500;22,558;-33,0;-1;-1;30332;1416;802;23792;65754;345065;86;102;1614;0,06367013048982618;0,0010067628333735943;0;0,04249270659932886;0;0,8927583174950253;0;0;7,208258244600968E-5
469000;22,624;-37,0;-1;-1;30445;1420;802;23852;65754;346387;86;102;1615;0;0,0010591116017603162;4,706888949288204E-5;0,044579181741556353;0;0,9542384180103674;0;0;7,621975682314361E-5
470500;22,689;-18,0;-1;-1;30445;1420;802;23918;65754;347821;86;102;1615;0;0,0010474943126790018;4,6564409111011015E-5;0,0458603316393985;0;0,9529702097607075;0;0;7,539987810410527E-5
472000;22,751;-40,0;-1;-1;30445;1421;802;23987;65754;349251;86;102;1615;0;8,867582553790776E-4;0;0,03849713652218946;0,1468610744626178;0,8137550307598136;0;0;0
473500;22,814;-37,0;-1;-1;30445;1422;802;24049;65976;350466;86;102;1615;0;8,666094727539919E-4;0;0,03921439433247003;0,14572514050513322;0,8141938556896429;0;0;0
475000;22,878;-33,0;-1;-1;30445;1425;802;24104;66198;351686;86;102;1615;0,05186575362773387;8,20860821740317E-4;0;0,03702811563162769;0,13692849532450652;0,7733567745943914;0;0;0
476500;22,942;-41,0;-1;-1;30518;1426;802;24168;66421;352825;86;102;1615;0,059909436454634785;9,558954810827066E-4;0;0,04277789557483202;0;0,8963567724894504;0;0;0
478000;23,005;-33,0;-1;-1;30604;1428;802;24239;66421;354166;86;102;1615;0,059474899668883516;9,569594751208527E-4;4,3163396409497756E-5;0,04250337321152986;0;0,8969517248361114;0;0;6,987941194484725E-5
479500;23,071;-39,0;-1;-1;30695;1448;802;24318;66423;355502;86;102;1616;0,05936440286462613;9,367685317857189E-4;0;0,04243455100491924;0;0,8971937587351352;0;0;7,051886353381693E-5
481000;23,134;-32,0;-1;-1;30781;1448;802;24381;66423;356853;86;102;1616;0,06105625313657362;0;0;0,042164499321030835;0;0,8967792475423956;0;0;0
482000;23,178;-32,0;-1;-1;30843;1448;802;24426;66423;357746;86;102;1616;0,052194772049689774;0;0;0,03609566530891474;0,13799682393879387;0,7737127387026016;0;0;0
483500;23,242;-37,0;-1;-1;30931;1448;802;24469;66643;358895;86;102;1616;0,05396704151706379;0;0;0,036197914136724255;0,13747685514522387;0,7723581892009881;0;0;0
485000;23,307;-26,0;-1;-1;31021;1448;802;24518;66846;360053;86;102;1616;0,05366252828286638;0;0;0,036157290242990484;0,13670288320291815;0,7734772982712249;0;0;0
486500;23,371;-29,0;-1;-1;31118;1448;802;24569;67049;361202;86;102;1616;0,053536626583388446;8,314406247085495E-4;3,875620272142023E-5;0,036242918924595253;0,1364635181290278;0,7728240887198548;0;0;6,26508157037476E-5
488500;23,459;-38,0;-1;-1;31227;1450;802;24635;67312;362762;86;102;1616;0,05511572625822991;8,361235000900078E-4;0;0,03798535522532858;0,13731467723427374;0,7687481177820777;0;0;0
490000;23,53;-33,0;-1;-1;31307;1451;802;24692;67506;363930;86;102;1616;0;8,814296048948558E-4;0;0,039771795000151565;0,14521650550656828;0,8141302698883853;0;0;0
491500;23,595;-39,0;-1;-1;31307;1455;802;24764;67736;365124;86;102;1616;0;8,83556913966505E-4;0;0,03971378911160515;0,14458100964610512;0,8148216443283232;0;0;0
493000;23,66;-42,0;-1;-1;31307;1457;802;24824;67960;366338;86;102;1616;0;8,756154862216914E-4;0;0,03913464417864492;0,14561064947977073;0,8143790908553626;0;0;0
494500;23,724;-31,0;-1;-1;31307;1460;802;24891;68180;367548;86;102;1616;0;8,752873029222759E-4;0;0,03893698304491117;0,1462857517705598;0,8139019778816068;0;0;0
496000;23,792;-34,0;-1;-1;31307;1484;802;24952;68381;368788;87;102;1616;0,055298523881949474;8,03516208705981E-4;0;0,03679570260530811;0,1378448754939968;0,7691931197888544;0;0;6,426202118519196E-5
497500;23,86;-39,0;-1;-1;31380;1485;802;25014;68618;369915;87;102;1616;0,0560391473724146;7,923930302100193E-4;3,9311482490485326E-5;0,036010949014718865;0,13783178732459045;0,7692864117755757;0;0;0
499000;23,941;-23,0;-1;-1;31457;1485;802;25058;68805;371107;87;102;1616;0,05545712058345854;0;0;0,03576365309750041;0,13625896541875646;0,7725202609002846;0;0;0
500500;24,011;-32,0;-1;-1;31538;1485;802;25118;68992;372279;87;102;1616;0,0551628256007326;0;0;0,03562575926176661;0,13549135840168802;0,7737200567358128;0;0;0
502000;24,08;-29,0;-1;-1;31626;1485;802;25181;69190;373430;87;102;1616;0,05493645728678099;0;0;0,03555572384883374;0,13490330624410315;0,7746045126202821;0;0;0
503500;24,148;-39,0;-1;-1;31703;1485;802;25244;69395;374585;87;102;1616;0,05481546325459582;0;0;0,03724281100560633;0,13441172122175643;0,7735300045180413;0;0;0
505000;24,214;-29,0;-1;-1;31792;1485;802;25293;69588;375754;87;102;1616;0,05408841681843468;8,099545872132997E-4;0;0,04052273746281501;0,13264681665677894;0,7719320744747581;0;0;0
506500;24,28;-34,0;-1;-1;31869;1486;802;25353;69816;376888;87;102;1616;0,23567064412327596;0,0035588627177851125;0;0,1767713798425017;0,5837128947891714;0;0;0;2,862185272657663E-4
508000;24,333;-30,0;-1;-1;32255;1491;802;25621;70657;376888;87;102;1616;0,2709968289322271;0,00332961187525716;0;0,16902914982633002;0,5566444093661858;0;0;0;0
509500;24,399;-29,0;-1;-1;32636;1496;802;25862;71530;376888;87;102;1616;0,25823522304307805;0,003187740185704273;1,6115820273747967E-4;0,1650290094136695;0,5733868691548107;0;0;0;0
511000;24,465;-28,0;-1;-1;32986;1503;802;26112;72423;376888;87;102;1616;0,2642114722193614;0,0031502481811591914;0;0,1592686244406774;0,573369655158802;0;0;0;0
512500;24,535;-28,0;-1;-1;33403;1534;802;26349;73266;376897;87;103;1617;0,06840607661411074;7,439566129721859E-4;0;0,03986277196706682;0,1371377044794763;0,7538494903263739;0;0;0
514000;24,601;-36,0;-1;-1;33501;1534;802;26426;73465;378023;87;103;1617;0,06819799134961463;0;0;0,03978781119064256;0,13687133543546143;0,7551428620242814;0;0;0
515500;24,667;-31,0;-1;-1;33598;1534;802;26480;73674;379163;87;103;1617;0,067635256019431;0;0;0,039634026965840334;0,1391788011554871;0,7535519158592416;0;0;0
517000;24,732;-36,0;-1;-1;33709;1534;802;26533;73891;380282;87;103;1617;0,06721948318342226;0;0;0,03962594254904772;0,13854134316723296;0,754613231100297;0;0;0
518500;24,797;-29,0;-1;-1;33820;1534;802;26576;74069;381450;87;103;1617;0,0686503102318976;0;0;0,03951058318350163;0,13931217878074664;0,7524610104531299;0;0;6,591735072425675E-5
520000;24,863;-23,0;-1;-1;33916;1534;802;26643;74276;382578;87;103;1619;0;8,108665829265806E-4;0;0,041648026044470494;0,1519381802924822;0,8055329248779409;0;0;7,000220217976503E-5
521500;24,929;-43,0;-1;-1;33916;1535;802;26716;74497;383783;87;103;1619;0;8,065321192944527E-4;0;0,041069447946536844;0,15134373340243593;0,8067802865317327;0;0;0
523000;24,993;-43,0;-1;-1;33916;1536;802;26775;74738;384982;87;103;1619;0;8,151266476048999E-4;4,3883303949590946E-5;0,041257107950858324;0,15132109228592805;0,8065627898116592;0;0;0
524500;25,057;-36,0;-1;-1;33916;1537;802;26833;74978;386183;87;103;1619;0;7,925975534651065E-4;0;0,03984632721445382;0,15430983221419264;0,8050512430178884;0;0;0
526000;25,122;-35,0;-1;-1;33916;1539;802;26893;75214;387385;87;103;1619;0,0662376205252871;7,390428285740913E-4;0;0,038657751137507544;0,1425792829338637;0,7517863025747675;0;0;0
527500;25,184;-37,0;-1;-1;34008;1541;802;26951;75413;388534;87;103;1619;0,07601229408221584;8,54991548140923E-4;0;0,04649561608984488;0;0,8765623902599201;0;0;7,470801987841107E-5
529000;25,256;-28,0;-1;-1;34107;1573;802;27022;75414;389867;87;103;1619;0,07553818944069672;8,208186015042047E-4;0;0,04629458887495979;0;0,8773464030828393;0;0;0
530500;25,327;-31,0;-1;-1;34229;1601;802;27089;75414;391178;87;103;1620;0,07526441198219165;7,945236990685672E-4;0;0,04637713141114334;0;0,8775639329075964;0;0;0
532000;25,392;-36,0;-1;-1;34344;1601;802;27164;75414;392488;87;103;1620;0,07484773039648053;8,009920148136363E-4;0;0,046272747053518186;0;0,8780785305351877;0;0;0
533500;25,462;-33,0;-1;-1;34462;1630;802;27250;75414;393786;87;104;1620;0,06550839571271336;6,596641219396139E-4;0;0,03935354370627365;0,1443723669618107;0,7501060294972627;0;0;0
535000;25,53;-30,0;-1;-1;34563;1631;802;27307;75649;394892;87;104;1620;0,07542929774934584;7,679463715234003E-4;0;0,04550294112205225;0;0,8782998147570785;0;0;0
536500;25,597;0,0;-1;-1;34682;1632;802;27368;75649;396211;87;104;1620;0,07525492472394418;7,763039888317137E-4;4,846730763496093E-5;0,04565215164076972;0;0,8781902690134324;0;0;7,788332538710082E-5
538000;25,666;-33,0;-1;-1;34791;1656;802;27442;75649;397531;87;104;1620;0,07666457653684995;7,502782019591001E-4;0;0,04522798953710838;0;0,8773571557240826;0;0;0
539500;25,727;-34,0;-1;-1;34901;1658;802;27506;75649;398855;87;104;1620;0,07796936460591629;7,462194733914043E-4;0;0,04476782764872367;0;0,8765165882719687;0;0;0
541000;25,786;-35,0;-1;-1;35015;1659;802;27591;75649;400155;87;104;1620;0,07684318622326894;7,43215949686192E-4;0;0,0461467686700107;0;0,8762668291570341;0;0;0
542500;25,848;-31,0;-1;-1;35123;1660;802;27664;75649;401473;87;104;1620;0,06590101970049;6,250917148791694E-4;0;0,0419174608461764;0,14059024194498473;0,7509661857934696;0;0;0
544000;25,905;-36,0;-1;-1;35211;1683;802;27738;75878;402588;87;104;1620;0;6,563300141618697E-4;0;0,044602944190647406;0,15288772676108014;0,8018529990341107;0;0;0
545500;25,947;-36,0;-1;-1;35211;1683;802;27790;76106;403808;87;104;1620;0;6,516474738134048E-4;0;0,04409185126306449;0,1505978196888764;0,8046586815742456;0;0;0
547000;26,009;-40,0;-1;-1;35211;1683;802;27850;76321;405033;87;104;1620;0;6,568660560378495E-4;0;0,04410318111472712;0,15011206351121434;0,8050577088621786;0;0;7,018045584201588E-5
548500;26,078;-41,0;-1;-1;35211;1685;802;27917;76517;406268;87;104;1620;0;6,618165350794054E-4;0;0,04602976107316664;0,15004435046732867;0,8032640719244254;0;0;0
550000;26,148;-42,0;-1;-1;35211;1686;802;27984;76736;407481;87;104;1620;0,06684998353287466;6,235848065580716E-4;4,1704864666208275E-5;0,04303605267897714;0,13987321512017584;0,749575458996748;0;0;0
551500;26,217;-42,0;-1;-1;35319;1708;803;28052;76950;408592;87;104;1620;0,06678301590453345;0;4,21521970660819E-5;0,04313431267902852;0,13991264372920081;0,7501278754901711;0;0;0
553000;26,284;-28,0;-1;-1;35413;1708;803;28121;77171;409708;87;104;1620;0,06641332422925354;0;0;0,04297857904505389;0,14066378801722162;0,749944308708471;0;0;0
554500;26,352;-37,0;-1;-1;35511;1708;803;28203;77382;410817;87;104;1620;0,068103782208756;0;0;0,04280874286785824;0,14005513378576442;0,7490323411376214;0;0;0
556000;26,418;-37,0;-1;-1;35611;1708;803;28265;77578;411959;87;104;1620;0,06805671440945962;0;0;0,04292229678362021;0,1401635222873584;0,7488574665195618;0;0;0
557500;26,486;-31,0;-1;-1;35718;1708;803;28344;77778;413073;87;104;1620;0,06885510204359677;6,297948599137302E-4;0;0,04228286009948913;0,14457328460471897;0,7436589583922815;0;0;0
559000;26,553;-33,0;-1;-1;35831;1708;803;28410;78000;414172;87;104;1620;0,06859469032357106;0;4,347098567904743E-5;0,042302203018153905;0,1442343588787732;0,7447553528501095;0;0;6,992394371329528E-5
560500;26,626;-33,0;-1;-1;35934;1737;803;28476;78231;415276;89;104;1620;0,06851482311665909;0;0;0,0424129182796684;0,14409445871402476;0,7449777998896477;0;0;0
562000;26,693;-30,0;-1;-1;36037;1737;803;28533;78455;416392;89;104;1620;0,06811390977246004;0;0;0,04233937507430703;0,14322315254029483;0,7463235626129381;0;0;0
563500;26,758;-36,0;-1;-1;36129;1737;803;28600;78676;417512;89;104;1620;0,06791295920828407;0;0;0,042286948049710914;0,1427037136388676;0,7470963791031374;0;0;0
565000;26,825;-29,0;-1;-1;36233;1737;803;28660;78896;418628;89;104;1620;0,06916825552203687;0;0;0,0419803142192842;0,14284528582299125;0,7460061444356877;0;0;0
566500;26,892;-24,0;-1;-1;36343;1737;803;28716;79104;419754;89;104;1620;0,06850431963903793;6,261238727907441E-4;0;0,041790758335331066;0,14172495004971777;0,7473538481031224;0;0;0
568000;26,963;-37,0;-1;-1;36434;1737;803;28759;79311;420913;89;104;1620;0,06795733171350749;0;4,4969304147650746E-5;0,041648858348355855;0,14053236991088444;0,7498164707231045;0;0;0
569500;27,024;-32,0;-1;-1;36534;1737;803;28831;79504;422048;89;104;1620;0,06696805005269887;0;0;0,04111449839858306;0,14024811447925375;0,7516693370694643;0;0;0
571000;27,071;-36,0;-1;-1;36634;1758;803;28897;79735;423154;89;104;1620;0,0667352998520681;0;0;0,041049983676482674;0,13970561673016627;0,7525090997412831;0;0;0
572500;27,119;-27,0;-1;-1;36732;1758;803;28964;79962;424262;89;104;1620;0,06503550776692951;0;0;0,04176715199453217;0,1423387006824279;0,7507875474064392;0;0;7,109214967123835E-5
574000;27,177;-35,0;-1;-1;36820;1758;803;29017;80177;425406;89;104;1620;0,06477474043032311;0;0;0,04169230058936995;0,14153573436430467;0,7519972246160023;0;0;0
575500;27,247;-32,0;-1;-1;36927;1758;803;29080;80369;426544;89;104;1620;0,06581250870768074;0;0;0,04289819199869756;0,14002047261976197;0,7512688266738597;0;0;0
577000;27,315;-32,0;-1;-1;37020;1758;803;29149;80585;427666;89;104;1620;0,06520819458127511;6,073058546771209E-4;0;0,042570225599777536;0,14022421398717186;0,7513900599770984;0;0;0
578500;27,369;-36,0;-1;-1;37123;1758;803;29208;80820;428769;89;104;1620;0,06598507916612618;0;4,4164450143893656E-5;0,04198577947522404;0,13938287485887324;0,7526021020496326;0;0;0
580000;27,416;-33,0;-1;-1;37212;1758;803;29273;81024;429911;89;104;1620;0,06514397397123084;0;0;0,041498305585321194;0,14069660286123808;0,7526611175822099;0;0;0
581500;27,468;-32,0;-1;-1;37304;1758;803;29327;81263;431026;89;104;1620;0,06393117839275869;0;0;0,04081614163561506;0,14254917218378715;0,7527035077878391;0;0;0
583000;27,543;-27,0;-1;-1;37413;1777;803;29383;81485;432142;90;104;1620;0,06616947344318898;0;0;0,04055863295948419;0,14266964422825168;0,7506022493690752;0;0;0
584500;27,609;-35,0;-1;-1;37507;1777;803;29448;81714;433254;90;104;1620;0,06578490732391938;0;0;0,040402628973942936;0,14479068219051847;0,7490217815116192;0;0;0
586000;27,68;-28,0;-1;-1;37609;1777;803;29512;81920;434382;90;104;1620;0,06995272985929993;0;0;0,03960772420138697;0,1448055158547578;0,745564442792661;0;0;6,958729189426543E-5
587500;27,749;-33,0;-1;-1;37709;1777;803;29573;82154;435487;90;104;1620;0,06931537262587899;0;0;0,03938351831706686;0,14498129522924263;0,7463198138278115;0;0;0
589000;27,815;-28,0;-1;-1;37825;1777;803;29626;82397;436575;90;104;1620;0,07223139510818193;5,755400099034325E-4;0;0,03904986443345261;0,14460771850145435;0,7435354819470077;0;0;0
590500;27,882;-25,0;-1;-1;37942;1777;803;29675;82616;437690;90;104;1620;0,07135537689558348;0;4,3404973776907464E-5;0,03883013431907952;0,14466947084871548;0,7451016129628446;0;0;0
592000;27,948;-33,0;-1;-1;38058;1777;803;29721;82826;438818;90;104;1620;0,0727531503994405;0;0;0,03878037379803023;0,14384296881838773;0,7446235069841416;0;0;0
593500;28,013;-34,0;-1;-1;38164;1777;803;29777;83024;439958;90;104;1620;0,0725824690117625;0;0;0,03886034986225013;0,1437829219376748;0,7447742591883126;0;0;0
595000;28,08;-30,0;-1;-1;38289;1777;803;29840;83230;441064;90;104;1620;0,07476892332268736;0;0;0,038131335935583585;0,14535888815723072;0,7417408525844983;0;0;0
596500;28,172;-34,0;-1;-1;38393;1799;803;29906;83457;442171;90;105;1620;0,07339832695792853;0;0;0,03752929099226183;0,14886794455782756;0,7402044374919822;0;0;0
598000;28,254;-28,0;-1;-1;38511;1799;803;29960;83681;443275;90;105;1620;0,07194081869969478;0;0;0,038507299764193564;0,1463840463498231;0,7431678351862885;0;0;0
599500;28,32;-30,0;-1;-1;38618;1799;803;30026;83891;444392;90;105;1620;0,0745846068913718;0;0;0,037967572834587404;0,14555741175051623;0,7418217610129034;0;0;6,864751062106737E-5
601000;28,386;-31,0;-1;-1;38724;1799;803;30082;84124;445497;90;105;1620;0,07444063074878306;0;0;0,038055506164368626;0,14529393003559585;0,7422099330512525;0;0;0
602500;28,463;-30,0;-1;-1;38850;1799;803;30148;84302;446627;90;105;1620;0,07307472377122909;5,508872176139004E-4;0;0,03754716168527022;0,14503976743336078;0,743787459892526;0;0;0
604000;28,531;0,0;-1;-1;38948;1801;803;30215;84519;447743;90;105;1620;0,08448698396970597;6,418395128264692E-4;5,017865188255691E-5;0,04349691748052905;0;0,8713240803850559;0;0;0
605500;28,592;-31,0;-1;-1;39080;1802;803;30292;84519;449033;90;105;1620;0,08742986238649805;6,374378472449928E-4;0;0,04463262028782065;0;0,8673000794784363;0;0;0
607000;28,645;-36,0;-1;-1;39213;1802;803;30363;84519;450329;90;105;1620;0,08810458624255574;6,328923703446062E-4;0;0,04397965902090621;0;0,8672828623661936;0;0;0
608500;28,706;-23,0;-1;-1;39346;1802;803;30427;84519;451632;90;105;1620;0,08592964111194813;6,250681611179667E-4;0;0,043115784430419975;0;0,870329506296514;0;0;0
610000;28,769;-36,0;-1;-1;39474;1802;803;30480;84519;452951;90;105;1620;0,07480762963495893;5,368826155957445E-4;0;0,03679631925097662;0,14021921845973503;0,7476399500387336;0;0;0
611500;28,836;-35,0;-1;-1;39584;1826;803;30541;84705;454096;91;105;1620;0,0855427177125015;5,99236388895766E-4;0;0,04394868341811241;0;0,8699093624804902;0;0;0
613000;28,897;-34,0;-1;-1;39693;1826;803;30596;84705;455432;91;105;1620;0,0845520502284231;5,987058297296115E-4;0;0,045364396329383064;0;0,8694067492575446;0;0;7,809835491962546E-5
614500;28,958;-35,0;-1;-1;39804;1826;803;30669;84705;456748;91;105;1620;0,08362602942881468;0;0;0,04495306902640685;0;0,8714209015447785;0;0;0
615500;28,999;-27,0;-1;-1;39886;1826;803;30702;84705;457633;91;105;1620;0,083036620293061;0;0;0,04480803924122976;0;0,8721553404657093;0;0;0
616500;29,041;-34,0;-1;-1;39972;1826;803;30749;84705;458500;91;105;1620;0,08267736900946529;0;4,8839197350152846E-5;0,04472970329408204;0;0,8725440884991025;0;0;0
618000;29,1;-30,0;-1;-1;40083;1826;803;30823;84705;459815;91;105;1620;0,07388114856940275;0;4,190510744105335E-5;0,03804496494347371;0,13808723534009695;0,7499447460395855;0;0;0
619500;29,161;-41,0;-1;-1;40187;1826;803;30877;84913;460949;91;105;1620;0,07324440354055693;5,163108139026523E-4;0;0,03785727798440578;0,13699596342502243;0,7513860442361122;0;0;0
621000;29,23;-28,0;-1;-1;40306;1827;803;30943;85130;462046;91;105;1620;0,07863267760582773;5,32181687706124E-4;0;0;0,14299132181660296;0,7778438188898632;0;0;0
622500;29,298;-34,0;-1;-1;40412;1827;803;30943;85369;463201;91;105;1620;0,07902173477441969;5,269490631240474E-4;0;0;0,1407833606896961;0,7796679554727602;0;0;0
624000;29,369;-39,0;-1;-1;40524;1827;803;30943;85565;464393;91;105;1620;0,07774407953089471;5,246269340028458E-4;0;0;0,14023600089051905;0,7814952926445834;0;0;0
625500;29,432;-36,0;-1;-1;40608;1827;803;30943;85764;465610;91;105;1620;0,07708681663171649;5,245046778424528E-4;4,272413895400897E-5;0;0,14036956979029905;0,7819077798112185;0;0;6,860494996962224E-5
627000;30,353;-35,0;-1;-1;40715;1848;803;30945;85989;466779;91;106;1620;0,07258646066626588;4,90188958994213E-4;0;0,03633021425533606;0,13514906286372827;0,7554440732556756;0;0;0
628500;30,4;-31,0;-1;-1;40829;1850;803;31002;86181;467914;91;106;1620;0,07290815092742775;0;0;0,0371032791980096;0,13669475681770138;0,7532938130568613;0;0;0
630000;30,451;-34,0;-1;-1;40943;1850;803;31057;86389;469037;91;106;1620;0,07694359484606131;0;0;0,037936014816039865;0,13557516998937505;0,7495452203485238;0;0;0
631500;30,516;-34,0;-1;-1;41066;1850;803;31114;86578;470168;91;106;1620;0,07514753333561122;0;0;0,03723792704665376;0,1396463911428792;0,7479681484748557;0;0;0
633000;30,582;-38,0;-1;-1;41157;1850;803;31169;86799;471301;91;106;1620;0,07774276874350734;0;0;0,03680074599676898;0,14032784969861387;0,7451286355611099;0;0;0
634500;30,631;-31,0;-1;-1;41262;1850;803;31227;87032;472405;91;106;1620;0,07707022783913924;4,701831085098205E-4;3,9512304682924504E-5;0,036587702404621475;0,14190863024743022;0,7439237440956163;0;0;0
636000;30,699;-38,0;-1;-1;41371;1850;803;31288;87242;473525;91;106;1620;0,07955840006188251;0;0;0,03898078512801427;0,14124062322174924;0,740220191588354;0;0;0
637500;30,765;-38,0;-1;-1;41487;1850;803;31345;87454;474640;91;106;1620;0,07868079424225534;0;0;0,03871952517662605;0,14265041145257243;0,7399492691285462;0;0;0
639000;30,843;-31,0;-1;-1;41607;1850;803;31393;87670;475756;91;106;1620;0,07965967214080306;0;0;0,03851001337086232;0,1441159432429052;0,7376511755415794;0;0;6,319570384994108E-5
640500;30,912;-31,0;-1;-1;41719;1850;803;31447;87882;476878;91;106;1620;0,07883476634208988;0;0;0,03829134478882879;0,14562712594905314;0,7372467629200281;0;0;0
642000;30,98;-35,0;-1;-1;41840;1850;803;31501;88089;477996;91;106;1620;0,07784930718953913;0;0;0,03801960343800904;0,14839563093560892;0,735735458436843;0;0;0
643500;31,05;-35,0;-1;-1;41951;1877;803;31566;88331;479082;91;106;1620;0,08195753318080236;4,4940293000414E-4;0;0,03885780192457922;0,14846103167152583;0,7302742302930885;0;0;0
645000;31,117;-30,0;-1;-1;42090;1877;803;31624;88550;480166;91;106;1620;0,08089460909449152;0;3,9201294902895594E-5;0,038613357747570125;0,1470797332310137;0,7333730986320217;0;0;0
646500;31,186;-29,0;-1;-1;42218;1877;803;31671;88770;481271;91;106;1620;0,08117144794174011;0;0;0,038112187850475134;0,1487593460330069;0,7319570181747779;0;0;0
648000;31,252;-30,0;-1;-1;42328;1877;803;31742;88996;482364;91;106;1620;0,0804137301986136;0;0;0,03783637579307677;0,14883927542059605;0,7329106185877136;0;0;0
649500;31,317;-28,0;-1;-1;42440;1877;803;31789;89245;483456;91;106;1620;0,08167514487549708;0;0;0,03774941847613349;0,14768136067999077;0,7328940759683787;0;0;0
651000;31,375;-34,0;-1;-1;42570;1877;803;31839;89460;484561;91;106;1620;0,08213215783852897;0;0;0,03872155152415901;0,14830680515245717;0,7308394854848549;0;0;0
652500;31,441;-23,0;-1;-1;42679;1877;803;31891;89682;485678;91;106;1620;0,08156033373151488;0;0;0,03860762343834602;0,1473452401903249;0,7324241739535696;0;0;6,262868624450366E-5
654000;31,509;-34,0;-1;-1;42793;1877;803;31936;89893;486808;91;106;1620;0,0810083257441122;4,497292156865305E-4;0;0,038571413849537675;0,14795925521457381;0,7320112759760897;0;0;0
655500;31,562;-27,0;-1;-1;42903;1877;803;31999;90117;487911;91;106;1620;0,08052734028855257;0;0;0,03841200486275736;0,147063236236178;0,733997418612512;0;0;0
657000;31,626;-30,0;-1;-1;43040;1877;803;32052;90332;489006;91;106;1620;0,08093843862321472;0;3,916568919978104E-5;0,03798855781919947;0,1477410870847054;0,7332927507836807;0;0;0
658500;31,696;-30,0;-1;-1;43174;1877;803;32107;90559;490090;91;106;1620;0,08005959608411614;0;0;0,03781730084522533;0,14651774076501997;0,7356053623056386;0;0;0
660000;31,766;-36,0;-1;-1;43323;1896;804;32153;90769;491188;93;106;1620;0,0820103038933986;0;0;0,03735376654722574;0,14826092234819924;0,7323750072111764;0;0;0
661500;31,835;-30,0;-1;-1;43442;1896;804;32198;91001;492292;93;106;1620;0,08108501282342485;0;0;0,03715873860801033;0,14947600241047607;0,7322802461580888;0;0;0
663000;31,936;-31,0;-1;-1;43566;1896;804;32245;91229;493393;93;106;1620;0,08120043592834786;0;0;0,03660381332071751;0,15203944540331576;0,7301563053476189;0;0;0
664500;31,994;-36,0;-1;-1;43688;1896;804;32302;91428;494515;93;106;1620;0,08040708226368648;0;0;0,036400834585111425;0,1522684391481138;0,7309236440030883;0;0;0
666000;32,054;-39,0;-1;-1;43819;1896;804;32350;91641;495623;93;106;1620;0,08168297832365184;4,3236444888552296E-4;0;0,036390409061587387;0,15306753222797134;0,728364278537658;0;0;6,243740024586481E-5
667500;32,123;-17,0;-1;-1;43952;1897;804;32405;91856;496719;93;106;1620;0,08390709916284635;4,299853378651349E-4;0;0,035986773517973594;0,15227862115982635;0,7273975208214886;0;0;0
669000;32,194;-30,0;-1;-1;44073;1897;804;32460;92096;497803;93;106;1620;0,08470207417975502;0;0;0,03571766587553813;0,15195009852252725;0,7276301614221796;0;0;0
670500;32,248;-31,0;-1;-1;44217;1897;804;32527;92300;498888;93;106;1620;0,08573531873500655;0;3,875542836571553E-5;0,035553353049377956;0,15108693448581387;0,7275856383014359;0;0;0
672000;32,292;-29,0;-1;-1;44327;1897;804;32598;92536;499971;93;106;1620;0,08513287507058519;0;0;0,03535441550004852;0,15139895237517886;0,7281137570541873;0;0;0
673500;32,335;-33,0;-1;-1;44462;1897;804;32638;92734;501098;93;106;1620;0,08613972554468173;0;0;0,03519507418817957;0,15031424490911266;0,7283509553580261;0;0;0
675000;32,403;-35,0;-1;-1;44592;1897;804;32684;92959;502197;93;106;1620;0,08529528834464467;4,3124491083800366E-4;0;0,035086858769182015;0,14919585801356702;0,7299907499617684;0;0;0
676500;32,48;-37,0;-1;-1;44723;1925;804;32741;93207;503261;93;106;1621;0;4,418513122441594E-4;0;0,038960272846443725;0,1614915003880818;0,7991063754532304;0;0;0
678000;32,559;-41,0;-1;-1;44723;1948;804;32807;93440;504462;93;107;1621;0;4,305849588991771E-4;0;0,03897710948140995;0,16110292646252472;0,7994893790971662;0;0;0
679500;32,629;-40,0;-1;-1;44723;1949;804;32854;93656;505698;93;107;1621;0;4,2978469654131107E-4;0;0,03874456959685336;0,16091281364541882;0,7998449297323819;0;0;6,790232880472123E-5
681000;32,703;-38,0;-1;-1;44723;1979;804;32920;93884;506904;93;107;1621;0;4,077086144155182E-4;0;0,03804152388649662;0,16048003838739125;0,8010707291116965;0;0;0
682500;32,774;-38,0;-1;-1;44723;1979;804;32967;94091;508150;93;107;1621;0,08273159025815133;3,7217386770337985E-4;0;0,03451102648465951;0,1463512271961462;0,7360339821933396;0;0;0
684000;32,835;-26,0;-1;-1;44844;1979;804;33012;94307;509268;93;107;1621;0,08159980658113347;0;3,812521508287358E-5;0,03421696906782984;0,14720278312393145;0,7369423160120224;0;0;0
685500;32,899;-28,0;-1;-1;44955;2003;804;33064;94533;510385;93;107;1622;0,08057376296158307;0;0;0,03515863415781424;0,14541466293272248;0,7388529399478801;0;0;0
687000;32,961;-30,0;-1;-1;45085;2003;804;33111;94745;511496;93;107;1622;0,07993905317927462;0;0;0,035087568396902864;0,14593942201084817;0,7390339564129743;0;0;0
688500;33,028;-25,0;-1;-1;45210;2003;804;33170;94942;512615;93;107;1622;0,079332667858263;0;0;0,03498621260514359;0,14487464246106946;0,7408064770755239;0;0;0
690000;33,094;-35,0;-1;-1;45331;2003;804;33228;95142;513736;93;107;1622;0,08155005585069997;3,6074679955894884E-4;0;0,034612576214899375;0,14681139351990097;0,7366652276149407;0;0;0
691500;33,162;-32,0;-1;-1;45441;2026;804;33286;95383;514826;93;107;1623;0,09483857432271581;4,1098041422941577E-4;0;0,040379356192344576;0;0,8643710890707101;0;0;0
693000;33,216;-31,0;-1;-1;45595;2027;804;33336;95383;516121;93;107;1623;0,09542249332808687;4,0891750008583436E-4;0;0,04003783122210557;0;0,8640592636505083;0;0;7,149429921339696E-5
694500;33,279;-37,0;-1;-1;45751;2029;804;33400;95383;517399;93;107;1623;0,09779202599950454;4,061958272548697E-4;0;0,03958667508718061;0;0,86221510308606;0;0;0
696000;33,341;-32,0;-1;-1;45906;2029;804;33468;95383;518676;93;107;1623;0,09661928903492151;4,0644564273422025E-4;0;0,039318949272136604;0;0,8636553160502077;0;0;0
697500;33,404;-33,0;-1;-1;46045;2030;804;33534;95383;519970;93;107;1623;0,08181054135193022;3,478527706889552E-4;3,8148870178557074E-5;0,034648404390808636;0,14490150001411825;0,7382535526022754;0;0;0
699000;33,469;-27,0;-1;-1;46164;2064;805;33593;95601;521075;93;107;1624;0,09519365965936889;0,00118483826387478;4,475255992426562E-5;0,04044307774117263;0;0,8631336717756594;0;0;0
700500;33,53;-31,0;-1;-1;46303;2068;805;33643;95601;522382;93;107;1624;0,09460364326936647;0,002789874773829194;0;0,04043658471769648;0;0,8621698972391078;0;0;0
702000;33,596;-32,0;-1;-1;46455;2073;805;33706;95601;523662;93;107;1624;0,0930315419643156;0,0027589895671776467;0;0,040012397259587454;0;0,8641970712089193;0;0;0
703500;33,659;-28,0;-1;-1;46607;2077;805;33776;95601;524936;93;107;1624;0,0919357718855328;0,0027459432864100543;0;0,039724122029789664;0;0,8655941627982675;0;0;0
705000;33,722;-34,0;-1;-1;46735;2079;805;33837;95601;526245;93;107;1624;0,0914435871075291;0,0027539635470625436;0;0,03966235644912155;0;0,8661400928962868;0;0;0
706500;33,783;-38,0;-1;-1;46867;2081;805;33896;95601;527552;93;107;1624;0,07735324125811238;0,002348545907790524;3,860113215478784E-5;0,03369866799298414;0,14512216609119416;0,7413769678959301;0;0;6,180972183383616E-5
708500;33,868;-21,0;-1;-1;47035;2111;805;33971;95871;529039;93;107;1624;0,07647087808980668;0,004576104412596012;0;0,03350670078746449;0,1451119994390424;0,7403343172710903;0;0;0
710000;33,928;-36,0;-1;-1;47157;2119;805;34018;96081;530152;93;107;1624;0,08857442055863145;0,005295240207930094;0;0,038994620032643486;0;0,8671357192007949;0;0;0
711500;33,978;-27,0;-1;-1;47306;2129;805;34082;96081;531429;93;107;1624;0,08754208465853784;0,005227795776824729;0;0,03870275832445066;0;0,8685273612401868;0;0;0
713000;34,025;-36,0;-1;-1;47424;2134;805;34149;96081;532739;93;107;1624;0,08674667627709816;0,005191698393810838;0;0,038420047194677086;0;0,869641578134414;0;0;0
714500;34,073;-30,0;-1;-1;47550;2146;805;34227;96081;534023;93;107;1624;0,08525097544688442;0,005079742468406418;0;0,03917887092067188;0;0,8704904111640374;0;0;0
716000;34,142;-43,0;-1;-1;47678;2150;805;34291;96081;535327;93;107;1624;0,07478444409726451;0,004301299517531917;3,804637570644514E-5;0,034073859443220784;0,14118275110728482;0,7456195994589916;0;0;0
717500;34,206;-29,0;-1;-1;47794;2156;805;34336;96284;536457;93;107;1624;0,07382025650981261;0,004259314054886551;0;0,03379684323958019;0,1395729562421834;0,7485506299535373;0;0;0
719000;34,253;-39,0;-1;-1;47902;2185;805;34397;96493;537577;93;107;1624;0,08530218573877223;0,004829661537609254;0;0,039126496721601386;0;0,870741656002017;0;0;0
720500;34,298;-35,0;-1;-1;48023;2193;805;34456;96493;538889;93;107;1624;0,0834511207972687;0,004726702318667212;0;0,038383584532466875;0;0,8733689626120094;0;0;6,962973958785229E-5
722000;34,345;-42,0;-1;-1;48142;2202;805;34496;96493;540221;93;107;1624;0,08521487307275853;0,004629910382692278;0;0,03775442989055656;0;0,8724007866539926;0;0;0
723500;34,392;-31,0;-1;-1;48278;2209;805;34553;96493;541521;93;107;1624;0,08467359053799786;0,0046087359503898685;0;0,03765276727592484;0;0,8730649062356873;0;0;0
725000;34,462;-32,0;-1;-1;48393;2217;805;34613;96493;542838;93;107;1624;0,07253499535221601;0,0039451626052800625;0;0,03235115937853014;0,1359039674662291;0,7552647151977446;0;0;0
726500;34,53;-29,0;-1;-1;48506;2223;805;34657;96692;543976;93;107;1624;0,08348491468640182;0,004550833914279286;4,33128438752945E-5;0,03741346055370926;0;0,8745074780017343;0;0;0
728000;34,6;-32,0;-1;-1;48634;2231;805;34715;96692;545282;93;107;1624;0,08480255603731869;0,004533583867555613;0;0,03741858650374516;0;0,8732452735913805;0;0;0
729500;34,672;-34,0;-1;-1;48760;2234;805;34764;96692;546604;93;107;1624;0,08421053912438943;0,004536393565855875;0;0,037364419325805136;0;0,8738886479839496;0;0;0
731000;34,744;-35,0;-1;-1;48886;2265;805;34825;96692;547913;93;107;1625;0,0833471041334167;0,004359086410292576;0;0,03711900335534809;0;0,8751748061009427;0;0;0
732500;34,815;-28,0;-1;-1;49012;2275;805;34873;96692;549229;93;107;1625;0,08204451885693292;0,004282673509329219;0;0,03674167874463494;0;0,876931128889103;0;0;0
734000;34,894;-34,0;-1;-1;49131;2286;805;34937;96692;550535;93;107;1625;0,07088715739601811;0,0036644056860674966;0;0,032786884113668105;0,13679861371936036;0,7558022701763976;0;0;6,0668908488277604E-5
735500;34,966;-36,0;-1;-1;49234;2291;805;34976;96904;551676;93;107;1625;0,07158587866118797;0,003638687374228003;0;0,03260134765025827;0,136550086068758;0,7556240002455678;0;0;0
737000;35,036;-32,0;-1;-1;49338;2295;805;35027;97115;552806;93;107;1625;0;0,003906119752010997;0;0,034971125828574784;0,1472600535529236;0,8138627008664906;0;0;0
738500;35,109;-41,0;-1;-1;49338;2298;805;35085;97343;554017;93;107;1625;0;0,003906452296078652;4,1162507486251315E-5;0,0348733088518208;0,14634861845462777;0,8148304578899865;0;0;0
740000;35,181;-44,0;-1;-1;49338;2307;805;35145;97538;555253;93;107;1625;0;0,0038961358732640325;0;0,03494498027392422;0,14617193864230166;0,8149869452105102;0;0;0
741500;35,27;-44,0;-1;-1;49338;2311;805;35186;97792;556454;93;107;1625;0;0,003907784893447275;0;0,0351647690914702;0,14556192443596308;0,8153655215791195;0;0;0
743000;35,338;-31,0;-1;-1;49338;2317;805;35243;98013;557670;93;107;1625;0,0725469557979606;0,003594529780294536;0;0,03348980646184011;0,13471076009943317;0,7556579478604717;0;0;0
744500;35,411;-33,0;-1;-1;49447;2353;805;35285;98235;558791;93;107;1625;0;0,0037064009926844103;0;0,03597437686388738;0,14527905342792075;0,8150401687155074;0;0;0
746000;35,481;-37,0;-1;-1;49447;2357;805;35340;98448;560019;93;107;1625;0;0,0037098500138908644;0;0,035968344856650306;0,1448164453876975;0,8155053597417613;0;0;0
747500;35,553;-37,0;-1;-1;49447;2361;805;35386;98662;561255;93;107;1625;0;0,003724455903033629;0;0,0361080588638126;0,14480875725593972;0,8152904770292663;0;0;6,825094794775463E-5
749000;35,619;-35,0;-1;-1;49447;2364;805;35433;98868;562498;93;107;1626;0;0,003853200448576709;0;0;0,1517786119462826;0,8442973162266008;0;0;7,08713785398633E-5
750500;35,688;-40,0;-1;-1;49447;2371;805;35433;99110;563749;93;107;1626;0;0,003789185882542963;0;0;0,15297933135964084;0,843161113498531;0;0;7,036925928525083E-5
752000;35,761;-40,0;-1;-1;49447;2378;805;35433;99325;565027;93;107;1626;0,07571874569720753;0,0035035526793190984;4,1193128002083966E-5;0;0,14144534344691306;0,7792254429375107;0;0;6,572211104748366E-5
753500;35,835;-36,0;-1;-1;49554;2383;805;35433;99541;566199;93;107;1626;0,07782917421075854;0,0034717159278365925;0;0;0,14336621403416716;0,7753328958272377;0;0;0
755000;35,903;-27,0;-1;-1;49676;2389;805;35433;99739;567373;93;107;1626;0,07554254239744568;0,0033158678692978695;0;0,033152229952741016;0,13671802458906146;0,7512713351914541;0;0;0
756500;35,974;-31,0;-1;-1;49781;2396;805;35482;99932;568519;93;107;1626;0,07865415739412544;0,0033865062149339904;0;0;0,14206666274040536;0,7758926736505352;0;0;0
758000;36,045;-34,0;-1;-1;49890;2403;805;35482;100144;569691;93;107;1626;0,07774169092360375;0,0033499025869060195;0;0;0,14408797493388006;0,7748204315556102;0;0;0
759500;36,114;-35,0;-1;-1;50006;2426;805;35483;100352;570865;93;107;1626;0,07672907739986325;0,0032511854614184574;0;0;0,14476554044859952;0,7751895183146997;0;0;6,46783754189438E-5
761000;36,184;-32,0;-1;-1;50114;2429;805;35483;100601;572005;93;107;1626;0,07762375908810501;0,003244397567463057;0;0;0,1434884370424662;0,7756434063019657;0;0;0
762500;36,252;-33,0;-1;-1;50232;2434;805;35483;100829;573154;93;107;1626;0,07713490888932455;0,0032379472564742617;0;0;0,14264890037437414;0,776978243479827;0;0;0
764000;36,321;-33,0;-1;-1;50351;2435;805;35483;101034;574329;93;107;1626;0,07412660312079628;0,003138796973326717;0;0,032898986229097316;0,1372808749017745;0,7525547387750052;0;0;0
765500;36,378;-34,0;-1;-1;50463;2436;805;35536;101259;575438;93;107;1626;0,2994060440105374;0,012767816214015196;1,6124639239860925E-4;0,13322282535440969;0,554442068028639;0;0;0;0
767000;36,447;-30,0;-1;-1;50905;2457;806;35731;102100;575438;93;107;1626;0,6749562625535173;0,02745567303457222;3,5444627835221065E-4;0,29723361813355836;0;0;0;0;0
768500;36,514;-31,0;-1;-1;51926;2497;807;36169;102100;575438;93;107;1626;0,6718428592052557;0,027688778318553153;3,736211320936325E-4;0,29949634626393173;0;0;0;0;5,983950801658291E-4
770000;36,574;-28,0;-1;-1;52955;2543;807;36593;102100;575438;93;107;1627;0,6825642216961938;0,026716326964262245;0;0,2901168803644728;0;0;0;0;6,025709750712061E-4
771500;36,642;-24,0;-1;-1;53991;2592;807;37007;102100;575438;93;107;1628;0,08524950734727077;0,0031145084782531578;0;0,035339822730195716;0;0,8762220938733505;0;0;7,406757092992948E-5
773000;36,713;-30,0;-1;-1;54123;2595;807;37064;102100;576746;93;107;1628;0,07328725822587459;0,0026968937214853117;0;0,03051141649109991;0,13754618548051387;0,7559582460810264;0;0;0
774500;36,784;-31,0;-1;-1;54239;2597;807;37101;102305;577886;93;107;1628;0,29991855428991304;0,011115318044637947;0;0,12553392032454327;0,5634322073409057;0;0;0;0
776000;36,858;-25,0;-1;-1;54714;2642;808;37287;103118;577895;93;107;1628;0,30396129029528446;0,010700857846185836;1,681582190932394E-4;0,12387215204846838;0,5612975415909681;0;0;0;0
777500;36,925;-26,0;-1;-1;55177;2658;808;37470;103956;577895;93;107;1628;0,30704623938939546;0,010776941202857519;0;0,1247239594754275;0,5574528599323195;0;0;0;0
779000;36,992;-29,0;-1;-1;55652;2677;808;37644;104788;577895;93;107;1628;0,30969099894680835;0,010820932528312562;0;0,12558200132420147;0,5536227924509207;0;0;0;2,8327474975683363E-4
780500;37,058;-29,0;-1;-1;56091;2693;808;37843;105634;577895;93;107;1628;0,07069386569266681;0;0;0,028978942413226315;0,1262660315875664;0,7740611603065404;0;0;0
782000;37,128;-36,0;-1;-1;56199;2693;808;37886;105824;579054;93;107;1628;0,0701760033071451;0;0;0,028875397417599216;0,1275371855768154;0,7734114136984404;0;0;0
783500;37,186;-31,0;-1;-1;56291;2693;808;37923;106004;580245;93;107;1628;0,06960769307784608;0;0;0,028716095440802055;0,12753962390429885;0,774136587577053;0;0;0
785000;37,232;-33,0;-1;-1;56390;2693;808;37959;106188;581426;93;107;1628;0,06952685634479931;0;4,1791461423630106E-5;0,028759796641598997;0,1274237789821473;0,7742477765700307;0;0;0
786500;37,293;-32,0;-1;-1;56499;2693;808;38004;106378;582582;93;107;1628;0,06992154535737331;0,0024976981488080852;0;0,029471387782895157;0,12597518068571192;0,7721341880252115;0;0;0
788000;37,347;-23,0;-1;-1;56626;2698;808;38055;106566;583711;93;107;1628;0,07932348993358143;0,002842938179537394;0;0,03353833654195148;0;0,8842190721980311;0;0;7,616314689855183E-5
789500;37,392;-39,0;-1;-1;56744;2702;808;38107;106566;585037;93;107;1628;0,0794462195869332;0,002805500949139652;0;0,03418245809127591;0;0,8835658213726514;0;0;0
791000;37,455;-29,0;-1;-1;56879;2704;808;38160;106566;586347;93;107;1628;0,07894647275906556;0,0028072383210545992;0;0,034120655811394986;0;0,8841256331084848;0;0;0
792500;37,531;-28,0;-1;-1;56987;2737;808;38216;106566;587681;93;108;1628;0,07962875746520262;0,00269290299770459;0;0,03388815427608724;0;0,8837901852610055;0;0;0
794000;37,615;-35,0;-1;-1;57079;2740;808;38286;106566;589016;93;108;16