Iteration;Time;QI-0;QI-1;QI-2;QI-3;QI-4;QI-5;QI-6;QI-7;QI-8;
2104;1,022;6;4;3;9;5;8;1;2;7
3708;1,328;3;1;1;1;5;4;1;1;2
5208;1,492;4;1;1;1;2;3;1;1;1
6774;1,637;4;1;1;1;2;3;1;1;1
8274;1,736;4;1;1;1;3;1;1;1;2
10274;1,846;3;8;7;1;2;5;6;1;4
11824;1,998;1;5;4;1;1;6;2;1;3
13324;2,09;1;3;4;1;1;1;1;1;2
14824;2,203;1;4;2;1;1;3;1;1;1
16324;2,278;1;2;3;1;1;4;1;1;1
17855;2,406;1;5;4;1;2;3;1;1;6
19855;2,538;1;7;3;1;2;6;4;1;5
21355;2,655;1;2;3;5;1;6;4;1;1
22855;2,78;1;4;1;2;1;3;1;1;1
24355;2,881;1;3;2;1;1;4;1;1;1
25882;3,011;1;1;3;2;1;4;1;1;1
27382;3,094;3;6;5;2;1;4;1;1;1
29382;3,188;7;3;5;4;1;6;2;1;1
30882;3,274;4;6;5;2;1;3;1;1;1
32382;3,36;1;5;3;4;1;2;1;1;1
33882;3,452;1;3;2;1;1;4;1;1;1
35411;3,557;1;4;3;2;1;1;1;1;1
36911;3,654;1;4;3;1;2;5;1;1;1
38411;3,741;1;5;2;1;1;3;6;1;4
39911;3,817;3;5;2;1;1;6;4;1;1
41411;3,888;2;3;1;1;1;4;1;1;1
42911;3,961;3;4;2;1;1;5;1;1;1
44411;4,065;2;4;3;1;1;5;1;1;1
45933;4,142;4;3;2;1;1;5;1;1;1
47433;4,219;2;1;3;1;1;6;5;1;4
48933;4,299;2;1;4;1;1;5;3;1;1
49933;4,347;2;1;1;1;1;3;1;1;1
50933;4,396;3;1;2;1;1;1;1;1;1
52433;4,48;3;1;2;1;1;4;1;1;1
53933;4,555;5;6;4;2;3;1;1;1;1
55933;4,655;5;3;4;2;7;1;6;1;1
57460;4,74;2;4;1;1;5;1;3;1;1
58460;4,79;1;3;1;1;2;1;1;1;1
59460;4,842;2;1;1;1;3;1;1;1;1
60960;4,92;4;3;1;1;1;2;1;1;1
62460;5,0;3;2;1;1;5;4;1;1;1
64460;5,102;6;2;4;1;3;7;1;1;5
65960;5,172;4;1;3;1;1;5;1;1;2
67460;5,243;3;1;1;1;1;4;1;1;2
68960;5,325;3;1;2;1;1;4;1;1;1
70485;5,426;3;1;2;1;1;4;1;1;1
71985;5,509;6;3;5;2;1;1;1;1;4
73985;5,593;5;2;3;1;7;1;6;1;4
75485;5,647;2;1;4;1;5;1;2;1;1
76485;5,683;1;1;2;1;3;1;1;1;1
77485;5,736;2;1;1;1;3;1;1;1;1
78985;5,822;2;1;3;1;1;4;1;1;1
80485;5,898;4;2;3;5;1;6;1;1;1
82485;5,991;7;3;5;2;1;1;6;1;4
83985;6,07;5;1;3;1;1;1;2;1;4
84999;6,12;1;1;2;1;1;1;1;1;3
85999;6,168;3;1;1;1;1;1;1;1;2
87499;6,235;3;1;4;1;1;1;1;1;2
88999;6,315;2;1;6;5;3;4;1;1;1
90999;6,419;2;6;4;3;1;7;5;1;1
92499;6,484;1;3;4;2;1;5;1;1;1
93999;6,525;1;3;2;1;1;4;1;1;1
95499;6,58;1;1;2;3;1;4;1;1;1
96999;6,645;1;4;5;3;1;1;1;1;2
98499;6,713;4;1;2;6;5;1;1;1;3
99999;6,777;3;1;6;4;5;1;1;1;2
101525;6,849;3;1;5;4;1;1;1;1;2
103025;6,99;4;1;1;2;1;1;1;1;3
104525;7,06;1;1;5;4;1;2;1;1;3
106025;7,118;1;4;5;2;1;3;1;1;1
107525;7,191;1;4;3;2;1;1;1;1;1
109025;7,259;1;5;6;4;2;3;1;1;1
110525;7,323;1;5;4;3;1;2;1;1;1
112025;7,386;3;5;4;2;1;1;1;1;1
113525;7,467;5;2;3;1;1;1;1;1;4
115025;7,555;4;3;1;1;1;1;1;1;2
116525;7,623;2;4;3;1;1;1;1;1;1
118053;7,724;5;4;3;1;1;1;1;1;2
119553;7,781;3;6;5;1;1;2;1;1;4
121053;7,837;2;6;5;3;1;1;1;1;4
122553;7,892;3;4;1;2;1;1;1;1;5
124053;7,949;2;3;1;1;1;1;1;1;4
125553;8,004;2;3;1;1;1;1;1;1;4
127053;8,049;1;4;1;2;5;1;1;1;3
128553;8,097;1;5;1;4;1;2;1;1;3
130053;8,189;1;4;3;2;1;5;1;1;1
131553;8,257;1;5;4;3;1;2;1;1;1
133053;8,325;1;3;2;1;1;4;1;1;1
134586;8,413;1;2;3;5;1;4;1;1;1
136086;8,488;1;4;3;2;1;5;1;1;1
137586;8,559;1;5;4;1;1;2;1;1;3
139086;8,633;1;3;2;1;1;4;1;1;1
140586;8,714;1;4;2;1;1;3;1;1;1
142086;8,787;1;3;2;1;1;4;1;1;1
143586;8,864;5;4;2;1;1;3;1;1;1
145086;8,935;2;5;4;1;3;6;1;1;1
146586;9,013;5;2;1;1;3;4;1;1;1
148086;9,088;2;3;1;1;4;1;1;1;1
149586;9,163;4;1;1;1;2;3;1;1;1
151114;9,243;4;2;1;1;5;3;1;1;1
152614;9,309;2;3;1;1;1;4;1;1;1
154114;9,373;3;6;5;4;1;2;1;1;1
155614;9,439;1;4;3;2;1;5;1;1;1
157114;9,506;1;4;3;1;1;2;1;1;1
158614;9,572;1;4;3;2;1;1;1;1;1
160114;9,639;1;2;3;4;1;5;1;1;1
161614;9,704;1;5;4;3;1;2;1;1;1
163114;9,77;5;3;2;1;1;4;1;1;1
164614;9,833;2;4;3;1;1;1;1;1;1
166114;9,899;2;4;3;1;1;1;1;1;1
167643;9,972;4;1;2;1;1;3;1;1;1
169143;10,039;3;2;1;1;1;4;1;1;1
171143;10,139;1;3;4;5;2;7;1;1;6
172643;10,224;1;2;3;4;1;5;1;1;1
174143;10,289;1;3;2;1;1;4;1;1;1
175643;10,36;1;2;3;1;1;4;1;1;1
177143;10,426;1;3;2;1;1;4;1;1;1
178643;10,489;2;1;5;3;1;4;1;1;1
180143;10,552;1;1;5;2;1;3;1;1;4
181643;10,614;1;1;5;2;1;3;1;1;4
183143;10,669;1;1;3;2;1;4;1;1;1
184671;10,72;1;1;4;2;1;1;1;1;3
186171;10,763;1;5;4;1;1;2;1;1;3
187671;10,807;1;3;4;1;1;5;1;1;2
189171;10,847;1;4;2;1;1;3;1;1;1
190671;10,89;1;4;3;1;1;1;1;1;2
192171;10,93;1;4;2;1;1;3;1;1;1
193671;10,969;1;6;3;2;4;5;1;1;1
195171;11,007;1;3;2;4;1;5;1;1;1
196671;11,046;2;4;5;3;1;1;1;1;1
198171;11,1;1;2;4;3;1;1;1;1;1
199671;11,164;3;2;4;1;1;1;1;1;1
201196;11,237;4;2;3;1;1;1;1;1;5
202696;11,304;2;4;5;1;1;1;1;1;3
204196;11,37;1;3;5;1;1;4;1;1;2
205696;11,434;1;3;4;1;1;2;1;1;1
207196;11,491;1;3;4;1;1;2;1;1;1
208696;11,534;1;4;5;3;1;1;1;1;2
210196;11,578;1;4;2;3;1;1;1;1;1
211696;11,637;4;5;6;3;1;1;1;1;2
213196;11,688;4;2;5;1;1;1;1;1;3
214696;11,733;1;2;4;1;1;1;1;1;3
216196;11,777;5;3;4;1;1;2;1;1;1
217724;11,825;4;1;2;1;1;3;1;1;1
219224;11,883;1;2;4;1;1;3;1;1;1
220724;11,932;1;3;4;5;1;2;1;1;1
222224;11,976;1;3;4;2;1;5;1;1;1
223724;12,039;1;5;4;2;1;3;1;1;1
225224;12,106;1;2;3;1;1;4;1;1;1
226724;12,173;1;3;4;2;1;1;1;1;1
228224;12,228;3;4;5;2;1;1;1;1;1
229724;12,273;1;3;4;2;1;1;1;1;1
231224;12,315;2;1;3;4;1;1;1;1;1
232724;12,357;3;2;5;4;1;1;1;1;1
234250;12,407;1;5;4;2;3;1;1;1;1
235750;12,449;1;5;4;3;1;2;1;1;1
237250;12,492;1;4;3;2;1;1;1;1;1
238750;12,534;1;4;3;1;1;2;1;1;1
240250;12,577;1;4;1;3;1;2;1;1;1
241750;12,618;1;4;2;3;1;5;1;1;1
243250;12,661;1;5;3;4;1;6;1;1;2
244750;12,713;1;5;4;2;1;1;1;1;3
246250;12,766;1;4;2;3;1;1;1;1;1
247750;12,82;1;4;2;3;1;1;1;1;1
249250;12,887;1;3;4;1;1;1;1;1;2
250778;12,968;4;3;2;1;1;1;1;1;5
252278;13,032;5;4;3;1;1;6;1;1;2
253778;13,089;3;5;2;1;1;1;1;1;4
255278;13,147;4;3;2;1;1;1;1;1;1
256778;13,206;1;4;3;1;1;1;1;1;2
258278;13,261;2;3;1;4;1;1;1;1;5
259778;13,363;2;1;1;3;1;1;1;1;4
261278;13,438;1;3;1;2;1;4;1;1;5
262778;13,506;1;4;1;3;1;5;1;1;2
264278;13,568;1;4;1;2;1;3;1;1;1
265778;13,63;1;4;3;1;1;5;1;1;2
267308;13,7;1;3;2;1;1;4;1;1;1
268808;13,757;1;4;3;1;1;5;1;1;2
270308;13,84;1;2;3;1;1;4;1;1;1
271808;13,959;1;4;3;1;1;1;1;1;2
273308;14,056;1;1;5;2;1;4;1;1;3
274808;14,129;1;1;3;2;4;5;1;1;1
276308;14,195;1;1;3;2;1;4;1;1;1
277808;14,28;1;1;5;4;2;3;1;1;1
279308;14,341;1;1;2;1;3;4;1;1;1
280808;14,407;1;4;3;2;1;5;1;1;1
282308;14,472;1;4;3;1;1;5;1;1;2
283830;14,538;1;3;2;1;1;4;1;1;1
285330;14,601;1;3;2;1;1;4;1;1;1
286830;14,665;1;2;3;1;1;4;1;1;1
288330;14,73;1;4;5;1;2;6;1;1;3
289830;14,796;1;5;6;4;1;2;1;1;3
291330;14,861;1;4;3;1;1;5;1;1;2
292830;14,926;1;3;2;1;1;4;1;1;1
294330;14,993;1;2;3;1;1;4;1;1;1
295830;15,056;1;4;3;1;1;1;1;1;2
297330;15,121;1;3;3;1;1;5;1;1;2
298830;15,185;1;3;5;1;1;4;1;1;2
300358;15,268;1;4;3;1;1;5;1;1;2
301858;15,397;1;4;3;1;1;2;1;1;1
303358;15,462;1;3;2;1;1;4;1;1;1
304858;15,526;1;4;3;1;1;1;1;1;2
306358;15,591;1;4;5;1;1;2;1;1;3
307858;15,654;1;5;3;4;1;1;1;1;2
309358;15,717;1;4;2;3;1;1;1;1;1
310858;15,781;1;4;2;3;1;1;1;1;1
312358;15,836;1;2;3;4;1;1;1;1;1
313858;15,885;3;4;1;2;1;1;1;1;5
315358;15,96;1;5;1;2;1;4;1;1;3
316889;16,056;1;3;1;5;1;4;1;1;2
318389;16,142;1;2;1;3;1;4;1;1;1
319889;16,202;1;3;1;2;1;1;1;1;4
321389;16,269;1;2;4;1;1;5;1;1;3
322889;16,333;2;5;3;1;1;1;1;1;4
324389;16,398;3;2;1;1;1;1;1;1;4
325889;16,462;4;3;1;1;1;1;1;1;2
327389;16,529;4;2;1;1;1;1;1;1;3
328889;16,586;4;1;2;6;5;1;1;1;3
330389;16,651;3;1;6;4;1;2;1;1;5
331889;16,719;2;1;4;1;1;5;1;1;3
333420;16,792;1;1;3;1;1;4;1;1;2
334920;16,862;1;1;3;1;1;2;1;1;4
336420;16,931;1;3;2;1;1;5;1;1;4
337920;17,002;1;3;2;1;4;5;1;1;1
339420;17,056;1;4;1;3;2;5;1;1;1
340920;17,126;1;4;1;3;1;2;1;1;1
342420;17,198;1;4;1;3;1;2;1;1;1
343920;17,263;2;4;1;3;1;5;1;1;1
345420;17,313;4;3;1;1;1;5;1;1;2
346920;17,362;4;3;2;1;1;5;1;1;1
348420;17,433;1;3;2;1;1;4;1;1;1
349950;17,51;2;4;3;1;1;1;1;1;1
351450;17,579;5;4;3;1;1;2;1;1;1
352950;17,651;1;5;4;3;1;2;1;1;1
354450;17,717;1;3;5;2;1;1;1;1;4
355950;17,793;1;4;3;2;1;1;1;1;1
357450;17,866;1;4;2;3;1;1;1;1;1
358950;17,957;1;3;2;4;1;1;1;1;1
360450;18,101;1;4;5;3;2;1;1;1;6
361950;18,221;1;2;4;1;5;6;1;1;3
363450;18,32;1;3;5;1;1;2;1;1;4
364950;18,393;1;1;2;1;1;4;1;1;3
366487;18,498;1;2;1;1;1;4;1;1;3
367987;18,579;1;3;4;1;1;1;1;1;2
369487;18,665;5;2;3;1;1;6;1;1;4
370987;18,853;2;1;6;1;3;5;1;1;4
372487;18,914;3;1;5;1;1;2;1;1;4
373987;18,974;3;1;1;1;1;4;1;1;2
375487;19,048;1;1;2;1;1;3;1;1;4
376987;19,122;1;1;3;1;1;4;1;1;2
378487;19,179;2;5;6;3;1;1;1;1;4
379987;19,226;6;3;2;1;4;1;1;1;5
381487;19,285;5;3;2;1;4;1;1;1;1
383010;19,359;3;2;1;1;4;1;1;1;1
384531;19,429;2;4;3;1;1;1;1;1;1
386031;19,477;5;4;3;1;1;2;1;1;1
387553;19,548;2;4;3;1;1;5;1;1;1
389053;19,616;1;4;5;1;1;2;1;1;3
390553;19,686;1;4;2;1;1;1;1;1;3
392082;19,761;1;3;2;1;1;1;1;1;4
393582;19,832;1;3;4;1;1;5