Iteration;Time;BestFitness;LastCalledHeur;IsRelay;NumOfMoves-LLH0;NumOfMoves-LLH1;NumOfMoves-LLH2;NumOfMoves-LLH3;NumOfMoves-LLH4;NumOfMoves-LLH5;NumOfMoves-LLH6;NumOfMoves-LLH7;NumOfMoves-LLH8;LAProb-LLH0;LAProb-LLH1;LAProb-LLH2;LAProb-LLH3;LAProb-LLH4;LAProb-LLH5;LAProb-LLH6;LAProb-LLH7;LAProb-LLH8;
2000;0,969;-15,0;-1;-1;155;166;182;1024;163;257;59;29;70;0,004492386041274504;0;0;0,9434624158307403;0,004578118250704173;0,025499114776759504;0;0;0,02196796510052155
3500;1,275;-29,0;-1;-1;176;182;189;2391;185;335;69;43;142;0,021929103832047374;0;0;0;0,3379355858462841;0,2411629378177641;0;0;0,3989723725039044
5000;1,442;-31,0;-1;-1;207;182;189;2391;1051;670;69;43;410;0,022293012566336885;0;0;0;0,311774516127806;0,5449982993228158;0;0;0,12093417198304114
6500;1,586;-45,0;-1;-1;225;185;195;2406;1352;1767;75;52;522;0,016437684469247024;0;0;0;0,29349271505540875;0,6178863338312044;0;0;0,07218326664413988
8000;1,686;-27,0;-1;-1;272;185;195;2406;1901;2556;75;52;637;0,07460470219376752;0,010924082172127359;0,011366407891880901;0;0,5494193452007391;0,29689098203529857;0,005569717904711218;7,322105973207749E-5;0,05115154154174332
10000;1,795;-29,0;-1;-1;434;205;228;2406;2793;3323;89;52;749;0;0,007312751447703735;0,007400398138163882;0,7084006606522837;0;0,2430143751555625;0,0034849271991717256;0;0,03038688740711457
11500;1,948;-42,0;-1;-1;441;218;241;3214;2798;3970;99;64;787;0;0,00831092796436598;0,008216494798909376;0;0;0,9495650086390631;0;0;0,03390756859766156
13000;2,04;-43,0;-1;-1;441;239;255;3214;2798;5357;99;64;865;0;0,013672206585421605;0,014172769021220433;0;0;0,9194044095047564;0;0;0,05275061488860151
14500;2,153;-43,0;-1;-1;441;271;274;3214;2798;6719;99;64;952;0;0,024239085832561676;0,02564976893403828;0;0;0,8899540419629409;0;0;0,06015710327045913
16000;2,227;-30,0;-1;-1;441;300;343;3214;2798;8027;99;64;1046;0,052517551286979304;0,006266609167348515;0,09594479377963926;0;0,2202009906899941;0,6096191538285901;0;0;0,01545090124744869
17500;2,355;-32,0;-1;-1;538;323;486;3217;3120;8928;99;71;1082;0;0,0070912448579194595;0,08004185034343723;0;0,22714187867579605;0,661576889137042;0,0050551010750474615;5,0242188191466816E-5;0,019042793722566204
19500;2,488;-45,0;-1;-1;538;335;609;3217;3539;10310;115;71;1130;0;0,0036887928653360643;0,02987510157288977;0,49374994099514147;0;0,46100992217500086;0,0021304352812553844;0;0,009545807110376493
21000;2,605;-45,0;-1;-1;538;340;661;3862;3539;11090;116;71;1147;0;0,0054138668921692125;0,036252404606855415;0,4477944914738748;0;0,5105392370271007;0;0;0
22500;2,73;-45,0;-1;-1;538;347;707;4532;3539;11867;116;71;1147;0;0,007539007162399754;0,03172245690661938;0,43643479190087403;0;0,5243037440301067;0;0;0
24000;2,831;-39,0;-1;-1;538;353;742;5021;3539;12837;116;71;1147;0;0,004482069050959037;0,017723451792963123;0,24989704508631885;0;0,727897434069759;0;0;0
25500;2,961;-39,0;-1;-1;542;363;777;5404;3543;13917;118;77;1151;0,027939646091897846;0,004623922118797098;0,017162026048611688;0,20860327023578193;0,1770682789314502;0,5646028565734613;0;0;0
27000;3,044;-35,0;-1;-1;579;370;807;5716;3790;14784;118;77;1151;0,02769801043919153;0,004756451713748399;0,017087228802468678;0,2365474225300372;0;0,6964818006663762;0,0031809192104848777;0;0,014248166637693188
29000;3,138;-35,0;-1;-1;645;374;844;6230;3790;16109;130;77;1193;0,03052620282192144;0,005782454323118052;0,01959974677150764;0,25107162892671125;0;0,6929707112536926;0;4,925590304897513E-5;0
30500;3,223;-36,0;-1;-1;696;384;881;6591;3790;17150;130;77;1193;0,031123623255609283;0,006315887734095823;0,020138512901180617;0,24537110405671725;0;0,697050872052397;0;0;0
32000;3,31;-25,0;-1;-1;740;396;913;6970;3790;18183;130;77;1193;0;0,005058434559652818;0,01640023980562063;0,2951464164125241;0;0,6833949092222025;0;0;0
33500;3,401;-39,0;-1;-1;740;403;933;7336;3790;19290;130;77;1193;0;0,004058676250538815;0,01346448584682063;0,22270471931983757;0;0,759772118582803;0;0;0
35000;3,507;-41,0;-1;-1;743;409;989;7701;3795;20374;133;83;1195;0;0,0036669328978427567;0,05256891786080187;0,20912629097012725;0,15441701669048016;0,5802208415807479;0;0;0
36500;3,604;-30,0;-1;-1;743;415;1061;8014;4013;21265;133;83;1195;0;0,003969183713952376;0,047685808555700655;0;0,13860941045824804;0,792341218924176;0,0029140391421446916;0;0,014480339205778547
38000;3,691;-38,0;-1;-1;743;425;1129;8014;4188;22490;134;83;1216;0,022826251069805667;0,0040059962843252755;0,04433262199332843;0;0;0,911069590761027;0,0030245366007635487;0;0,014741003290750163
39500;3,767;-38,0;-1;-1;776;432;1203;8014;4188;23849;140;83;1237;0,02592867281257002;0,004705369709449511;0,04739825010059394;0;0;0,9219677073773864;0;0;0
41000;3,838;-38,0;-1;-1;815;438;1271;8014;4188;25236;140;83;1237;0,028318375055246616;0,005357592964644932;0,04978623725806359;0;0;0,9164792916786445;0;5,850304340025075E-5;0
42500;3,911;-38,0;-1;-1;848;440;1330;8014;4188;26642;140;83;1237;0,01304010737977921;0,0025705198097982908;0,022162409543448634;0,14866929107508195;0;0,813557672191892;0;0;0
44000;4,015;-32,0;-1;-1;870;444;1363;8250;4188;27847;140;83;1237;0,01017831144478033;0,0020696158000308826;0,017219752895027078;0;0,07273706400603099;0,8977952558541307;0;0;0
45500;4,092;-34,0;-1;-1;888;455;1388;8252;4313;29184;142;83;1239;0,008054947155982964;0,0016346047005939071;0,01350257774076587;0;0;0,969039665894439;0,0012693434039199342;0;0,0064988611042984595
47000;4,169;-19,0;-1;-1;902;455;1402;8252;4313;30642;145;83;1250;0,006326508442298053;0;0,0106382772965841;0;0;0,9768895966982778;9,92625427419643E-4;0;0,00515299213542047
48500;4,249;-40,0;-1;-1;907;455;1419;8252;4313;32111;149;83;1255;0,00532886088887387;0;0,008789133996377171;0;0;0,985882005114749;0;0;0
49500;4,297;-29,0;-1;-1;911;455;1434;8252;4313;33092;149;83;1255;0,004752135123091552;0;0,007709754566278539;0;0;0,9875381103106299;0;0;0
50500;4,346;-32,0;-1;-1;915;455;1442;8252;4313;34080;149;83;1255;0,004759278579879372;0;0,007674392227644668;0,057595651072821455;0;0,9299706781196545;0;0;0
52000;4,429;-39,0;-1;-1;919;455;1449;8330;4313;35491;149;83;1255;0,004086254490993123;8,757931821081866E-4;0,006555005190354553;0,04875418707158669;0,04069343601715877;0,8990353240477986;0;0;0
53500;4,504;-41,0;-1;-1;924;457;1464;8418;4368;36826;149;83;1255;0,039585888362243915;0,00849798731560864;0,06255176760440542;0,465134047710162;0,3848802758401856;0;0,006119673476332144;0;0,033230359691062195
55500;4,605;-41,0;-1;-1;1003;481;1585;9406;5076;36826;161;83;1323;0,09505700163824857;0,021594169892921705;0,14384028495601273;0;0,7247890937260475;0;0,014719449786769452;0;0
57000;4,689;-38,0;-1;-1;1026;643;1613;9411;6371;36830;166;85;1327;0,009738651999263392;0,1143870143672859;0;0;0,8758743336334507;0;0;0;0
58000;4,74;-38,0;-1;-1;1042;751;1613;9411;7247;36830;166;85;1327;0,013494842805758888;0,12256303825730627;0;0;0,8639421189369347;0;0;0;0
59000;4,792;-32,0;-1;-1;1048;829;1613;9411;8163;36830;166;85;1327;0,002336463465216777;0,01770787477724017;0;0;0,3960149857034385;0,5839406760541045;0;0;0
60500;4,869;-35,0;-1;-1;1050;855;1613;9411;8709;37756;166;85;1327;0,0024668472209428242;0,01753976428352629;0;0,027602365441250245;0,3461002961507788;0,6062907269035019;0;0;0
62000;4,95;-35,0;-1;-1;1053;885;1613;9452;9224;38667;166;85;1327;0,002822827890599864;0,018718701166957053;0,004411531666724305;0;0,32923609942647647;0,6417385688553638;4,433208801406331E-4;0;0,0026289501137376934
64000;5,052;-29,0;-1;-1;1057;924;1628;9452;9902;39928;166;85;1330;0,002683002307902122;0;0,004129999065766253;0;0,34556807562755826;0,6451167031503311;0;0;0,0025022198484422565
65500;5,122;-37,0;-1;-1;1062;924;1631;9452;10370;40947;166;85;1335;0,003818190869924082;0;0,005895468932816553;0;0;0,986724069295406;0;0;0,0035622709018533357
67000;5,193;-35,0;-1;-1;1071;924;1639;9452;10370;42425;166;85;1340;0,0034707078095165145;0;0,005371456317287391;0;0;0,9878961837842424;0;0;0,003261652088953755
68500;5,275;-36,0;-1;-1;1078;924;1646;9452;10370;43908;166;85;1343;0,003212594394723683;0;0,005022634916317527;0;0;0,9886975644316306;0;0;0,0030672062573281313
70000;5,376;-32,0;-1;-1;1086;927;1655;9455;10372;45394;169;91;1349;0,0028877864702596076;0,01851015114520427;0,004517529045025254;0,034074784709109324;0;0,9372374157689037;0;0;0,002772332861497791
71500;5,459;-38,0;-1;-1;1088;951;1662;9505;10372;46804;169;91;1356;0,006640387720999297;0,04051819876133981;0,010317119641776876;0,0776126013286057;0,8575028144103617;0;0,0010774409305252435;0;0,006331437206391303
73500;5,543;-36,0;-1;-1;1097;1008;1686;9618;12154;46804;171;91;1369;0,0047642071174053766;0;0,007167223863337818;0;0,9827728213500568;0;7,718284279020223E-4;0;0,004523919241297835
75000;5,597;-36,0;-1;-1;1100;1008;1692;9618;13644;46804;172;91;1369;0,0027340475361196568;0;0,0041028095507158035;0;0,9931631429131645;0;0;0;0
76000;5,633;-33,0;-1;-1;1103;1008;1694;9618;14639;46804;172;91;1369;0,0017177644801926182;0;0,0025809175424393476;0;0,995701317977368;0;0;0;0
77000;5,686;-29,0;-1;-1;1104;1008;1698;9618;15634;46804;172;91;1369;9,890527700072466E-4;0;0,001480254302631231;0;0,6812685231660623;0,3162621697612991;0;0;0
78500;5,772;-36,0;-1;-1;1107;1008;1699;9618;16646;47288;172;91;1369;9,412962582196941E-4;0,005263563469761436;0,0014126313498872061;0,010945300130007024;0,6493865037957616;0,3320507049963631;0;0;0
80000;5,848;-35,0;-1;-1;1109;1016;1702;9638;17576;47825;172;91;1369;0,002436287437482749;0,013451340317890605;0,0036536138778836135;0,032389305530937905;0;0,9453267252212075;3,9742081568360443E-4;0;0,0023453067989139716
82000;5,941;-38,0;-1;-1;1112;1047;1711;9707;17576;49707;173;91;1374;0,1141328317052858;0,5874850901442449;0,17020622021411236;0;0;0;0,018516367758630328;0;0,10965949017772658
83500;6,02;-27,0;-1;-1;1542;1560;1959;9707;17576;49707;187;91;1669;0,5631834876483154;0;0,10883331585704957;0;0;0;0;0;0,32798319649463503
84500;6,07;-25,0;-1;-1;2029;1561;2066;9709;17578;49710;189;93;2078;0,33686625666515874;0;0,055317505183993;0;0;0;0;0;0,6078162381508483
85500;6,118;-25,0;-1;-1;2388;1561;2133;9709;17578;49710;189;93;2652;0,02246381307977563;0;0,004729615666686261;0;0,9403347755401233;0;0;0;0,032471795713414686
87000;6,185;-35,0;-1;-1;2427;1561;2139;9709;18990;49710;189;93;2695;0,014467788154124193;0;0,0031366045208123285;0,014646712332579444;0,5518717909706096;0,39499873869912855;0;0;0,020878365322745947
88500;6,265;-35,0;-1;-1;2452;1561;2143;9726;19805;50320;189;93;2724;0,016012704012242907;0,00278205603969757;0,003536752700505535;0,016523801153357266;0,5373615274528422;0,42366197336057543;1,2118528077910845E-4;0;0
90500;6,369;-34,0;-1;-1;2485;1566;2152;9763;20809;51231;190;93;2724;0;0,005708450243656173;0,007251800520434076;0,03392160941102354;0;0,952869385787694;2,4875403719225634E-4;0;0
92000;6,434;-44,0;-1;-1;2485;1575;2162;9808;20809;52667;190;93;2724;0;0,005512983528522716;0,007030050378346025;0,03289938686905574;0;0,9545575792240756;0;0;0
93500;6,475;-44,0;-1;-1;2485;1579;2172;9853;20809;54108;190;93;2724;0;0,005781342893605548;0,007347033295756367;0,03442223326318862;0;0,9524493905474494;0;0;0
95000;6,53;-38,0;-1;-1;2485;1586;2178;9898;20809;55550;190;93;2724;0;0,004872644179611944;0,006214825513858505;0,03320186679705804;0;0,9138616059568341;0;0;0,04184905755263729
96500;6,595;-39,0;-1;-1;2485;1592;2190;9948;20809;56923;190;93;2783;0,028998033777949253;0,004972927223951933;0,006323561579729217;0,03385786457625812;0,8848722818481297;0;0;0;0,04097533099398178
98000;6,663;-21,0;-1;-1;2533;1600;2195;10007;22103;56923;190;93;2869;0,033213004361700056;0;0,004709468602953541;0,032326618463238914;0,8863112856785198;0;1,6867939961877855E-4;0;0,04327094349396897
99500;6,726;-28,0;-1;-1;2581;1600;2201;10059;23438;56923;190;93;2928;0,03237120933210802;0;0,00475425594986686;0,03250213250798214;0,8884357933205275;0;0;0;0,04193660888951561
101000;6,799;-30,0;-1;-1;2637;1603;2209;10109;24777;56925;193;97;2990;0,2868434071628346;0;0,04374396276660335;0,29851732671672315;0;0;0;0;0,3708953033538389
102500;6,94;-29,0;-1;-1;3322;1603;2239;10394;24777;56925;193;97;3490;0,09431505103455427;0;0,004217427924405007;0,04042476557977528;0;0,7943405829750798;0;0;0,06670217248618565
104000;7,01;-32,0;-1;-1;3448;1603;2246;10462;24777;58127;193;97;3587;0;0,005007530407807755;0,004773707311853463;0,04540614079865962;0;0,8739327001754014;0;0;0,0708799213062778
105500;7,068;-37,0;-1;-1;3448;1612;2252;10540;24777;59435;193;97;3686;0;0,0053581770161755665;0,00514391160656631;0,048499724466656166;0;0,9409981869106019;0;0;0
107000;7,141;-39,0;-1;-1;3448;1622;2261;10618;24777;60838;193;97;3686;0;0,002558099958763956;0,0024727155192751592;0,023141615739589505;0,5415888202538159;0,4301198615620925;1,1888696646297104E-4;0;0
108500;7,208;-41,0;-1;-1;3448;1627;2264;10658;25564;61503;193;97;3686;0;0,002697808391737081;0,00262207311281838;0,024403464772967415;0,5165880709120187;0,45368858281045826;0;0;0
110000;7,273;-42,0;-1;-1;3448;1629;2275;10696;26328;62188;193;97;3686;0,1039173126703837;0,005088642016350499;0,004908069726293137;0,04581400871667807;0;0,8402719668702946;0;0;0
111500;7,336;-42,0;-1;-1;3592;1636;2283;10770;26328;63455;193;97;3686;0,4293943778128629;0,02295940245527792;0,022188544567023384;0,20569717219766062;0;0;0;0;0,31976050296717523
113000;7,417;-42,0;-1;-1;4115;1679;2332;11158;26328;63455;193;97;4183;0,47172074147375154;0,04197111492848595;0,041050235843088784;0;0;0;0;0;0,4452579077546736
114500;7,505;-25,0;-1;-1;4875;1719;2405;11158;26328;63455;193;97;4810;0,57936068604976;0,02541385805515499;0,04074428675671906;0;0;0;0;0;0,3544811691383659
116000;7,569;-27,0;-1;-1;5785;1744;2473;11158;26328;63455;193;97;5307;0,08141231023149795;0,004226342819547468;0,006620667643886493;0;0,8614012235389465;0;0;0;0,04633945576612157
117500;7,674;-29,0;-1;-1;5933;1753;2485;11162;27608;63459;195;102;5372;0,12280492596119591;0,0044380630025050525;0,006977832918278954;0;0;0,8178747378382603;2,466310084137435E-4;0;0,04765780927134601
119000;7,731;-30,0;-1;-1;6130;1758;2495;11162;27608;64684;195;102;5435;0,11328006030328881;0,004410180238894743;0,0069212087861689475;0,043285638685890096;0;0,7859125615302259;0;0;0,04619035045553143
120500;7,787;-30,0;-1;-1;6302;1763;2502;11223;27608;65856;195;102;5518;0,5184320573838032;0,021447223235440637;0,033681022749159156;0,2094720655899168;0;0;0;0;0,2169676310416802
122000;7,841;-30,0;-1;-1;7040;1804;2561;11562;27608;65856;195;102;5841;0,4959765382350556;0,02544422197407406;0;0,24552837606393432;0;0;0;0;0,233050863726936
123500;7,899;-30,0;-1;-1;7778;1847;2561;11942;27608;65856;195;102;6180;0,45735613998317476;0,02889805437783828;0;0,27482087681359635;0;0;0;0;0,23892492882539063
125000;7,954;-30,0;-1;-1;8441;1893;2561;12391;27608;65856;195;102;6522;0,056286623193012766;0,004176890636256457;0;0,03882343739451843;0,8691789493573737;0;0;0;0,03153409941883855
126500;7,999;-31,0;-1;-1;8520;1899;2561;12451;28920;65856;195;102;6565;0;0,0021348340375482054;0;0,019800805545367246;0,5378524790564311;0,42423650715976524;0;0;0,01597537420088822
128000;8,047;-39,0;-1;-1;8520;1905;2561;12484;29736;66474;195;102;6592;0;0,004477838527365919;0,007923022284162258;0,0416515233153736;0;0,9125274429600764;0;0;0,03342017291302189
129500;8,138;-39,0;-1;-1;8520;1907;2575;12543;29736;67848;195;102;6643;0;0,004966688680935911;0,008693683491286748;0,045796865163816605;0;0,9402128252922766;3,2993737168425383E-4;0;0
131000;8,207;-17,0;-1;-1;8520;1917;2589;12600;29736;69267;195;102;6643;0;0,00503122659789891;0,008825645678008686;0,04651488973562772;0;0,9396282379884647;0;0;0
132500;8,275;-38,0;-1;-1;8520;1921;2605;12683;29736;70664;195;102;6643;0,05834746609004422;0,004274366292941132;0,007434387239358658;0,03908188010415251;0;0,8908619002735034;0;0;0
134000;8,363;-29,0;-1;-1;8625;1930;2622;12749;29739;71983;198;112;6645;0;0,0020280462662509726;0,0035177523374702022;0,023397763097629032;0,525934767007395;0,4451216712912547;0;0;0
135500;8,438;-37,0;-1;-1;8625;1934;2625;12792;30531;72641;198;112;6645;0;0,004026416904283493;0,007004096062480541;0,046310590747728864;0;0,9121990872535686;0;0;0,03045980903193857
137000;8,509;-41,0;-1;-1;8625;1939;2633;12859;30531;74017;198;112;6689;0;0,004256426296133206;0,007403997649450832;0;0;0,9566035508745137;0;0;0,03173602517990226
138500;8,579;-41,0;-1;-1;8625;1945;2646;12859;30531;75456;198;112;6731;0;0,004501241212813593;0,007796315617948008;0;0;0,9545616337718885;0;0;0,03314080939734993
140000;8,658;-41,0;-1;-1;8625;1950;2658;12859;30531;76895;198;112;6775;0;0,004786936063999127;0,00825660396000343;0;0;0,9522640366803852;0;0;0,0346924232956122
141500;8,737;-37,0;-1;-1;8625;1957;2673;12859;30531;78318;198;112;6830;0,05899242590293121;0,004290085465473091;0,007364746651367972;0;0;0,8988582660462368;0;0;0,030494475933991017
143000;8,814;-37,0;-1;-1;8716;1961;2690;12859;30531;79655;198;112;6881;0,027030304897238826;0,002026079546123091;0,0034430474018918435;0,023825674372604074;0,5434226188719732;0,4002522749101689;0;0;0
144500;8,885;-32,0;-1;-1;8756;1964;2699;12903;31321;80269;198;112;6881;0,026543474832646484;0,0020131030080396944;0,0034065133056065794;0;0,5558529410132348;0,41218396784047245;0;0;0
146000;8,963;-32,0;-1;-1;8802;1969;2707;12903;32140;80891;198;112;6881;0,02809161792982018;0,0021552995609835043;0;0;0,5374801849840609;0,4322728975251355;0;0;0
147500;9,038;-37,0;-1;-1;8840;1973;2707;12903;33001;81488;198;112;6881;0,026255538440561027;0,0020342820313362913;0;0;0,5627667194624469;0,40894346006565574;0;0;0
149000;9,113;-36,0;-1;-1;8893;1974;2707;12903;33830;82105;198;112;6881;0,029083563403906863;0,001896881334457063;0;0;0,5620535779312305;0,3935067058323968;0;0;0,013459271498008933
150500;9,193;-34,0;-1;-1;8931;1980;2713;12909;34707;82680;201;114;6896;0,03181557544279604;0,0017383098164920766;0;0;0,5951716904694325;0,37127442427127927;0;0;0
152000;9,259;-31,0;-1;-1;8968;1981;2713;12909;35585;83264;201;114;6896;0,031094842414960237;0,0017205167089579625;0,0029515720959935755;0,020635135571170034;0,5674139153933174;0,37618401781560074;0;0;0
153500;9,323;-33,0;-1;-1;9014;1983;2720;12936;36376;83891;201;114;6896;0,07096249196287485;0,003982606720904138;0,006812969724562329;0,047646317174336594;0;0,8705956144173221;0;0;0
155000;9,389;-35,0;-1;-1;9122;1988;2730;12999;36376;85205;201;114;6896;0;0,004035884202302553;0,006895614094120897;0,04806264770723211;0;0,9410058539963444;0;0;0
156500;9,456;-41,0;-1;-1;9122;1993;2739;13086;36376;86604;201;114;6896;0;0,0040702787859965995;0,006946228503408255;0,047975086378650014;0;0,9410084063319452;0;0;0
158000;9,522;-42,0;-1;-1;9122;2000;2752;13166;36376;88004;201;114;6896;0;0,004087452460484858;0,006961585552150442;0,04786955961297871;0;0,9111950506560847;0;0;0,029886351718301108
159500;9,589;-42,0;-1;-1;9122;2003;2762;13245;36376;89357;201;114;6951;0;0,0018496825216044908;0,003138864494916161;0,021417619259431062;0,5808931226185885;0,3927007111054598;0;0;0
161000;9,654;-46,0;-1;-1;9122;2004;2768;13278;37235;89958;201;114;6951;0,07299633736239272;0,004136979637122178;0,006994571389332025;0,04765627928786028;0;0,8682158323232928;0;0;0
162500;9,72;-46,0;-1;-1;9233;2011;2776;13351;37235;91259;201;114;6951;0,0773979964595424;0,004520255807553378;0,007655289973833628;0;0;0,9104264577590706;0;0;0
164000;9,783;-27,0;-1;-1;9354;2019;2789;13351;37235;92617;201;114;6951;0,07653792682309575;0,004606983607890407;0,007802952106726017;0;0;0,9110521374622877;0;0;0
165500;9,849;-33,0;-1;-1;9474;2023;2802;13351;37235;93980;201;114;6951;0,088947655389947;0,004660343691896087;0,007847277311940576;0;0;0,8985447236062163;0;0;0
167000;9,922;-33,0;-1;-1;9604;2033;2809;13354;37240;95343;205;118;6954;0,08921547852613414;0,00481798037954161;0,00818669121559982;0;0;0,8977798498787244;0;0;0
168500;9,989;-36,0;-1;-1;9770;2038;2820;13354;37240;96661;205;118;6954;0,04413403227788419;0,001803451661378145;0,003054664651293535;0,021443204207568876;0,5587983869240124;0,35725754232493545;0;0;0,013508717952927369
170500;10,089;-24,0;-1;-1;9870;2040;2823;13404;38358;97356;205;118;6986;0;0,00406161026690743;0,006881419461396466;0,05356928128123278;0;0,8960330915458184;0;0;0,03945459744464489
172000;10,174;-32,0;-1;-1;9870;2043;2833;13471;38358;98722;205;118;7040;0;0,003711291219126281;0,006258622001526351;0,05388583269151382;0;0,9361442540878336;0;0;0
173500;10,239;-38,0;-1;-1;9870;2048;2846;13543;38358;100132;205;118;7040;0;0,0033086310486377273;0,005554855745040806;0,04768749649847768;0;0,9434490167078438;0;0;0
175000;10,31;-40,0;-1;-1;9870;2053;2852;13603;38358;101561;205;118;7040;0;0,0030194987321062205;0,005075578476761981;0,04327415621008079;0;0,948630766581051;0;0;0
176500;10,376;-34,0;-1;-1;9870;2057;2862;13671;38358;102979;205;118;7040;0,06567525675341372;0,0027123828416303927;0,004543786298712976;0,038555231398926984;0;0,888513342707316;0;0;0
178000;10,439;-25,0;-1;-1;9966;2057;2871;13743;38358;104302;205;118;7040;0,06284798693176002;0;0,004452941610365727;0,03756437991485447;0;0,869320290358357;0;0;0,025814401184662956
179500;10,502;-31,0;-1;-1;10048;2057;2874;13807;38358;105613;205;118;7080;0;0;0,002486990130758824;0,0207814563695906;0,48016485934387293;0,48237494611404685;0;0;0,014191748041730718
181000;10,564;-38,0;-1;-1;10048;2057;2882;13839;39074;106337;205;118;7100;0;0;0,004712219185634426;0,03938974503590977;0;0,929090756026966;0;0;0,026807279751489863
182500;10,619;-38,0;-1;-1;10048;2057;2893;13902;39074;107718;205;118;7145;0;0;0,0048496656642397626;0,04044604717333073;0;0,9273897217164091;0;0;0,02731456544602039
184000;10,67;-39,0;-1;-1;10052;2059;2901;13974;39078;109107;209;125;7186;0;0,0030115018349932948;0,004914244459729708;0,040814451640062;0;0,9238140546645369;0;0;0,02744574740067791
185500;10,713;-39,0;-1;-1;10052;2065;2917;14041;39078;110484;209;125;7220;0,06877066276762421;0,0029935472122448814;0,004869362678816534;0;0;0,8962272914584789;0;0;0,027139135882835515
187000;10,756;-31,0;-1;-1;10154;2073;2922;14041;39078;111828;209;125;7261;0;0,0031064069052829817;0,005073461691881102;0;0;0,9638320369035401;0;0;0,027988094499295818
188500;10,797;-40,0;-1;-1;10154;2078;2932;14041;39078;113262;209;125;7312;0;0,009313897942040078;0,004883733790322216;0;0;0,9591376098607458;0;0;0,026664758406891746
190000;10,84;-42,0;-1;-1;10154;2095;2938;14041;39078;114694;209;125;7357;0;0,009312560823301078;0,004936529291761036;0;0;0,9590919516982479;0;0;0,026658958186689927
191500;10,88;-42,0;-1;-1;10154;2104;2946;14041;39078;116135;209;125;7399;0;0,004760936310543938;0,0025330943870251078;0,021350530151295743;0,47731977868806;0,48047125563827686;0;0;0,013564404824798437
193000;10,919;-42,0;-1;-1;10154;2117;2948;14070;39764;116884;209;125;7420;0;0,004899468719736914;0,00263153593054803;0,022129836397867482;0,4776414988251364;0,4926976601267112;0;0;0
194500;10,957;-40,0;-1;-1;10154;2127;2950;14102;40468;117636;209;125;7420;0,06115992504343771;0,008060951187450927;0,004358871558394741;0,04061714640554552;0;0,8858031058051712;0;0;0
196000;10,996;-41,0;-1;-1;10235;2135;2956;14153;40468;118990;209;125;7420;0,5328198577066371;0,07093441321521539;0,03849569761409321;0,35775003146405426;0;0;0;0;0
197500;11,05;-25,0;-1;-1;10897;2328;3012;14742;40468;118990;209;125;7420;0,4408421279025571;0,13147674328220993;0,03612041019783552;0,3915607186173975;0;0;0;0;0
199000;11,114;-29,0;-1;-1;11658;2482;3057;15282;40468;118990;209;125;7420;0,4049579619573773;0,09362659049969897;0,02952994567548432;0,30201108740352306;0;0;0;0;0,1698744144639163
200500;11,187;-30,0;-1;-1;12291;2627;3095;15656;40474;118992;213;129;7741;0,0921610421818451;0,022804437298283735;0,003984322306489882;0;0,8287859605348263;0;0;0;0,05226423767855501
202000;11,254;-31,0;-1;-1;12433;2671;3098;15656;41708;118992;213;129;7818;0,08433524461232925;0,020689240356699196;0,003792775905670518;0;0;0,8429460273586611;0;0;0,048236711766639906
203500;11,32;-28,0;-1;-1;12545;2712;3105;15656;41708;120270;213;129;7880;0;0,021681361463943144;0,00413234249417974;0;0;0,9227390384097864;0;0;0,051447257632090744
205000;11,384;-33,0;-1;-1;12545;2740;3108;15656;41708;121660;213;129;7959;0;0,021434574790006593;0,0042030172634141254;0;0;0,9236468440789912;0;0;0,05071556386758811
206500;11,441;-39,0;-1;-1;12545;2767;3111;15656;41708;123057;213;129;8032;0;0,020038797183802658;0,0040272870082046965;0,04026389304040044;0;0,8883148443396492;0;0;0,04735517842794295
208000;11,484;-40,0;-1;-1;12545;2791;3117;15715;41708;124406;213;129;8094;0;0,17881957430700693;0,036420509082402956;0,3628787818411556;0;0;0;0;0,42188113476943456
209500;11,528;-40,0;-1;-1;12545;3047;3195;16283;41708;124406;213;129;8692;0,09126768986455493;0,017333983993383765;0,004018335637975762;0,03916579877428996;0,8071711378438956;0;0;0;0,04104305388589989
211000;11,587;-40,0;-1;-1;12679;3082;3201;16343;42910;124406;213;129;8755;0,4696474463532354;0,08917017827245145;0,021290056225071248;0,20643629928642793;0;0;0;0;0,21345601986281407
212500;11,638;-24,0;-1;-1;13414;3209;3240;16647;42910;124406;213;129;9050;0,6281051964805029;0,08863891535851855;0,02271121475461876;0;0;0;0;0;0,2605446734063597
214000;11,683;-27,0;-1;-1;14357;3338;3276;16647;42910;124406;213;129;9442;0,0863392801672232;0,013184126401238387;0,0036014080587957807;0;0;0,8508754192439377;0;0;0,04599976612880498
215500;11,727;-35,0;-1;-1;14497;3363;3283;16647;42910;125658;213;129;9518;0,10740425909020562;0,013273181450803745;0,003673794509143679;0;0;0,8756487649498469;0;0;0
217000;11,775;-35,0;-1;-1;14678;3389;3289;16654;42914;126954;216;132;9523;0,10685427443109885;0,013395435048563716;0,003758299772877508;0;0;0,87599199074746;0;0;0
218500;11,833;-29,0;-1;-1;14850;3399;3297;16654;42914;128264;216;132;9523;0,09762910587039753;0,012634946884358362;0,007286753151351964;0,03492184537211255;0;0,8475273487217797;0;0;0
220000;11,882;-38,0;-1;-1;14996;3420;3313;16716;42914;129519;216;132;9523;0;0,00777932548364698;0,004509606250459954;0,023871992063559118;0,4292383309572487;0,5346007452450852;0;0;0
221500;11,925;-41,0;-1;-1;14996;3429;3318;16764;43531;130340;216;132;9523;0;0,012038359427197734;0,007000727046748234;0,03696348802381644;0;0,9002956186670722;0;0;0,043701806835165474
223000;11,989;-41,0;-1;-1;14996;3440;3329;16817;43531;131693;216;132;9595;0;0,012894129552809969;0,0075121106768326245;0,039670506497203384;0;0,939923253273154;0;0;0
224500;12,056;-35,0;-1;-1;14996;3457;3336;16873;43531;133113;216;132;9595;0;0,011944196668311355;0,00703375379501717;0,03699524057905421;0;0,9440268089576173;0;0;0
226000;12,123;-36,0;-1;-1;14996;3473;3350;16927;43531;134529;216;132;9595;0,08845751814801021;0,011075274036763076;0,006542462353968338;0,03447093710995426;0;0,859453808351304;0;0;0
227500;12,178;-36,0;-1;-1;15134;3491;3357;16969;43531;135824;216;132;9595;0,6242229501428503;0,07933123003944145;0,04736160952148089;0,2490842102962273;0;0;0;0;0
229000;12,223;-28,0;-1;-1;16036;3611;3486;17318;43531;135824;216;132;9595;0,5414474985905754;0,11034226870517051;0,11241256476194882;0,23579766794230533;0;0;0;0;0
230500;12,265;-28,0;-1;-1;16822;3776;3638;17715;43531;135824;216;132;9595;0,42040867587603636;0,08759574184116992;0,09135599499852014;0,19723060969209769;0;0;0;0;0,203408977592176
232000;12,307;-28,0;-1;-1;17447;3887;3826;17982;43531;135824;216;132;9904;0,10883717249372439;0,01915896664273847;0,04710661400444417;0,04887423828768097;0,7760230085714119;0;0;0;0
233500;12,357;-35,0;-1;-1;17602;3916;3886;18071;44712;135829;219;138;9905;0;0,01672775307611532;0,024037888471389077;0,02541437586814468;0,4083280943546588;0,5254918882296922;0;0;0
235000;12,399;-39,0;-1;-1;17602;3948;3921;18103;45288;136654;219;138;9905;0;0,027835229497891405;0,04008355554627019;0,042905968730413566;0;0,8891752462254248;0;0;0
236500;12,442;-42,0;-1;-1;17602;3992;3981;18167;45288;137986;219;138;9905;0;0,02728230978125682;0,03919427042907824;0,04283980944579834;0;0,8906836103438667;0;0;0
238000;12,484;-42,0;-1;-1;17602;4045;4045;18235;45288;139301;219;138;9905;0;0,027143472096175122;0,03898056586722022;0,043535619593642445;0;0,8903403424429621;0;0;0
239500;12,527;-42,0;-1;-1;17602;4085;4108;18291;45288;140642;219;138;9905;0,09058641455129948;0,024719059437428994;0,03524807463767945;0,04030910117175981;0;0,8091373502018323;0;0;0
241000;12,568;-32,0;-1;-1;17741;4122;4163;18342;45288;141860;219;138;9905;0;0,014614853913034546;0,02078407865362446;0,02418542407918726;0,3956455307120595;0,5222649814563124;0;0;0,022505131185781867
242500;12,611;-39,0;-1;-1;17741;4147;4203;18376;45854;142657;219;138;9943;0;0,023625472178602353;0,03344599148201276;0,03949049001080713;0;0,866904317199985;0;0;0,036533729128592866
244000;12,663;-41,0;-1;-1;17741;4169;4258;18448;45854;143956;219;138;9995;0;0,1780498344747656;0,2481590744247119;0,29899524746221556;0;0;0;0;0,274795843638307
245500;12,716;-41,0;-1;-1;17741;4415;4648;18904;45854;143956;219;138;10403;0;0,17315185019755358;0,2301517970886572;0,3204021043882382;0;0;0;0;0,2762942483255511
247000;12,77;-41,0;-1;-1;17741;4675;4997;19385;45854;143956;219;138;10813;0;0,1666141320356528;0,21721197165189288;0,33983555741873905;0;0;0;0;0,2763383388937153
248500;12,837;-13,0;-1;-1;17741;4901;5316;19938;45854;143956;219;138;11215;0,4729424871073918;0,07823597678431042;0,14462075460871146;0,1710925155853435;0;0;0;0;0,1331082659142427
250000;12,918;-26,0;-1;-1;18480;5011;5517;20176;45864;143957;221;147;11437;0,05691036876119553;0,008313274621537888;0,014938771275237484;0;0,38235043803149127;0,5204269173056354;0;0;0,017060230004902543
251500;12,982;-38,0;-1;-1;18562;5020;5537;20176;46453;144727;221;147;11467;0,09630164689297178;0,01298146075459998;0,023240864560025297;0;0;0,8409055058776236;0;0;0,02657052191477934
253000;13,039;-38,0;-1;-1;18683;5035;5581;20176;46453;146001;221;147;11513;0,6036111864076082;0,0824915530727539;0,14579351075648475;0;0;0;0;0;0,1681037497631531
254500;13,097;-22,0;-1;-1;19618;5140;5799;20176;46453;146001;221;147;11755;0,6979670749154878;0,06383656127562685;0,1084499301656794;0;0;0;0;0;0,12974643364320584
256000;13,156;-24,0;-1;-1;20667;5231;5954;20176;46453;146001;221;147;11960;0,5882345585170672;0,05643559045111339;0,09421721507702366;0,14658494383269738;0;0;0;0;0,11452769212209839
257500;13,211;-24,0;-1;-1;21519;5321;6097;20399;46453;146001;221;147;12152;0,6276251049682063;0,06535876844685508;0;0,17417128621238315;0;0;0;0;0,1328448403725555
259000;13,313;-25,0;-1;-1;22425;5412;6097;20643;46453;146001;221;147;12411;0,10603848688275605;0,010313720302096685;0;0,030744949074680016;0;0,8238908985745254;0;0;0,0290119451659419
260500;13,388;-31,0;-1;-1;22579;5422;6097;20678;46453;147253;221;147;12460;0;0,006826685542861132;0;0,02038426459945929;0,39546508678277786;0,5550827578834964;0;0;0,022241205191405423
262000;13,456;-40,0;-1;-1;22579;5437;6097;20715;47035;148082;221;147;12497;0;0,01107508899749311;0;0,03321872186055233;0;0,919650513198743;0;0;0,03605567594321152
263500;13,518;0,0;-1;-1;22579;5454;6097;20762;47035;149451;221;147;12564;0;0,011058994625909601;0,019939982854482254;0,03339959567790626;0;0,8997709360100569;0;0;0,0358304908316451
265000;13,58;-40,0;-1;-1;22579;5474;6121;20813;47035;150812;221;147;12608;0;0,010599115337290684;0,01912240091912856;0;0;0,9359280669585092;0;0;0,03435041678507155
266500;13,65;-34,0;-1;-1;22583;5496;6152;20822;47040;152211;223;151;12664;0,0946770414935489;0,00895613168026843;0,016136590792580112;0;0;0,8512449882625605;0;0;0,028985247771042215
268000;13,707;-32,0;-1;-1;22713;5509;6171;20822;47040;153503;223;151;12710;0;0,009688680579556444;0,017450694820281627;0;0;0,9416172889205611;0;0;0,0312433356796009
269500;13,79;-39,0;-1;-1;22713;5518;6195;20822;47040;154923;223;151;12757;0;0,009542065681190624;0,017104334758434786;0;0;0,9427883690412866;0;0;0,03056523051908808
271000;13,909;-42,0;-1;-1;22713;5526;6227;20822;47040;156340;223;151;12800;0;0,00959254158405865;0,01702038723703953;0,03002041710712545;0;0,9128241624249752;0;0;0,030542491646801173
272500;14,006;-49,0;-1;-1;22713;5537;6240;20866;47040;157712;223;151;12860;0;0;0,010906847850529373;0,01909214456624648;0,3711618042285205;0,5794647271530484;0;0;0,01937447620165536
274000;14,079;-49,0;-1;-1;22713;5537;6253;20889;47626;158552;223;151;12898;0;0;0,011408176982910582;0,020042326940666506;0,37230058465819177;0,596248911418231;0;0;0
275500;14,145;-33,0;-1;-1;22713;5537;6276;20916;48150;159478;223;151;12898;0,0626577877577792;0;0,01026266139519044;0,018176691030435378;0,3392348743882477;0,5696679854283473;0;0;0
277000;14,23;-30,0;-1;-1;22805;5537;6292;20938;48649;160349;223;151;12898;0;0;0,01097369031245647;0,019525545602589872;0,3592107799452592;0,6102899841396945;0;0;0
278500;14,291;-42,0;-1;-1;22805;5537;6310;20962;49191;161265;223;151;12898;0;0,005307577064419404;0,010262613184851428;0,018363518977325754;0,3547208504799769;0,6113454402934264;0;0;0
280000;14,357;-40,0;-1;-1;22805;5538;6333;20991;49691;162212;223;151;12898;0;0,00762513189162365;0,01457445818441207;0,02628660519003134;0;0,9246532776559926;0;0;0,026860527077940295
281500;14,421;-32,0;-1;-1;22805;5555;6353;21033;49691;163602;223;151;12929;0;0,0075433802055373715;0,014425654348412743;0;0;0,951402080304049;0;0;0,026628885142000923
283000;14,488;-34,0;-1;-1;22807;5565;6377;21038;49693;165031;225;152;12976;0;0,007155079329466399;0,0136060389507361;0;0;0,9541447388716077;0;0;0,02509414284818996
284500;14,551;-37,0;-1;-1;22807;5577;6392;21038;49693;166475;225;152;13005;0;0,006821742065146393;0,012977370612562563;0;0;0,956284576247144;0;0;0,023916311075146954
286000;14,615;-41,0;-1;-1;22807;5583;6407;21038;49693;167909;225;152;13050;0,050233398067598696;0,00425064011374892;0,00805601021978043;0;0,2929916352538262;0,6296984655157913;0;0;0,01476985082925449
287500;14,68;-33,0;-1;-1;22895;5590;6412;21038;50110;168860;225;152;13082;0;0,004289794885508434;0,008146306021242593;0,015173746970896268;0,29998872110566094;0,65756442888612;0;0;0,014837002130571784
289000;14,745;-37,0;-1;-1;22895;5593;6426;21064;50568;169835;225;152;13106;0;0,006188310388980183;0,0116902327849212;0,021846366599877844;0;0,9389752022495826;0;0;0,02129988797663821
290500;14,811;-38,0;-1;-1;22895;5604;6445;21099;50568;171238;225;152;13138;0;0,00948349076459217;0,011258110460643442;0;0;0,9587310381256806;0;0;0,02052736064908385
292000;14,876;-34,0;-1;-1;22895;5619;6462;21099;50568;172684;225;152;13160;0;0,009194815689689257;0,010928724605276462;0;0;0,9598993342530621;0;0;0,019977125451972198
293500;14,943;-35,0;-1;-1;22895;5634;6477;21099;50568;174117;225;152;13197;0;0,008404841679483074;0,010013675293966434;0;0;0,9633308618818723;0;0;0,01825062114467821
295000;15,006;-37,0;-1;-1;22895;5649;6490;21099;50568;175561;225;152;13225;0;0,006182171052245609;0,007387977596981489;0;0,2728998612273243;0,700080941257758;0;0;0,013449048865690637
296500;15,071;-41,0;-1;-1;22895;5662;6503;21099;51005;176579;225;152;13244;0;0,008079365124901077;0,009672034448352662;0,018677777791159946;0;0,9459432455945332;0;0;0,017627577041053093
298000;15,135;-30,0;-1;-1;22895;5670;6517;21128;51005;178004;225;152;13268;0,05827212735144206;0,007530383557590141;0,012657858809957838;0;0;0,9051353698729785;0;0;0,016404260408031526
299500;15,218;-35,0;-1;-1;22996;5680;6536;21131;51011;179369;226;159;13286;0;0,007772422698134448;0,01302927268840158;0;0;0,9622479255887765;0;0;0,01695037902468757
301000;15,347;-34,0;-1;-1;22996;5691;6556;21131;51011;180810;226;159;13314;0;0,00785977882272757;0,013134794967404214;0;0;0,961876403873433;0;0;0,017129022336435203
302500;15,412;-41,0;-1;-1;22996;5705;6574;21131;51011;182261;226;159;13331;0;0,007586918719039574;0,012674579488069415;0;0;0,9631351052483046;0;0;0,016603396544586417
304000;15,476;-32,0;-1;-1;22996;5718;6595;21131;51011;183710;226;159;13348;0;0,005593159478551724;0,009324235394809689;0;0,2592310647967078;0,7135690293423416;0;0;0,012282510987589194
305500;15,541;-36,0;-1;-1;22996;5722;6609;21131;51389;184794;226;159;13368;0;0,007461299421962707;0,012391378384697201;0,017821905482901513;0;0,9459819196167232;0;0;0,016343497093715405
307000;15,604;-40,0;-1;-1;22996;5730;6627;21148;51389;186232;226;159;13387;0;0,1381516749898626;0,22848304956046617;0,3308100388122153;0;0;0;0;0,3025552366374559
308500;15,667;-40,0;-1;-1;22996;5934;6960;21676;51389;186232;226;159;13822;0;0,13631653816422118;0,21867293951514308;0,3433304859405652;0;0;0;0;0,30168003638007046
310000;15,731;-40,0;-1;-1;22996;6139;7273;22213;51389;186232;226;159;14267;0;0,13441550513564718;0,2111684556739458;0,3545226462791539;0;0;0;0;0,29989339291125305
311500;15,786;-34,0;-1;-1;22996;6341;7751;22687;51389;186232;226;159;14613;0,4176857556828242;0,08297541181134489;0,2141851844369571;0,17006084376783623;0;0;0;0;0,1150928043010376
313000;15,835;-34,0;-1;-1;23598;6459;8073;22957;51389;186232;226;159;14801;0,052409565890247846;0,010697203733937191;0;0,022459787116233542;0;0,8993895421730005;0;0;0,015043901086580932
314500;15,909;-37,0;-1;-1;23677;6485;8073;22994;51389;187565;226;159;14826;0;0,011355027084678245;0;0,01711031797210496;0,24919477812306123;0,7092042398757651;0;0;0,013135636944390567
316000;16,006;-31,0;-1;-1;23684;6503;8077;23013;51803;188602;228;165;14850;0;0,014900075662247008;0;0,024416838689094587;0;0,9433693020556712;0;0;0,017313783592987277
317500;16,091;-30,0;-1;-1;23684;6531;8077;23043;51803;190015;228;165;14879;0;0,014316767735302887;0;0,023746357892393787;0;0,9451488770789459;0;0;0,016787997293357396
319000;16,152;-35,0;-1;-1;23684;6556;8077;23079;51803;191430;228;165;14903;0;0,0138727813075959;0,025540224990078197;0,023229521170896647;0;0,9209545030346329;0;0;0,016402969496796357
320500;16,218;-41,0;-1;-1;23684;6579;8129;23114;51803;192798;228;165;14925;0,04809424793720366;0,013086818174086069;0,029866359338346745;0;0;0,8933608013962725;0;0;0,015591773154091043
322000;16,283;-42,0;-1;-1;23763;6599;8172;23114;51803;194127;228;165;14954;0,451174021353767;0,12298691675529548;0,27875015699031924;0;0;0;0;0;0,14708890490061824
323500;16,348;-24,0;-1;-1;24480;6725;8560;23114;51803;194127;228;165;15223;0,48916152907256755;0,10556640751246288;0,2192706124424379;0;0;0;0;0;0,18600145097253168
325000;16,412;-32,0;-1;-1;25256;6881;8883;23114;51803;194127;228;165;15468;0,5474252696641964;0,09434438722168399;0,1880299663727784;0;0;0;0;0;0,17020037674134134
326500;16,478;-32,0;-1;-1;26088;7031;9131;23114;51803;194127;228;165;15738;0,13002247722348986;0,023481088764012933;0,04603136496496266;0,05015799917438371;0,7072802443217733;0;0;0;0,04302682555137744
328000;16,536;-32,0;-1;-1;26289;7066;9194;23191;52858;194127;228;165;15807;0,043529960684248865;0;0,015491521022404267;0,01708923742350937;0,22778070343467094;0,6815278182220815;0;0;0,014580759213085104
329500;16,601;-35,0;-1;-1;26342;7066;9220;23218;53188;195166;228;165;15832;0,05653619814609427;0;0,020089706885127453;0,02229466592583468;0;0,8820940540507776;0;0;0,018985374992166015
331000;16,669;-35,0;-1;-1;26434;7066;9251;23250;53188;196490;228;165;15853;0,0584397771464051;0;0,02081705138783765;0;0;0,9009331465989545;0;0;0,019810024866802764
332500;16,742;-29,0;-1;-1;26525;7070;9282;23252;53193;197859;230;166;15880;0,056914682297193306;0;0,020334160859930565;0;0;0,9033006463483874;0;0;0,019450510494488687
334000;16,812;-36,0;-1;-1;26615;7070;9319;23252;53193;199207;230;166;15905;0,05609649940015116;0,01075815872895935;0,02004327397153634;0;0;0,89377086155463;0;0;0,019331206344723066
335500;16,881;0,0;-1;-1;26709;7086;9349;23252;53193;200528;230;166;15944;0;0,008722990086812406;0,016206210583537838;0;0,24686155061006976;0,7127287266786859;0;0;0,015480522040894219
337000;16,952;-41,0;-1;-1;26709;7099;9369;23252;53555;201615;230;166;15962;0;0,00842438764445277;0,01564571225612421;0,01831515271354132;0,24809714083674317;0,7095176065491385;0;0;0
338500;17,006;-32,0;-1;-1;26709;7115;9383;23279;53936;202677;230;166;15962;0;0,010848954972701729;0;0,018654590345133636;0,25370304234908814;0,7167934123330765;0;0;0
340000;17,075;-36,0;-1;-1;26709;7137;9383;23308;54280;203782;230;166;15962;0;0,010833389731441014;0;0,018782014264566032;0,2500141630764117;0,7203704329275813;0;0;0
341500;17,148;-41,0;-1;-1;26709;7156;9383;23344;54670;204837;230;166;15962;0,04076278391858961;0,010349374205549247;0;0,018051457520937345;0,2388401671567308;0,6919962171981929;0;0;0
343000;17,213;-35,0;-1;-1;26768;7175;9383;23372;55039;205862;230;166;15962;0,05084214947827814;0,012900089373945453;0;0,022644633479259213;0;0,8961208009314379;0;0;0,017492326737079233
344500;17,263;-38,0;-1;-1;26852;7192;9383;23403;55039;207212;230;166;15980;0,055159997651641465;0,012394291187797278;0,017575405309581866;0;0;0,8979983166193497;0;0;0,01687198923162969
346000;17,312;-28,0;-1;-1;26939;7219;9409;23403;55039;208540;230;166;16012;0,056260160900267836;0,011884237672414283;0,016914784491775227;0;0;0,9149408169355426;0;0;0
347500;17,383;-41,0;-1;-1;27015;7241;9440;23403;55039;209911;230;166;16012;0,05507919445091001;0,011640486201944376;0,01656731190529862;0;0;0,9167130074418469;0;0;0
349000;17,46;-42,0;-1;-1;27108;7255;9464;23407;55044;211291;235;168;16015;0,04340338707861823;0,009232637672205205;0,013120591603497978;0;0,2176492024956309;0,7165941811500477;0;0;0
350500;17,529;-28,0;-1;-1;27173;7267;9479;23407;55371;212372;235;168;16015;0,05740541007606426;0,011541679599556575;0,016418546787572968;0,02109698880778474;0;0,8935373747290214;0;0;0
352000;17,6;-33,0;-1;-1;27242;7283;9508;23444;55371;213721;235;168;16015;0;0,012019063874487255;0,017052322938221582;0,022051790910287354;0;0,9318430403250161;0;0;0,017033781951987702
353500;17,667;-36,0;-1;-1;27242;7308;9533;23482;55371;215110;235;168;16038;0;0,175265895726911;0,2498966909771614;0,3244062989797374;0;0;0;0;0,25043111431619014
355000;17,743;-36,0;-1;-1;27242;7547;9908;24006;55371;215110;235;168;16400;0;0,17353995476647205;0,2427939271849185;0,33717496985685785;0;0;0;0;0,2464911481917516
356500;17,816;-36,0;-1;-1;27242;7788;10277;24531;55371;215110;235;168;16765;0;0,1631978273469347;0,23697747448120918;0,3491474595695996;0;0;0;0;0,25067723860225655
358000;17,907;-30,0;-1;-1;27242;8052;10665;25065;55371;215110;235;168;17079;0,14298428065942986;0,042693512106034295;0,04116818774852548;0,06503969933178724;0,6735164948941469;0;0;0;0,03459782526007618
359500;18,051;-21,0;-1;-1;27472;8114;10732;25179;56350;215110;235;168;17127;0;0,013806765960611572;0,013404359586956337;0,021354362656678987;0,20753262447546447;0,731075244459158;0;0;0,012826642861130668
361000;18,171;-36,0;-1;-1;27472;8136;10746;25222;56674;216191;235;168;17143;0;0,013626826937390564;0,013308713968520559;0;0,21803176818723635;0,7422835033138665;0;0;0,012749187592986062
362500;18,27;-42,0;-1;-1;27472;8158;10761;25222;57019;217294;235;168;17158;0;0,0174051367340246;0,017097757931635833;0;0;0,9490866710446413;0;0;0,01641043428969825
364000;18,343;-26,0;-1;-1;27472;8183;10788;25222;57019;218719;235;168;17181;0;0,017117044086978072;0,016862095468574513;0;0;0,9497625101933571;0;0;0,016258350251090344
365500;18,448;-42,0;-1;-1;27474;8221;10835;25229;57021;220126;240;174;17205;0;0,01662187811231451;0,016397023302572467;0;0;0,9509917725620011;0;0;0,01598932602311197
367000;18,529;-43,0;-1;-1;27474;8249;10859;25229;57021;221544;240;174;17235;0,05503046512417534;0,01548047588411859;0,015343481658457817;0,025403604512585325;0;0,8737563322371227;0;0;0,014985640583540362
368500;18,615;-35,0;-1;-1;27558;8276;10882;25265;57021;222857;240;174;17252;0,04663372604472554;0,012373744474147873;0,01232698440271074;0;0,20142401679957161;0,7151523983865087;0;0;0,012089129892335434
370000;18,803;-35,0;-1;-1;27634;8297;10905;25265;57308;223934;240;174;17268;0,04453114583491876;0;0,01510743801420164;0;0,19877695242066815;0,7292888395795687;0;0;0,01229562415064265
371500;18,864;-36,0;-1;-1;27697;8297;10925;25265;57629;225006;240;174;17292;0,05582236421302273;0;0,01898909490593333;0;0;0,9097161199675068;0;0;0,015472420913537177
373000;18,924;-33,0;-1;-1;27803;8297;10963;25265;57629;226342;240;174;17312;0,06062480646846994;0;0,018434139214449134;0;0;0,9058089773295387;0;0;0,01513207698754214
374500;18,998;-33,0;-1;-1;27886;8297;10988;25265;57629;227709;240;174;17337;0,059137181464741485;0;0,01805128637823443;0;0;0,9061620903543827;0;0;0,01664944180264147
376000;19,072;-31,0;-1;-1;27987;8297;11017;25265;57629;229053;240;174;17363;0,05530423176540635;0,011953294453377755;0,016983144104005757;0,024351145047220486;0;0,8756796426500093;0;0;0,015728541979980363
377500;19,129;-34,0;-1;-1;28072;8315;11033;25302;57629;230375;240;174;17385;0,15599231009889852;0,033837365791015164;0,04823022632277491;0,0691700209621319;0,6480955592271622;0;0;0;0,04467451759801731
379000;19,176;-27,0;-1;-1;28332;8357;11094;25392;58604;230375;240;174;17457;0,18151194552928895;0,03377041533864528;0,04811252314814162;0;0,6867197338925918;0;0;0;0,04988538209133243
380500;19,235;-33,0;-1;-1;28600;8402;11172;25392;59629;230375;240;174;17541;0,2184140829952735;0,03339634145817899;0,047376179065716166;0;0,7008133964808313;0;0;0;0
382000;19,309;-28,0;-1;-1;28906;8440;11257;25394;60713;230377;242;175;17546;0,2207598185551056;0,03133577371651804;0,0439136542542108;0;0,7039907534741655;0;0;0;0
383500;19,379;-29,0;-1;-1;29279;8485;11328;25394;61742;230378;243;179;17547;0,06612509141561733;0,009195211439243955;0,012845546902549075;0;0,19846968652042035;0,7133644637221692;0;0;0
385000;19,427;-39,0;-1;-1;29375;8500;11338;25394;62055;231444;243;179;17547;0,08365466135134608;0,011131645170074433;0,015586437597818413;0,024166964248454277;0;0,8654602916323066;0;0;0
386500;19,498;-39,0;-1;-1;29510;8522;11372;25436;62057;232726;245;183;17548;0,08437430167384709;0,011331743007346367;0,015835912152905425;0;0;0,8709256471972585;0;0;0,01753239596864242
388000;19,566;-33,0;-1;-1;29654;8531;11400;25436;62057;234022;245;183;17571;0;0,01234841470843519;0,020588596273466125;0;0;0,9479821532250033;0;0;0,01908083579309529
389500;19,636;-37,0;-1;-1;29654;8551;11440;25436;62057;235428;245;183;17605;0;0,01241743681322058;0,02061434813847034;0;0;0,9477578642419582;0;0;0,01921035080635081
391000;19,71;-41,0;-1;-1;29661;8576;11495;25436;62058;236845;249;184;17628;0;0,009790092800921827;0,0161431213849944;0;0,21604387494149074;0,7427850910692874;0;0;0,015237819803305894
392500;19,782;-41,0;-1;-1;29661;8591;11517;25436;62382;237967;249;184;17645;0;0,012642484767735012;0,02083868451899449;0;0;0,9467778249925141;0;0;0,01974100572075642
394000;19,849;-35,0;-1;-1;29661;8609;11552;25436;62382;239387;249;184;17672;0,08409171010194672;0,011105749555924537;0,018246821112933652;0,025140724965518457;0;0,8440420773427858;0;0;0,01737291692089078
395500;19,918;-34,0;-1;-1;29791;8625;11571;25481;62382;240654;249;184;17695;0,08727677854183581;0,011110721361444647;0,01826091539951001;0;0;0,8659423822970331;0;0;0,017409202400176477
397000;19,987;-37,0;-1;-1;29908;8639;11622;25483;62382;241962;250;184;17728;0,6496690836844745;0,08354078858640497;0,13601586572352778;0;0;0;0;0;0,13077426200559264
398500;20,051;-28,0;-1;-1;30863;8811;11804;25483;62382;241962;250;184;17919;0,6068392546831458;0,12395521489611211;0,12906695629903925;0;0;0;0;0;0,14013857412170272
400000;20,12;-27,0;-1;-1;31782;8991;12002;25483;62382;241962;250;184;18122;0,2308264515437351;0,04837619502345074;0,04120332262775054;0;0,6290196152912193;0;0;0;0,05057441551384418
401500;20,18;-28,0;-1;-1;32141;9048;12078;25483;63318;241962;250;184;18194;0;0,06342265419021176;0,054081528738026366;0;0,8156794074133502;0;0;0;0,06681640965841175
403000;20,249;-33,0;-1;-1;32141;9132;12159;25483;64540;241962;250;184;18307;0;0,01565231198202782;0,016004036247114047;0;0,20366045384371037;0,7480160437635309;0;0;0,016667154163616704
404500;20,311;-38,0;-1;-1;32145;9154;12194;25487;64852;243092;250;185;18330;0;0,01904497149502854;0,019451535047492488;0,027029703636097406;0;0,9141321005496231;0;0;0,020341689271758515
406000;20,375;-39,0;-1;-1;32145;9181;12224;25522;64852;244463;250;185;18367;0;0,22116306225140273;0,22626385977494798;0,3156776339362395;0;0;0;0;0,2368954440374097
407500;20,445;-39,0;-1;-1;32145;9497;12588;26016;64852;244463;250;185;18693;0,5432558156924062;0,09750762468053675;0,10112471688266285;0,14769780067746982;0;0;0;0;0,11041404206692436
409000;20,518;-39,0;-1;-1;32944;9633;12725;26246;64852;244463;250;185;18891;0,5880496396501589;0,11148698127919915;0;0,17271380130528866;0;0;0;0;0,12774957776535348
410500;20,586;-39,0;-1;-1;33801;9811;12725;26511;64852;244463;250;185;19091;0,20038833288343574;0,03937606478098468;0;0,06299729608230265;0,6509726518857456;0;0;0;0,046265654367531335
412000;20,656;-32,0;-1;-1;34117;9871;12725;26606;65813;244463;250;185;19159;0,07964562272371947;0,017005650549077957;0;0,024040261477023324;0;0,8610399633268281;0;0;0,018268501923351135
413500;20,734;-33,0;-1;-1;34231;9897;12739;26654;65814;245756;252;187;19187;0,571339355577476;0,12249968969844366;0;0,17392143368883498;0;0;0;0;0,13223952103524553
415000;20,808;-33,0;-1;-1;35055;10095;12739;26936;65814;245756;252;187;19383;0,4973457306018774;0,10925093716921527;0,11100072445420767;0,16119514655586029;0;0;0;0;0,12120746121883942
416500;20,896;-32,0;-1;-1;35771;10286;12906;27184;65814;245756;252;187;19561;0,5634867215037798;0,12659055018615717;0,12783236788956884;0,18209036042049426;0;0;0;0;0
418000;20,964;-23,0;-1;-1;36593;10476;13099;27479;65814;245756;252;187;19561;0,602543793996227;0,11347813294615877;0,11584503287827057;0,1681330401793435;0;0;0;0;0
419500;21,035;-31,0;-1;-1;37444;10655;13306;27742;65814;245756;252;187;19561;0,20914292082110106;0,04863872612437053;0,048711364024802334;0,06197802236371789;0,6315289666660082;0;0;0;0
421000;21,101;-27,0;-1;-1;37729;10724;13377;27846;66785;245756;252;187;19561;0;0,022127104765981762;0,015852129412747003;0,021607164869308665;0,20840601254559107;0,7320075884063714;0;0;0
422500;21,151;-41,0;-1;-1;37729;10759;13396;27875;67089;246869;252;187;19561;0;0,02684709108927243;0,02252467600088615;0,0263855423687242;0;0,9050334709420501;0;0;0,019209219599067108
424000;21,206;-42,0;-1;-1;37731;10799;13446;27928;67089;248211;254;188;19593;0;0,2819870460190058;0,2365274727418784;0,2785871494837099;0;0;0;0;0,2028983317554058
425500;21,274;-43,0;-1;-1;37731;11264;13795;28341;67089;248211;254;188;19866;0;0,29991321133523546;0,22187348661614906;0,27716668613849926;0;0;0;0;0,20104661591011616
427000;21,347;-43,0;-1;-1;37731;11684;14124;28757;67089;248211;254;188;20201;0,5087122635701299;0,14046615737038678;0,10857146158269027;0,14133796591562678;0;0;0;0;0,10091215156116635
428500;21,42;-43,0;-1;-1;38491;11889;14283;28972;67089;248211;254;188;20362;0,19836593044501233;0,0557466122232245;0,04396243847677079;0,05830808364598124;0,6436169352090111;0;0;0;0
430000;21,491;-30,0;-1;-1;38793;11963;14338;29061;68069;248211;254;188;20362;0,06485088644972803;0,017010613796890298;0,013546309731200046;0;0,2026050566161161;0,7019871334060656;0;0;0
431500;21,565;-33,0;-1;-1;38906;11992;14359;29061;68361;249256;254;188;20362;0,0862693624133981;0,02106033704183206;0,016832277277699714;0;0;0,8758380232670702;0;0;0
433000;21,639;-26,0;-1;-1;39044;12029;14379;29061;68361;250561;254;188;20362;0,08583784051201118;0,02078535289509633;0,016909649441960353;0;0;0,8764671571509322;0;0;0
434500;21,706;-33,0;-1;-1;39174;12068;14404;29061;68361;251867;254;188;20362;0,08469075454808402;0,020535949132594475;0,016801803886890065;0;0;0,8616350111848002;0;0;0,016336481247631277
436000;21,802;-31,0;-1;-1;39295;12106;14441;29061;68362;253160;257;190;20395;0;0,021741659198637624;0,01783971550223225;0,02437130068296934;0;0,9169015236618085;0;0;0,019145800954352254
437500;21,892;-37,0;-1;-1;39295;12152;14459;29098;68362;254523;257;190;20431;0;0;0,014281694979289297;0,019514960500999746;0,21937979252710998;0,7315232434580541;0;0;0,015300308534546963
439000;21,952;-41,0;-1;-1;39295;12152;14481;29126;68699;255609;257;190;20458;0;0;0,018294605593842477;0,02505674012417688;0;0,9370341945582465;0;0;0,019614459723733966
440500;22,012;-37,0;-1;-1;39295;12152;14514;29171;68699;257007;257;190;20482;0;0;0,020732371102634484;0,02458983514194564;0;0,9354147504425145;0;0;0,019263043312905296
442000;22,083;-42,0;-1;-1;39295;12152;14544;29208;68699;258409;257;190;20513;0,08417936963958145;0;0,018961193642641355;0,022560903576090873;0;0,8566482180915576;0;0;0,017650315050128824
443500;22,146;-33,0;-1;-1;39412;12152;14571;29244;68699;259702;257;190;20540;0;0,02135866014118603;0,0199542186353915;0,02380128439431646;0;0,9162800057796288;0;0;0,018605831049477266
445000;22,227;-35,0;-1;-1;39412;12187;14598;29287;68699;261074;257;190;20563;0;0,25415518277817317;0,23831337488167345;0,28475694019700293;0;0;0;0;0,22277450214315045
446500;22,341;-37,0;-1;-1;39412;12605;14926;29713;68699;261074;257;190;20891;0;0,06405409919907293;0,04846396452646367;0,06039332946847612;0,7761392277769521;0;0;0;0,05094937902903525
448000;22,41;-33,0;-1;-1;39412;12708;14998;29824;69836;261074;257;190;20968;0;0,09401043590670417;0,05424040428897951;0;0,791951611193183;0;0;0;0,059797548611133323
449500;22,503;-38,0;-1;-1;39418;12865;15093;29826;71033;261076;258;191;21040;0;0,10442549135024863;0,05404197233715026;0;0,7813602240376454;0;0;0;0,060172312274955855
451000;22,571;-39,0;-1;-1;39418;13048;15163;29826;72183;261076;258;191;21137;0,06704942264853593;0,029318895663886842;0,013820817887326942;0;0,19113291002583727;0,6832911506561;0;0;0,015386803118312942
452500;22,635;-39,0;-1;-1;39513;13084;15183;29826;72493;262086;258;191;21166;0,06842817720953025;0,029902887309499977;0,014173912825477968;0;0,19381355513190193;0,69368146752359;0;0;0
454000;22,703;-34,0;-1;-1;39629;13134;15204;29826;72769;263123;258;191;21166;0;0,030542636468438467;0,014603521941967451;0,017723835638075867;0,20084788951879887;0,7362821164327193;0;0;0
455500;22,768;-39,0;-1;-1;39629;13183;15226;29855;73062;264230;258;191;21166;0;0,0379662858698764;0,020987779388346606;0,0222695862920105;0;0,9187763484497665;0;0;0
457000;22,834;-43,0;-1;-1;39629;13239;15256;29892;73062;265607;258;191;21166;0;0,03769784763841616;0,021012674216185075;0,022362318650468088;0;0,9189271594949306;0;0;0
458500;22,898;-43,0;-1;-1;39629;13302;15288;29926;73062;266978;258;191;21166;0;0,0369848140904938;0,020813612923833737;0,022229013784193858;0;0,8992625655553846;0;0;0,020709993646094
460000;22,963;-43,0;-1;-1;39629;13357;15334;29963;73062;268314;258;191;21192;0,08452467748309464;0,034695002432908274;0,019609665341466073;0,021085213424173438;0;0,8400854413183576;0;0;0
461500;23,03;-31,0;-1;-1;39743;13411;15369;29982;73062;269592;258;191;21192;0;0,02935515809178352;0,016721630506867344;0,018088050383103026;0,20506907207765593;0,7307660889405903;0;0;0
463000;23,099;-40,0;-1;-1;39743;13461;15390;30022;73358;270685;258;191;21192;0;0,0363179914403571;0,0208817480241023;0,024002692260876892;0;0,9187975682746637;0;0;0
464500;23,166;-42,0;-1;-1;39754;13516;15453;30051;73359;272054;261;193;21195;0;0,03629690231327677;0,020894634527113955;0,02423948954181257;0;0,9185689736177968;0;0;0
466000;23,218;-42,0;-1;-1;39754;13578;15479;30074;73359;273443;261;193;21195;0;0,0363355313648526;0,021112371686592257;0,02455765767723498;0;0,9179944392713202;0;0;0
467500;23,285;-39,0;-1;-1;39754;13635;15511;30125;73359;274803;261;193;21195;0;0,03928682626512105;0,020354273621919158;0,023717009983507287;0;0,8955036516920035;0;0;0,02113823843744902
469000;23,353;-40,0;-1;-1;39754;13683;15547;30165;73359;276141;261;193;21233;0,46468929633287953;0,2003715184273362;0,1043453415509387;0,12204402203578114;0;0;0;0;0,10854982165306444
470500;23,425;-40,0;-1;-1;40456;13955;15715;30342;73359;276141;261;193;21414;0,2011521562538137;0,0864670413150272;0;0,05567052994950907;0,6078897793804606;0;0;0;0,04882049310118946
472000;23,499;-27,0;-1;-1;40760;14068;15715;30411;74305;276141;261;193;21482;0,2176298884219969;0;0;0,06306450859399358;0,6674129649035819;0;0;0;0,05189263808042755
473500;23,569;-31,0;-1;-1;41064;14068;15715;30514;75316;276141;261;193;21564;0,2182733145336407;0;0;0,06449448063749251;0,664351606341565;0;0;0;0,05288059848730164
475000;23,638;-18,0;-1;-1;41378;14068;15715;30595;76331;276141;261;193;21654;0,06571915980410653;0;0;0,01912971052703131;0,19455585932471234;0,70502080686157;0;0;0,01557446348257981
476500;23,705;-34,0;-1;-1;41476;14068;15715;30617;76621;277209;261;193;21676;0;0;0,01620903066500787;0,019905937251970342;0,2058956722191077;0,7418073482738115;0;0;0,016182011590102706
478000;23,774;-44,0;-1;-1;41476;14068;15744;30639;76946;278315;261;193;21694;0;0,03518293227224828;0,01944642453389859;0,02543401081367519;0;0,9004497650503851;0;0;0,019486867329792875
479500;23,833;-44,0;-1;-1;41476;14114;15773;30675;76946;279671;261;193;21727;0;0,03607087885178766;0,02003087119115167;0,026278696793333948;0;0,9176195531637268;0;0;0
481000;23,893;-40,0;-1;-1;41481;14169;15815;30714;76949;281054;261;194;21730;0;0,0344385578166496;0,019184620953179875;0,026804778492384728;0;0,9195720427377858;0;0;0
482500;23,963;-36,0;-1;-1;41481;14223;15836;30755;76949;282438;261;194;21730;0,07446736787495749;0,03470724497483343;0,01732370421608233;0,024213545592219304;0;0,8492881373419073;0;0;0
484000;24,03;-31,0;-1;-1;41594;14281;15869;30783;76949;283706;261;194;21730;0,06403258850014301;0;0,01442168328435859;0,021422806834832192;0,18622875620297544;0,7138941651776907;0;0;0
485500;24,099;-29,0;-1;-1;41687;14281;15896;30816;77216;284786;261;194;21730;0;0;0,014951727023904262;0,022266928653490104;0,1967294190375559;0,7506539069718006;0;0;0,015398018313249105
487000;24,166;-40,0;-1;-1;41687;14281;15926;30859;77503;285900;261;194;21756;0;0;0,015094915553746834;0;0,20283401277867133;0,7664901939240185;0;0;0,015580877743563357
488500;24,233;-33,0;-1;-1;41687;14281;15945;30859;77811;287055;261;194;21774;0;0;0,01499400578448788;0;0,20209149788262495;0,7674228482652322;0;0;0,015491648067654936
490000;24,302;-41,0;-1;-1;41687;14281;15974;30859;78121;288198;261;194;21792;0;0,02945392888812707;0,014478712774015216;0;0,19623204617049003;0,7448186419526154;0;0;0,015016670214752243
491500;24,356;-41,0;-1;-1;41687;14314;15995;30859;78400;289340;261;194;21817;0,0628077985997606;0,028160685983536073;0,013893751276802218;0;0,1868587825377737;0,7082789816021274;0;0;0
493000;24,416;-27,0;-1;-1;41777;14344;16016;30859;78707;290392;261;194;21817;0,06226240254144997;0;0,01333221473468005;0,020275834372367102;0,2013242014874563;0,7028053468640467;0;0;0
494500;24,475;-35,0;-1;-1;41870;14344;16048;30883;78985;291465;261;194;21817;0;0;0,015801591981755955;0,021157701551710928;0,2109357806087136;0,7521049258578196;0;0;0
496000;24,543;-38,0;-1;-1;41870;14344;16069;30918;79315;292579;261;194;21817;0;0;0,014989652186037377;0,02009212250735005;0,20884978334946322;0,7560684419571494;0;0;0
497500;24,617;-30,0;-1;-1;41876;14345;16108;30944;79625;293728;261;197;21818;0;0;0,014560692516980773;0,019630342026727154;0,2070174692950981;0,7452308373176456;0;0;0,013560658843548408
499000;24,684;-38,0;-1;-1;41876;14345;16129;30972;79917;294860;261;197;21845;0;0,03225191291466984;0,02017252238936788;0,02398749626787366;0;0,9070448124097586;0;0;0,01654325601833002
500500;24,754;-37,0;-1;-1;41876;14389;16160;31018;79917;296212;261;197;21872;0,06968642645121265;0;0,018901930162210697;0,022527270102655702;0;0,8718955202114225;0;0;0,01698885307249845
502000;24,822;-36,0;-1;-1;41987;14389;16183;31058;79917;297517;261;197;21893;0,07170030770357674;0;0,01887498555693504;0;0;0,8924313423766175;0;0;0,01699336436287078
503500;24,891;-31,0;-1;-1;42098;14389;16214;31058;79917;298848;261;197;21920;0,0686770913795459;0;0,02051747900649672;0;0;0,8944350395972288;0;0;0,016370390016728614
505000;24,963;-31,0;-1;-1;42203;14389;16250;31058;79917;300171;261;197;21956;0,0547745957618;0;0,016395382604649653;0;0,18705156438750778;0,7286702683305999;0;0;0,013108188915442728
506500;25,035;-31,0;-1;-1;42290;14389;16275;31058;80181;301269;261;197;21982;0,07082194875535376;0;0,019827207538341766;0;0;0,8934792929212146;0;0;0,01587155078508981
508000;25,105;-34,0;-1;-1;42392;14389;16302;31058;80181;302621;261;197;22001;0,06857051581624345;0,027064864506802046;0,018629876290456943;0,02018383528681605;0;0,8506036652550879;0;0;0,0149472428445936
509500;25,177;-29,0;-1;-1;42499;14430;16332;31084;80181;303898;261;197;22020;0;0,028508320240076258;0,019689007957024388;0,02142167533088102;0;0,9145229339012443;0;0;0,01585806257077403
511000;25,247;-35,0;-1;-1;42499;14474;16361;31115;80181;305275;261;197;22039;0;0;0,01977478960660293;0,021583036271413697;0;0,9426625867506674;0;0;0,01597958737131599
512500;25,323;-34,0;-1;-1;42499;14474;16390;31152;80181;306692;261;197;22056;0;0;0,019530911928218257;0,021369859689058916;0;0,9432633703026062;0;0;0,015835858080116713
514000;25,468;-35,0;-1;-1;42505;14474;16438;31185;80182;308092;262;199;22089;0;0;0,016120657663525894;0,01775733483372405;0,191475878093003;0,7617081068862998;0;0;0,012938022523447357
515500;25,539;-31,0;-1;-1;42505;14474;16460;31212;80470;309234;262;199;22110;0,06812740413047137;0;0,018073186382446826;0,019948076264366902;0;0,879327657933806;0;0;0,014523675288908943
517000;25,61;-33,0;-1;-1;42602;14474;16484;31236;80470;310568;262;199;22131;0,4622990177623232;0,17608638268420843;0,13410511567976457;0,13173648411266692;0;0;0;0;0,09577299976103686
518500;25,68;-27,0;-1;-1;43313;14727;16688;31443;80470;310568;262;199;22256;0,4827638646167823;0,23321044507419247;0,18095248755920113;0;0;0;0;0;0,10307320274982397
520000;25,749;-31,0;-1;-1;44008;15105;16967;31443;80470;310568;262;199;22404;0,4721892520154992;0,23878399424953164;0,1900131542159578;0;0;0;0;0;0,09901359951901148
521500;25,818;-34,0;-1;-1;44694;15477;17266;31443;80470;310568;262;199;22547;0,464254683020435;0,2283019101381824;0,20642302136779325;0;0;0;0;0;0,10102038547358937
523000;25,887;-33,0;-1;-1;45329;15865;17593;31443;80470;310568;262;199;22697;0,06666971348944357;0,042763358429022076;0,03558536004943838;0;0;0,8402444609320687;0;0;0,01473710710002709
524500;25,961;-40,0;-1;-1;45420;15937;17637;31443;80470;311836;262;199;22722;0;0,039899030271738106;0,030476655697736575;0,0170698127335015;0,18088355622104135;0,7189806582373236;0;0;0,012690286838659009
526000;26,035;-42,0;-1;-1;45420;16008;17694;31465;80717;312920;262;199;22741;0;0,15132601849668836;0,10612607930242111;0,060013472304236655;0,6379520409971161;0;0;0;0,04458238889953785
527500;26,111;-42,0;-1;-1;45420;16236;17883;31575;81618;312920;262;199;22813;0;0,1570597922987501;0,11173795378251251;0,06503213214542337;0,666170121773314;0;0;0;0
529000;26,185;-23,0;-1;-1;45420;16486;18039;31683;82604;312920;262;199;22813;0;0,1551783878193185;0,11314059579680968;0,06731148419404703;0,6643695321898248;0;0;0;0
530500;26,262;-36,0;-1;-1;45424;16728;18196;31784;83618;312921;262;202;22815;0,18538863357446533;0,11777323488921997;0,08778786935147857;0,053372929695781855;0,5556773324890543;0;0;0;0
532000;26,334;-36,0;-1;-1;45705;16895;18339;31870;84441;312921;262;202;22815;0,05698983830798484;0,03574614585649127;0;0,016656381038205808;0,16789217584035077;0,7227154589569673;0;0;0
533500;26,404;-36,0;-1;-1;45789;16962;18339;31904;84712;313965;262;202;22815;0,19709879667981917;0,12269861586185973;0;0,05783623645943242;0,5778749949598683;0;0;0;0,044491356039020255
535000;26,475;-36,0;-1;-1;46106;17140;18339;31971;85569;313965;262;202;22896;0,4665963188742969;0,28686872585409845;0;0,1397051875497783;0;0;0;0;0,10682976772182624
536500;26,546;-30,0;-1;-1;46810;17589;18339;32171;85569;313965;262;202;23043;0,45170552973405625;0,29064060799526725;0;0,14266739175266757;0;0;0;0;0,11498647051800887
538000;26,625;-31,0;-1;-1;47495;18014;18339;32383;85569;313965;262;202;23221;0,3747212572269746;0,22696482393634054;0,18325778902345852;0,11932750833422737;0;0;0;0;0,09572862147899912
539500;26,696;-31,0;-1;-1;48040;18337;18633;32576;85569;313965;262;202;23366;0,416531647211423;0,24654557408938074;0,20088154490353569;0,13604123379566063;0;0;0;0;0
541000;26,767;-31,0;-1;-1;48676;18710;18916;32784;85569;313965;262;202;23366;0,05030398929764127;0,02908467683932718;0,024133137608607098;0,016949856483263824;0,16088588506201484;0,7186424547091459;0;0;0
542500;26,837;-30,0;-1;-1;48760;18758;18957;32805;85802;315038;262;202;23366;0,05937364311734425;0,0342349808396638;0,03123604193557782;0,020101143639892082;0;0,8550541904675221;0;0;0
544000;26,905;-31,0;-1;-1;48847;18807;18997;32834;85802;316333;262;202;23366;0,4096678109160671;0,2356258291487199;0,21542427721820542;0,13928208271700754;0;0;0;0;0
545500;26,974;-31,0;-1;-1;49498;19151;19300;33036;85802;316333;262;202;23366;0,36593576764925545;0,2071411411774233;0,19108698819044762;0,1282923891649157;0;0;0;0;0,107543713817958
547000;27,053;-24,0;-1;-1;50060;19426;19598;33233;85805;316334;265;206;23551;0,43995432771764165;0;0,2554958373620072;0,1486421795904478;0;0;0;0;0,15590765532990336
548500;27,122;-26,0;-1;-1;50711;19426;20004;33433;85805;316334;265;206;23794;0,43745373054860176;0;0,2624555250519604;0,1478554512225161;0;0;0;0;0,15223529317692167
550000;27,193;-24,0;-1;-1;51356;19426;20372;33662;85805;316334;265;206;24052;0,050066075925455665;0;0,027034721909387428;0,015810455761428404;0,1627761756163843;0,7256387284746326;0;0;0,018673842312711724
551500;27,263;-35,0;-1;-1;51443;19426;20418;33690;86032;317418;265;206;24080;0,05914132234997805;0;0,03189328881134887;0,01875621942578153;0;0,8680945703227413;0;0;0,022114599090150316
553000;27,331;-35,0;-1;-1;51544;19426;20464;33724;86032;318706;265;206;24111;0,05900565952445717;0,030991082769107167;0,0318098588570248;0,018804732167256945;0;0,859388666682154;0;0;0
554500;27,401;-33,0;-1;-1;51654;19473;20502;33748;86032;319987;265;206;24111;0,0633528442336785;0;0,03227357352269417;0,019165158499557404;0;0,8852084237440699;0;0;0
556000;27,47;-27,0;-1;-1;51749;19473;20553;33772;86032;321317;265;206;24111;0,06304322900366105;0;0,03206899189423526;0,019169647353320662;0;0,885718131748783;0;0;0
557500;27,537;-34,0;-1;-1;51837;19473;20595;33795;86032;322664;265;206;24111;0,06462396787171595;0;0,03191981486966798;0,01917760387963524;0;0,8842786133789808;0;0;0
559000;27,646;-34,0;-1;-1;51943;19473;20644;33819;86032;323985;265;206;24111;0,06157571708799505;0;0,03309154981001526;0,01838313066317055;0;0,8651026403664608;0;0;0,021846962072358245
560500;27,742;-37,0;-1;-1;52038;19473;20701;33841;86032;325276;265;206;24146;0,18841789897227354;0;0,09981933021423822;0,05676040662478401;0,5877660558171719;0;0;0;0,06723630837153229
562000;27,811;-28,0;-1;-1;52327;19473;20845;33938;86900;325276;265;206;24248;0,1992534435832402;0,09284224420679789;0;0,05575246170702709;0,5815677943405678;0;0;0;0,07058405616236685
563500;27,881;-30,0;-1;-1;52612;19613;20866;34021;87798;325278;269;207;24348;0;0,11004327415838912;0;0,07090643316485765;0,7344812301715441;0;0;0;0,08456906250520921
565000;27,944;-34,0;-1;-1;52612;19778;20866;34119;88915;325278;269;207;24468;0;0,10979369901337951;0;0,06625760060346028;0,7397936446316709;0;0;0;0,0841550557514895
566500;28,008;-37,0;-1;-1;52612;19948;20866;34222;90031;325278;269;207;24579;0;0,03090222187561177;0;0,017915157796989142;0,19836154653193336;0,732460845212883;0;0;0,020360228582582646
568000;28,071;-42,0;-1;-1;52612;19987;20866;34253;90325;326388;269;207;24605;0;0,03721357159311735;0,0328784324836787;0,02166590442155156;0;0,883640574744916;0;0;0,024601516756736382
569500;28,131;-45,0;-1;-1;52612;20047;20901;34283;90325;327720;269;207;24648;0,36572602621058486;0,20203255614722396;0,17945802773860448;0,11859963868702134;0;0;0;0;0,13418375121656526
571000;28,193;-45,0;-1;-1;53202;20323;21160;34476;90325;327720;269;207;24830;0,4153323845521297;0,2262228326787236;0,20384472966179243;0;0;0;0;0;0,15460005310735433
572500;28,265;-45,0;-1;-1;53821;20642;21473;34476;90325;327720;269;207;25079;0,4167374671014435;0,22414858679597474;0,20263451123871468;0;0;0;0;0;0,1564794348638671
574000;28,334;-26,0;-1;-1;54448;20935;21776;34476;90325;327720;269;207;25356;0,1623937398515783;0,07975446399208463;0,07837922157640677;0;0,6057055216246869;0;0;0;0,07376705295524337
575500;28,402;-31,0;-1;-1;54708;21052;21876;34476;91240;327720;269;207;25464;0,06255213757220837;0,02980464262289102;0,029426755138228854;0;0;0,8504960423663771;0;0;0,027720422300294634
577000;28,475;-34,0;-1;-1;54798;21097;21927;34476;91240;328992;269;207;25506;0,3668201271352644;0,17495429063433252;0,1726778263637185;0,12249545956682424;0;0;0;0;0,16305229629986043
578500;28,542;-34,0;-1;-1;55334;21361;22209;34653;91240;328992;269;207;25747;0,4425690887120927;0,20944495145106423;0;0,1507807959807918;0;0;0;0;0,19720516385605122
580000;28,613;-25,0;-1;-1;55980;21678;22231;34877;91242;328993;270;208;26066;0,4500805099633127;0,18942013894055082;0;0,1558802062387407;0;0;0;0;0,2046191448573959
581500;28,685;-29,0;-1;-1;56678;21945;22253;35108;91242;328993;271;209;26373;0,45132888360201406;0,19551315056386837;0;0,1596037420452739;0;0;0;0;0,1935542237888436
583000;28,752;-25,0;-1;-1;57347;22236;22253;35355;91242;328993;271;209;26666;0,17320258152425005;0,07284389272592144;0;0,060919791748643794;0,6108345940578199;0;0;0;0,08219913994336471
584500;28,827;-27,0;-1;-1;57635;22351;22272;35444;92150;328994;271;210;26771;0,06287801621905101;0,02578287201219236;0,027348716891056602;0,02179795792112293;0;0,832961337749525;0;0;0,029231099207052132
586000;28,897;-29,0;-1;-1;57731;22391;22325;35483;92150;330227;271;210;26810;0,37631949954550414;0,15425874308123785;0,16338495703828948;0,13086832889554703;0;0;0;0;0,17516847143942155
587500;28,965;-29,0;-1;-1;58297;22618;22578;35663;92150;330227;271;210;27084;0,4481690379611701;0,1838157187350715;0;0,15925347253600303;0;0;0;0;0,20876177076775548
589000;29,837;-26,0;-1;-1;58954;22911;22596;35886;92150;330230;272;211;27412;0,420387644633784;0,1954908300079202;0;0,15610883499549988;0;0;0;0;0,228012690362796
590500;29,903;-32,0;-1;-1;59580;23193;22596;36134;92150;330230;272;211;27756;0,4168057911267488;0,19299650367302693;0;0,16527787511882097;0;0;0;0;0,22491983008140318
592000;29,974;-24,0;-1;-1;60194;23476;22596;36383;92150;330230;272;211;28110;0,4191702901722082;0,2005526784602916;0;0,15267945074489608;0;0;0;0;0,22759758062260413
593500;30,046;-25,0;-1;-1;60817;23780;22596;36621;92150;330230;272;211;28445;0,15703677390955847;0,07271861067980864;0,06826018646664253;0,05683310501841065;0,5623073132024529;0;0;0;0,08284401072312676
595000;30,122;-33,0;-1;-1;61036;23890;22722;36709;92981;330231;275;212;28599;0,051437957427373754;0,02315312781602488;0;0,01827753461492466;0,18222406058453844;0,6970699611773481;0;0;0,0278373583797901
596500;30,19;-33,0;-1;-1;61106;23928;22722;36740;93269;331259;275;212;28644;0,05275022472118851;0,023704824327229607;0;0;0,18553629454319456;0,7095030575303;0;0;0,02850559887808734
598000;30,28;-31,0;-1;-1;61185;23959;22722;36740;93542;332332;275;212;28688;0,053611058294168554;0,024099637591551128;0;0;0,1896426746978592;0,7326466294164211;0;0;0
599500;30,345;-34,0;-1;-1;61273;24008;22722;36740;93837;333400;275;212;28688;0,053656814209801604;0,024067320705930057;0;0;0,1886615156292924;0,733614349454976;0;0;0
601000;30,416;-34,0;-1;-1;61345;24041;22722;36740;94130;334502;275;212;28688;0,05331520049269069;0,023908590190164173;0;0;0,18820835106632325;0,7345678582508218;0;0;0
602500;30,491;-37,0;-1;-1;61436;24080;22744;36742;94419;335587;276;213;28688;0,052688825934826634;0,023042148282421234;0,02216224605018073;0,018707984542428637;0,18039419976578505;0,7030045954243578;0;0;0
604000;30,561;-44,0;-1;-1;61503;24122;22776;36773;94686;336648;276;213;28688;0,16200058919919327;0,07068562244936469;0,06808313707558111;0,05761182502667628;0,5572289371620508;0;0;0;0,0843898890871337
605500;30,629;-32,0;-1;-1;61738;24219;22870;36870;95533;336648;276;213;28818;0,17364435294479885;0;0,06946138427211379;0,062055541807575255;0,6039492730465711;0;0;0;0,09088944792894096
607000;30,697;-23,0;-1;-1;62007;24219;22962;36967;96430;336648;276;213;28963;0,44302248354759083;0;0,16930912394258693;0,16706060132273623;0;0;0;0;0,220607791187086
608500;30,763;-25,0;-1;-1;62668;24219;23196;37202;96430;336648;276;213;29333;0,44418374894899065;0;0,1664021782773198;0,17462127387466028;0;0;0;0;0,21479279889902927
610000;30,828;-27,0;-1;-1;63365;24219;23435;37475;96430;336648;276;213;29624;0,06772040477481449;0;0,024323765436664563;0,025846722929649332;0;0,8506770307062806;0;0;0,03143207615259093
611500;30,903;-36,0;-1;-1;63478;24219;23486;37520;96431;337915;278;215;29669;0;0,02874445983201692;0,025184134426028765;0,026870804519513923;0;0,8865783139350688;0;0;0,03262228728737159
613000;30,974;-40,0;-1;-1;63478;24260;23523;37561;96431;339258;278;215;29707;0;0,08212724199163905;0,07200426663937284;0,07700500217470675;0,6754837676755343;0;0;0;0,0933797215187471
614500;31,045;-40,0;-1;-1;63478;24387;23629;37667;97442;339258;278;215;29857;0;0,09189385999176405;0,08080005518561383;0,08708095818905559;0,7402251266335665;0;0;0;0
616000;31,115;-29,0;-1;-1;63478;24498;23743;37787;98597;339258;278;215;29857;0;0,08822940552393863;0,07751901762569151;0,09632774252931013;0,7379238343210597;0;0;0;0
617500;31,185;-33,0;-1;-1;63478;24637;23884;37922;99682;339258;278;215;29857;0,1732486714916878;0,07652949940705128;0,06843698759600712;0,07644578917402022;0,6053390523312335;0;0;0;0
619000;31,255;0,0;-1;-1;63732;24737;23995;38023;100616;339258;278;215;29857;0,05541750369782323;0,02449110823317139;0;0,02461937690546559;0,1897260401356645;0,7057459710278754;0;0;0
620500;31,329;-36,0;-1;-1;63804;24771;23995;38067;100908;340316;278;215;29857;0;0,02446551948979035;0;0,024632046716379634;0,19645109865191135;0,7287744634594294;0;0;0,025676871682489194
622000;31,389;-40,0;-1;-1;63809;24809;24015;38117;101215;341382;280;217;29899;0;0,03038760071466187;0;0,03064468441113546;0;0,9070510036440885;0;0;0,031916711230114234
623500;31,442;-32,0;-1;-1;63809;24854;24015;38156;101215;342738;280;217;29959;0;0,029895436530044537;0;0,030236289181833798;0;0,9067217735394424;0;0;0,03314650074867931
625000;31,512;-27,0;-1;-1;63809;24909;24015;38195;101215;344100;280;217;30003;0;0,02882472584655348;0,026335004128583285;0,029296806583159557;0;0,8834937706920696;0;0;0,03204969274963403
626500;31,582;-34,0;-1;-1;63809;24954;24056;38242;101215;345431;280;217;30039;0,36474466207732115;0,15695244040037687;0,14344263606057867;0,1599355082366263;0;0;0;0;0,17492475322509712
628000;31,655;-26,0;-1;-1;64360;25158;24288;38496;101215;345431;280;217;30298;0,1919094252819934;0;0,06787329967054544;0,07740758980486584;0,5816590551361829;0;0;0;0,08115063010641245
629500;31,714;-30,0;-1;-1;64646;25158;24394;38622;102071;345431;280;217;30424;0;0;0,09372841210028537;0,09230193563949898;0,7175546646358983;0;0;0;0,09641498762431736
631000;31,781;-36,0;-1;-1;64646;25158;24522;38757;103163;345431;280;217;30569;0;0;0,1008080113315472;0,09296347136769635;0,7097053462054655;0;0;0;0,09652317109529099
632500;31,84;-34,0;-1;-1;64646;25158;24663;38893;104249;345431;280;217;30706;0;0;0,02682502625824872;0,02492403656095065;0,19739768143110395;0,7250908079018374;0;0;0,025762447847859256
634000;31,916;-37,0;-1;-1;64655;25159;24727;38935;104562;346499;280;219;30740;0;0,02748358252939851;0,031825263440994976;0,031026214521583762;0;0,8789470503653491;0;0;0,03071788914267356
635500;31,992;-41,0;-1;-1;64655;25195;24771;38974;104562;347834;280;219;30786;0,38435879668893996;0,13973103802225917;0,1616595052827033;0,15808006907040498;0;0;0;0;0,15617059093569266
637000;32,066;-26,0;-1;-1;65244;25413;25037;39196;104562;347834;280;219;30991;0,44698231357147017;0;0,19093509578634288;0,1864596582474949;0;0;0;0;0,1756229323946921
638500;32,135;-28,0;-1;-1;65923;25413;25343;39460;104562;347834;280;219;31242;0,45054578931693745;0;0,1873777825227079;0,18712539756086194;0;0;0;0;0,1749510305994928
640000;32,203;-28,0;-1;-1;66586;25413;25631;39749;104562;347834;280;219;31502;0,17958767929518485;0;0,08559131562093254;0,07882900359178277;0,5857884011534852;0;0;0;0,07020360033861474
641500;32,272;-28,0;-1;-1;66866;25413;25763;39852;105443;347834;280;219;31606;0,05725623190655587;0;0,02722400811123597;0;0,1839039119478409;0,7091422706511474;0;0;0,022473577383219753
643000;32,319;-29,0;-1;-1;66968;25413;25799;39852;105726;348883;280;219;31636;0;0,022170747517572132;0,027973997829474698;0;0,1901562745945534;0,7365851295395778;0;0;0,02311385051882212
644500;32,391;-40,0;-1;-1;66968;25443;25846;39852;105993;350009;280;219;31666;0;0,02720699524247776;0,03424768440071918;0;0;0,9101462216269316;0;0;0,02839909872987141
646000;32,465;-41,0;-1;-1;66968;25493;25909;39852;105993;351355;280;219;31707;0;0,029323346077768864;0,034384829404550024;0;0;0,9076430938589416;0;0;0,028648730658739602
647500;32,557;-41,0;-1;-1;66975;25520;25976;39853;105993;352739;280;221;31748;0;0,028707378301773414;0,0334532375997326;0,03212295403465472;0;0,8776808169337481;0;0;0,028035613130091144
649000;32,632;-37,0;-1;-1;66975;25556;26031;39913;105993;354040;280;221;31796;0,06851684053698;0,0270690419484206;0,031447036952524085;0;0;0,8465465059377585;0;0;0,026420574624316816
650500;32,701;-38,0;-1;-1;67083;25603;26080;39913;105993;355307;280;221;31825;0,18307878849022258;0,07228542165393206;0,08396410527639232;0;0,5899015533125971;0;0;0;0,07077013126685605
652000;32,772;-30,0;-1;-1;67367;25718;26191;39913;106895;355307;280;221;31913;0,19415620101397468;0,08022175429235177;0;0;0,6392076486256925;0;0;0;0,08641439606798111
653500;32,845;-30,0;-1;-1;67645;25844;26191;39913;107864;355307;280;221;32040;0,19165546772521475;0,07899508890922838;0;0;0,6443671392699077;0;0;0;0,08498230409564933
655000;32,918;-30,0;-1;-1;67921;25970;26191;39913;108831;355307;280;221;32171;0,1940515597720159;0,07976219470204081;0;0;0,6400784476507445;0;0;0;0,08610779787519879
656500;32,991;-29,0;-1;-1;68195;26098;26191;39913;109791;355307;280;221;32309;0,05493239780699271;0,022024756844166053;0;0,025017836133706884;0,1844364578855272;0,6897377109855451;0;0;0,023850840344061965
658000;33,065;-32,0;-1;-1;68274;26132;26191;39954;110022;356384;280;221;32347;0,06537952393825433;0,026202527879886545;0,030342622122363844;0,029812508439073106;0;0,819866676037164;0;0;0,028396141583258205
659500;33,137;-32,0;-1;-1;68371;26168;26237;40002;110022;357615;280;221;32389;0,0677361114712723;0,027163816059419296;0,03142548634332468;0,030941283050105444;0;0,8427333030758782;0;0;0
661000;33,219;-35,0;-1;-1;68461;26199;26300;40036;110022;358897;280;221;32389;0,07113834828924982;0,027937904539740977;0,03218199818553968;0;0;0,8687417489854696;0;0;0
662500;33,294;-38,0;-1;-1;68565;26240;26362;40036;110023;360207;282;224;32392;0,0712710654617729;0,027983677897445353;0,032156628511016756;0;0;0,868588628129765;0;0;0
664000;33,364;-34,0;-1;-1;68683;26284;26399;40036;110023;361508;282;224;32392;0,05670184571838675;0,023812542804406343;0,025625417484690532;0;0,190107184571925;0,7037530094205914;0;0;0
665500;33,438;-29,0;-1;-1;68769;26309;26443;40036;110333;362543;282;224;32392;0;0,02449416062412657;0,030067411373815432;0;0,1959224858590401;0,7241380557738123;0;0;0,025377886369205516
667000;33,511;-38,0;-1;-1;68769;26342;26488;40036;110617;363636;282;224;32437;0;0,0293657447029843;0,03598583652994138;0,031526695987733534;0;0,8727079349961696;0;0;0,030413787783171192
668500;33,588;-34,0;-1;-1;68769;26392;26524;40086;110617;364952;282;224;32485;0;0;0,03642829494174771;0,031956538950736156;0;0,9008304020695314;0;0;0,030784764037984868
670000;33,662;-43,0;-1;-1;68769;26392;26579;40134;110617;366305;282;224;32529;0;0;0,036184021955344293;0,03186625238232014;0;0,9012837384112008;0;0;0,030665987251134865
671500;33,732;-39,0;-1;-1;68769;26392;26635;40188;110617;367644;282;224;32580;0,06613002239147972;0;0,03316463966370108;0,02930650750520202;0;0,8432339210186856;0;0;0,02816490942093173
673000;33,802;-34,0;-1;-1;68878;26392;26673;40242;110617;368897;282;224;32626;0;0;0,028636172269312563;0,02531598826793178;0,19094683483762162;0,7295208757232651;0;0;0,02558012890186897
674500;33,876;-36,0;-1;-1;68878;26392;26720;40285;110934;369955;282;224;32661;0;0,028833451295923084;0,03440956255041562;0,030511225728420546;0;0,8754282750512469;0;0;0,030817485373993994
676000;33,947;-38,0;-1;-1;68878;26434;26775;40343;110934;371244;282;224;32717;0;0,2315072301727698;0,27580970141832417;0,245305820040712;0;0;0;0;0,24737724836819405
677500;34,016;-39,0;-1;-1;68878;26819;27205;40690;110934;371244;282;224;33055;0;0,24669342813890222;0,31040829246550217;0,247991167156582;0;0;0;0;0,19490711223901358
679000;34,09;-40,0;-1;-1;68881;27186;27695;41078;110936;371244;283;225;33333;0;0,24365301478281826;0,3012470154351158;0,2590836594329567;0;0;0;0;0,1960163103491092
680500;34,161;-41,0;-1;-1;68881;27553;28142;41463;110936;371244;283;225;33634;0,32851428501801455;0,17048557070769965;0,19614416234504456;0,17371214357669312;0;0;0;0;0,13114383835254814
682000;34,233;-41,0;-1;-1;69400;27802;28439;41694;110936;371244;283;225;33838;0,052583906577414255;0,027233714674065452;0,03115114147548219;0,02815460182324854;0,17956911438253248;0,6813075210672571;0;0;0
683500;34,304;-31,0;-1;-1;69480;27840;28494;41731;111165;372305;283;225;33838;0,06402718655060607;0,03314072917165733;0,03782234668469074;0,034336007003227836;0;0,830673730589818;0;0;0
685000;34,378;-34,0;-1;-1;69575;27884;28545;41789;111165;373557;283;225;33838;0,37911846145578404;0,1961105208289794;0,2213006402868849;0,2034703774283517;0;0;0;0;0
686500;34,449;-34,0;-1;-1;70167;28150;28862;42114;111165;373557;283;225;33838;0,379500605853077;0,19576404004561226;0,2196211891623285;0,2051141649389823;0;0;0;0;0
688000;34,521;-28,0;-1;-1;70752;28436;29191;42414;111165;373557;283;225;33838;0,3271306069253803;0,18084027556654467;0,1783029153368348;0,17733315516110196;0;0;0;0;0,13639304701013832
689500;34,591;-28,0;-1;-1;71253;28700;29468;42680;111165;373557;283;225;34030;0,39858355320059874;0,21868295621315353;0,2155656822755769;0;0;0;0;0;0,16716780831067093
691000;34,646;-26,0;-1;-1;71821;29038;29812;42680;111165;373557;283;225;34280;0,06410237525238925;0,036630844616164934;0,03223644268009996;0;0;0,8390699547639385;0;0;0,027960382687407276
692500;34,712;-38,0;-1;-1;71906;29085;29863;42680;111165;374829;283;225;34325;0,16983493484100573;0,09492614212959029;0,08351540765566354;0;0,5791896588072297;0;0;0;0,07253385656651072
694000;34,783;-38,0;-1;-1;72143;29234;29995;42680;112027;374829;283;225;34445;0,18738113726887506;0,10404979679331208;0;0;0,6285290133736472;0;0;0;0,08004005256416571
695500;34,862;-30,0;-1;-1;72437;29395;30018;42682;112958;374829;284;226;34562;0,16741941216952402;0,09582048270004567;0;0,0872232631658728;0,5720884082454178;0;0;0;0,07744843371913988
697000;34,934;-25,0;-1;-1;72664;29547;30018;42812;113825;374829;284;226;34686;0;0,11911619235534575;0;0,10359595489830975;0,6855715171704022;0;0;0;0,09171633557594235
698500;35,008;-35,0;-1;-1;72664;29736;30018;42962;114832;374829;284;226;34840;0;0,12237779164254364;0;0,10210416905051406;0,685533480488094;0;0;0;0,08998455881884829
700000;35,079;-39,0;-1;-1;72664;29911;30018;43146;115861;374829;284;226;34952;0;0,03257819251604057;0,026566431982475835;0,029511633832624187;0,18198273472312237;0,7051666138249111;0;0;0,024194393120825892
701500;35,159;-42,0;-1;-1;72664;29958;30063;43184;116146;375882;284;226;34984;0;0,03997180550788792;0,03260958439576521;0,03630736983942304;0;0,8613487114960441;0;0;0,02976252876087987
703000;35,211;-45,0;-1;-1;72664;30028;30106;43235;116146;377166;284;226;35036;0,3251109005052482;0,19414841478708783;0,15881225788287487;0,17701148811869266;0;0;0;0;0,1449169387060964
704500;35,262;-45,0;-1;-1;73146;30309;30357;43488;116146;377166;284;226;35269;0,3868294611270405;0,2292948193392231;0;0,21142118115804734;0;0;0;0;0,17245453837568905
706000;35,311;-45,0;-1;-1;73725;30645;30357;43811;116146;377166;284;226;35531;0,38708509688613285;0,2276554962463203;0;0,21242564441934617;0;0;0;0;0,17283376244820065
707500;35,368;-25,0;-1;-1;74322;30976;30357;44115;116146;377166;284;226;35799;0,16949688834251297;0,09308860588397247;0;0,08701629109005019;0,5683046327557598;0;0;0;0,08209358192770465
709000;35,437;-26,0;-1;-1;74572;31103;30357;44250;117002;377166;284;226;35931;0;0,030533604019178262;0;0,02868569243897028;0,18589485616976467;0,727915696835818;0;0;0,026970150536268656
710500;35,507;-39,0;-1;-1;74572;31150;30357;44289;117267;378284;284;226;35962;0;0,035894666611516704;0,031951771534778226;0,03382215357764866;0;0,8665376503821911;0;0;0,031793757893865265
712000;35,579;-41,0;-1;-1;74583;31205;30433;44337;117269;379578;285;226;36009;0;0,2687909878413582;0,23864510628614805;0,25404410987510184;0;0;0;0;0,2385197959973919
713500;35,649;-41,0;-1;-1;74583;31605;30781;44720;117269;379578;285;226;36378;0;0,2669174010150913;0,237866069941363;0,25649174811586806;0;0;0;0;0,23872478092767752
715000;35,75;-41,0;-1;-1;74583;32027;31137;45103;117269;379578;285;226;36717;0,353317911241245;0,1737093734005639;0,15562112912658652;0,1701702032868964;0;0;0;0;0,14718138294470817
716500;35,82;-26,0;-1;-1;75141;32267;31374;45356;117269;379578;285;226;36929;0;0,09695648784760152;0,0873842750550375;0,09777465397966337;0,6357732366681873;0;0;0;0,08211134644951025
718000;35,898;-34,0;-1;-1;75141;32410;31521;45502;118199;379578;285;226;37063;0;0;0,025189371361045255;0,028366331497255832;0,18814994728105483;0,7345285012198434;0;0;0,023765848640800752
719500;35,97;-36,0;-1;-1;75141;32410;31564;45555;118454;380688;285;226;37102;0;0;0,031097340608852757;0,03506247412075334;0;0,9044632297897307;0;0;0,029376955480663214
721000;36,038;-36,0;-1;-1;75141;32410;31612;45611;118454;382033;285;226;37153;0;0;0,03132699723821193;0,035372605246227484;0;0,9036841017478443;0;0;0,029616295767716336
722500;36,108;-38,0;-1;-1;75141;32410;31666;45679;118454;383364;285;226;37200;0;0;0,03269604908543991;0,03487631829978174;0;0,9032164515650416;0;0;0,029211181049736766
724000;36,185;-35,0;-1;-1;75141;32410;31720;45738;118454;384710;285;226;37241;0,06394687155522656;0,03134731536781852;0,030935986346687913;0,031226893988218984;0;0,8163756487705978;0;0;0,026167283971450413
725500;36,257;-33,0;-1;-1;75225;32451;31771;45792;118454;385945;285;226;37276;0;0,027112017473333624;0,026731460221949315;0,027032734467150366;0,18172548687280643;0,7147302626081994;0;0;0,022668038356560845
727000;36,33;-41,0;-1;-1;75225;32486;31815;45837;118710;387022;285;226;37319;0;0,032987083978499435;0,032497708127632925;0,03292311746524933;0;0,8740078486635232;0;0;0,027584241765095184
728500;36,404;-40,0;-1;-1;75228;32522;31875;45888;118710;388348;286;227;37363;0;0,03348737156632723;0;0,0346716663425671;0;0,9038464097060491;0;0;0,02799455238505651
730000;36,474;-32,0;-1;-1;75228;32574;31875;45935;118710;389696;286;227;37416;0;0,03323202954488484;0;0,03450410367800476;0;0,904454126562194;0;0;0,027809740214916296
731500;36,544;-35,0;-1;-1;75228;32620;31875;45993;118710;391061;286;227;37447;0;0,03336362389103072;0;0,034680242318226286;0;0,9039642434770122;0;0;0,027991890313730724
733000;36,615;-37,0;-1;-1;75228;32681;31875;46042;118710;392410;286;227;37488;0;0,03343027921600753;0;0,03488359275260301;0;0,9035387154416743;0;0;0,0281474125897153
734500;36,695;-41,0;-1;-1;75228;32737;31875;46094;118710;393767;286;227;37523;0,05301877292483169;0,02644029838362058;0,025312753100666194;0,026245307289344433;0,17254953278227836;0,6755901511472375;0;0;0,0208431843720213
736500;36,789;-41,0;-1;-1;75346;32790;31922;46160;119052;395101;286;227;37563;0,06611710554148793;0,03297178870003063;0,031601007233506534;0,03278250455123435;0;0,8365275939737405;0;0;0
738000;36,859;-34,0;-1;-1;75444;32841;31967;46211;119052;396356;286;227;37563;0;0,03472194574292905;0,03330290369262551;0,03586089419128312;0;0,8961142563731624;0;0;0
739500;36,941;-37,0;-1;-1;75444;32894;32025;46277;119052;397679;286;227;37563;0;0,03475959826990538;0,03331986287521006;0,035953651062383615;0;0,8959668877925009;0;0;0
741000;37,009;-31,0;-1;-1;75444;32953;32082;46328;119052;399012;286;227;37563;0;0,03427484785671497;0,036773296802631646;0,03685454266201715;0;0,8920973126786361;0;0;0
742500;37,116;-36,0;-1;-1;75444;32999;32148;46396;119052;400332;286;227;37563;0;0,03360606577122995;0,03599473611821135;0,035144704760463635;0;0,8680254084520558;0;0;0,027229084898039255
744000;37,171;-38,0;-1;-1;75444;33053;32199;46444;119052;401640;286;227;37602;0,06602531271323309;0,033851386873461314;0;0,033687334490894824;0;0,840345576861392;0;0;0,02609038906101886
745500;37,244;-38,0;-1;-1;75542;33101;32221;46505;119054;402897;286;228;37641;0,05576393268935642;0,028577884994218088;0;0,02847403891416068;0,18238479463823412;0,7047993487640306;0;0;0
747000;37,316;-27,0;-1;-1;75641;33135;32221;46539;119330;403954;286;228;37641;0,06983229727596917;0,034428360462165866;0;0,03435244209303279;0;0,8613869001688322;0;0;0
748500;37,383;-30,0;-1;-1;75757;33194;32221;46592;119330;405226;286;228;37641;0,07126369090328387;0,0344223107018478;0;0,034444339967386495;0;0,8598696584274819;0;0;0
750000;37,453;-38,0;-1;-1;75848;33243;32221;46649;119330;406529;286;228;37641;0,06923678133649702;0,032754434378988236;0,033992753602010865;0,034007897031955066;0;0,8300081336505487;0;0;0
751500;37,522;-39,0;-1;-1;75961;33298;32277;46691;119330;407763;286;228;37641;0,3533283849666182;0,1670925623989573;0,17341033376410545;0,17409523976830651;0;0;0;0;0,13207347910201248
753000;37,591;-31,0;-1;-1;76486;33552;32530;46965;119330;407763;286;228;37835;0,4118792154436919;0,20698010267769354;0;0,2178913542877712;0;0;0;0;0,16324932759084343
754500;37,661;-27,0;-1;-1;77102;33856;32530;47276;119330;407763;286;228;38104;0,40873172757830484;0,20313428784633802;0;0,22759881658372608;0;0;0;0;0,16053516799163098
756000;37,729;-34,0;-1;-1;77729;34152;32530;47606;119330;407763;286;228;38351;0,4267641348840944;0,2023993485592667;0;0,21750153586484303;0;0;0;0;0,1533349806917959
757500;37,796;-34,0;-1;-1;78409;34445;32530;47909;119330;407763;286;228;38575;0,061278284322249695;0,029095960581015504;0;0,031540876188177476;0,17590586868116267;0,6799478377349251;0;0;0,022231172492469534
759000;37,866;-32,0;-1;-1;78497;34480;32530;47954;119586;408809;286;228;38605;0,07122242500858993;0,033211695685592846;0,03290394038304535;0,03602736824956229;0;0,8012323112613102;0;0;0,02540225941189929
760500;37,936;-34,0;-1;-1;78584;34540;32601;48018;119586;409999;286;228;38633;0;0,03508841591950078;0,034719185914354515;0,03815392692193354;0;0,865085844967919;0;0;0,0269526262762922
762000;38,01;-34,0;-1;-1;78590;34584;32664;48071;119587;411325;286;229;38669;0;0,03592918352346085;0;0,03911853333414958;0;0,8973126968463283;0;0;0,02763958629606123
763500;38,085;-42,0;-1;-1;78590;34640;32664;48135;119587;412674;286;229;38700;0;0,03764766659168781;0;0,03911318988519949;0;0,8955510139255816;0;0;0,027688129597531162
765000;38,155;-42,0;-1;-1;78590;34704;32664;48189;119587;414021;286;229;38735;0;0,037830050489781636;0;0,039440459042698356;0;0,8947955485151823;0;0;0,027933941952337695
766500;