Iteration;Time;BestFitness;LastCalledHeur;IsRelay;NumOfMoves-LLH0;NumOfMoves-LLH1;NumOfMoves-LLH2;NumOfMoves-LLH3;NumOfMoves-LLH4;NumOfMoves-LLH5;NumOfMoves-LLH6;NumOfMoves-LLH7;NumOfMoves-LLH8;LAProb-LLH0;LAProb-LLH1;LAProb-LLH2;LAProb-LLH3;LAProb-LLH4;LAProb-LLH5;LAProb-LLH6;LAProb-LLH7;LAProb-LLH8;
2000;0,768;-32,0;-1;-1;118;62;151;35;291;1244;17;15;131;0,018738845575403593;0;0,016456815584746546;0;0,06276682102885474;0,8267548240604445;0;0;0,07528269375055055
3500;0,943;-31,0;-1;-1;142;62;178;35;338;2542;17;15;235;0,015132384891676204;0;0,015930288335694105;0;0;0,9219700956951937;0;0;0,04696723107743596
5000;1,097;-32,0;-1;-1;165;63;207;40;340;3925;22;20;315;0,011231878029203566;0;0,01372606603310973;0;0;0,9430537975178283;0;0;0,03198825841985847
6500;1,279;-39,0;-1;-1;184;63;238;40;340;5305;22;20;385;0,022720468472450368;0;0,030672451360141302;0;0;0,8841176449384397;0;0;0,062489435228968555
8000;1,396;-39,0;-1;-1;218;63;286;40;340;6604;22;20;504;0,020291396188312518;0,016252432051139902;0,04038406671348535;0,03760294124014592;0;0,8003565678787953;0,017967067476010887;2,692050194278656E-5;0,06711860795016743
10000;1,541;-28,0;-1;-1;246;196;334;81;344;8272;45;27;585;0,009920089188619809;0,19870307277919727;0,02124863589301466;0,01678228239708263;0,04219780600717886;0,7111481137349068;0;0;0
11500;1,674;-38,0;-1;-1;261;366;362;105;441;9438;45;27;585;0,009823451166463989;0;0,02167003465447848;0,015991663633118578;0,09349152212211453;0,8590233284238245;0;0;0
13000;1,747;-39,0;-1;-1;272;366;397;128;572;10738;45;27;585;0,07796319637615053;0;0,17150759279823882;0,11810505513919282;0,6324241556864179;0;0;0;0
14500;1,813;-36,0;-1;-1;355;366;1096;249;1169;10738;45;27;585;0,0033132995897663022;0;0,9560232850292564;0,004163711226448414;0,036499704154528904;0;0;0;0
16000;1,975;-37,0;-1;-1;387;369;2207;291;1494;10744;48;32;586;0,024398551017644415;0;0,5798847171330281;0,025899001628753204;0,21098023657224257;0;0;0;0,15883749364833183
17500;2,061;-25,0;-1;-1;446;369;2958;484;1776;10744;48;32;801;0,10749117002669326;0,029676867372234655;0,37870419770749264;0,3630473597225506;0;0;0,011506539216297693;1,2494536697154425E-5;0,10956137141803403
19500;2,24;-31,0;-1;-1;840;416;3790;916;1776;10744;74;32;1070;0,015892643111749885;0,00996666780821662;0,16824452493863454;0;0;0,7511364152215968;0,004500729102989834;0;0,05025901981681241
21000;2,333;-37,0;-1;-1;857;423;3971;916;1776;11988;77;32;1118;0,010557897096928342;0,00677574445053551;0,12544902159424653;0;0;0,8572173368582896;0;0;0
22500;2,485;-39,0;-1;-1;904;437;4145;916;1776;13253;77;32;1118;0,045336442087707915;0;0,17342838433004915;0;0;0,7812351735822429;0;0;0
23500;2,564;-32,0;-1;-1;937;438;4289;920;1780;14079;80;35;1121;0,031540514604829706;0;0,11986209921696474;0;0,04951101082991288;0,7990863753482926;0;0;0
25000;2,643;-39,0;-1;-1;1004;438;4467;920;1845;15269;80;35;1121;0,06721414598990068;0;0,10485111053817564;0,04276923312309404;0,04584520566248431;0,7393203046863455;0;0;0
26500;2,715;-28,0;-1;-1;1102;438;4640;992;1905;16366;80;35;1121;0;0;0,1152789948122884;0,03512321255408317;0,04182860130092226;0,7700541268910968;0,003060846962981917;0;0,03465421747862741
28000;2,792;-36,0;-1;-1;1102;438;4813;1027;1998;17510;85;35;1171;0;0,008025846595625205;0;0,036232510669414464;0,07210756435167634;0,8445629754327612;0,003107914801867369;6,083717640331253E-6;0,03595710443101526
30000;2,992;-31,0;-1;-1;1102;451;4813;1093;2139;19231;93;35;1222;0;0,009549950271025823;0;0,03734115902995741;0;0,9128618635418232;0;0;0,04024702715719372
31500;3,067;-41,0;-1;-1;1102;465;4813;1143;2139;20597;93;35;1292;0;0;0;0,03335558524298085;0;0,9304468890708844;0;0;0,03619752568613478
32500;3,126;-30,0;-1;-1;1102;469;4814;1176;2141;21525;93;36;1341;0,058579559135898664;0;0;0,024093303007550124;0;0,8631514448204557;0;0;0,05417569303609552
34000;3,2;-27,0;-1;-1;1183;469;4814;1211;2141;22829;93;36;1421;0,04164632020140812;0;0,09277391791129819;0,018379484473264575;0;0,8074000086295031;0;0;0,039800268784525986
35500;3,272;-31,0;-1;-1;1256;469;4947;1238;2141;24046;93;36;1471;0,06137960696410728;0;0;0,013948767176426057;0,03816954227350997;0,8551540420169971;0,001538900456227511;0;0,029809141112732158
37000;3,346;-35,0;-1;-1;1346;469;4947;1258;2207;25319;95;36;1520;0;0,005415837653220081;0;0,015065754018796397;0,04031267071971122;0,9060505273465165;0,0016938157725337522;0;0,03146139448922209
38500;3,435;-37,0;-1;-1;1346;474;4947;1276;2279;26677;98;36;1564;0;0,003461963447254816;0;0,009389947851351605;0,08444158338680485;0,9027065053145888;0;0;0
40000;3,524;-35,0;-1;-1;1346;482;4947;1292;2404;28028;98;36;1564;0;0,0031303290804794875;0;0,008314662896401235;0,06798561667616128;0,9205668760210789;0;2,5153258790427077E-6;0
41500;3,613;-26,0;-1;-1;1346;484;4947;1297;2510;29415;98;36;1564;0;0;0;0,006845631768855155;0,07140957516881243;0,9217447930623324;0;0;0
42500;3,665;-35,0;-1;-1;1346;489;4949;1307;2602;30319;99;39;1569;0,02709702817317376;0;0,03579121552242038;0,006161568130297175;0,08133796309046454;0,8496122250836441;0;0;0
44000;3,732;-39,0;-1;-1;1391;489;5002;1314;2739;31577;99;39;1569;0,024975257561625115;0;0,03416186585757644;0,005928742090788239;0;0,9214267008075805;7,018226620380834E-4;0;0,012805611020391645
45500;3,826;-37,0;-1;-1;1431;489;5041;1323;2739;32971;99;39;1587;0,022384577512160587;0;0,03206353215880208;0,005590298535146733;0;0,9279620804518437;0;0;0,01199951134204676
47000;3,904;-37,0;-1;-1;1464;489;5080;1327;2739;34382;99;39;1600;0;0,001968090657676052;0,028030936792743457;0,004932384434864982;0;0,9545725730708308;0;0;0,010496015043884794
48500;3,982;-34,0;-1;-1;1464;491;5127;1336;2739;35807;99;39;1617;0;0,0018611020597475289;0,031523941777306455;0,0045858163010009875;0;0,962029139861945;0;0;0
50000;4,051;-38,0;-1;-1;1464;494;5190;1345;2739;37232;99;39;1617;0;0;0,031023076548650573;0,003788394380433897;0,06269046292364015;0,9024980661472753;0;0;0
51500;4,1;-37,0;-1;-1;1464;494;5231;1355;2831;38589;99;39;1617;0;0;0,02953872364508207;0,0035994638770156795;0,05717543479102095;0,9096863776868812;0;0;0
53000;4,192;-33,0;-1;-1;1464;494;5268;1360;2905;39973;99;39;1617;0,013612100882870596;0;0,027641017963416253;0,0034006516711818174;0,04999908966195623;0,9049044539146749;4,4268590590026247E-4;0;0
54500;4,277;-40,0;-1;-1;1478;499;5322;1370;2989;41326;105;42;1622;0,02335550711267579;0;0,025627243121693545;0,0031679997367350505;0;0,9403431366675505;3,820919735468217E-4;0;0,007124021387798232
56000;4,356;-32,0;-1;-1;1506;499;5357;1372;2989;42753;105;42;1630;0,022890653695843154;0,001395403875219248;0,02589152511532785;0,0032435589767884107;0;0,9393394553813188;0;0;0,007239402955502486
57500;4,432;-34,0;-1;-1;1550;501;5403;1378;2989;44150;105;42;1635;0;0,0014392715756579866;0,026195545565938786;0,003312982891228598;0;0,9616156924240951;0;0;0,007436507543079594
59000;4,505;-35,0;-1;-1;1550;506;5446;1385;2989;45587;105;42;1643;0;0;0;0,0033213838517471787;0;0,9891919779498506;0;0;0,007486638198402167
60000;4,557;-34,0;-1;-1;1550;506;5446;1386;2989;46579;105;42;1650;0;0;0;0,0029370878064947157;0,04249427516031551;0,9479895946582949;0;0;0,006579042374894981
61500;4,65;-36,0;-1;-1;1550;506;5446;1390;3061;47992;105;42;1661;0;0;0;0,0029408701879782557;0,04016358974564764;0,9499818506909877;3,7072310575189964E-4;0;0,00654296626963446
63000;4,724;-41,0;-1;-1;1550;506;5446;1391;3130;49415;106;42;1667;0,019202105592691487;0;0;0,002806273253991514;0,047665696775341444;0,9299769211698494;3,490032081260157E-4;0;0
64500;4,798;-47,0;-1;-1;1574;506;5446;1397;3208;50806;107;42;1667;0,019655103535664516;0,0013290270130160088;0,02387507103667607;0,0029572155065411324;0;0,9521835829081022;0;0;0
66000;4,866;-30,0;-1;-1;1601;508;5490;1399;3208;52231;107;42;1667;0,019305174126835297;0,001357668678558107;0;0,0030182061088384255;0;0,9763189510857682;0;0;0
67500;4,947;-33,0;-1;-1;1648;512;5492;1404;3209;53687;113;47;1672;0,019235482930658344;0;0;0,003206696451740024;0;0,9775578206176015;0;0;0
68500;4,992;-34,0;-1;-1;1674;512;5492;1407;3209;54658;113;47;1672;0,01824502871920955;0;0;0,0031367238427785792;0;0,9715212471431509;0;0;0,007097000294860922
70000;5,071;-36,0;-1;-1;1699;512;5492;1413;3209;56121;113;47;1678;0,016290204240671277;0;0;0,002884009308904451;0,04778076683852241;0,9261602919984847;3,3868722031681785E-4;0;0,006546040393100219
71500;5,139;-35,0;-1;-1;1723;512;5492;1418;3297;57496;115;47;1684;0;0;0;0,0027452027178151337;0,05548446940769781;0,9352143569610474;3,174299659793352E-4;0;0,006238540947460488
73000;5,208;-41,0;-1;-1;1723;512;5492;1418;3373;58912;116;47;1691;0;0,0012121175037694896;0,021521493590213877;0;0,04983754467359366;0,921540154402733;0;0;0,0058886898296899685
74500;5,285;-37,0;-1;-1;1723;514;5525;1418;3451;60295;116;47;1695;0;0,0012096056422287265;0,02531702702970115;0;0;0,9676114963786936;0;0;0,005861870949376583
76000;5,352;-32,0;-1;-1;1723;518;5567;1418;3451;61740;116;47;1704;0;0;0,02499141519683978;0;0;0,9691849947250328;0;0;0,005823590078127389
77000;5,392;-37,0;-1;-1;1723;518;5585;1418;3451;62718;116;47;1708;0,01445845322457211;0;0,024756623243773635;0;0;0,9549950311603573;0;0;0,005789892371296852
78500;5,448;-19,0;-1;-1;1751;518;5627;1418;3451;64138;116;47;1718;0,013525712235328887;0;0,023630575639516947;0,0025291669132960445;0;0,9544795158400436;2,8932863211123796E-4;0;0,005545700739703295
80000;5,51;-40,0;-1;-1;1768;518;5672;1422;3451;65559;117;47;1730;0,012066199415337077;0;0;0,0022833500295425186;0,04108286132127269;0,9393559674481895;2,6072958162095877E-4;0;0,004950892204037356
81500;5,597;-29,0;-1;-1;1790;519;5674;1429;3520;66976;119;51;1736;0,010338487147699003;9,292106314510588E-4;0;0,0019834465008576564;0,043066185156538525;0,9436826705634538;0;0;0
83000;5,688;-34,0;-1;-1;1806;522;5674;1437;3577;68392;119;51;1736;0,010296690081097529;9,423649463807359E-4;0;0,0019883168841486488;0;0,9867726280883731;0;0;0
84500;5,77;-34,0;-1;-1;1822;525;5674;1441;3577;69869;119;51;1736;0,010338990627727536;0;0;0,0020453769027543958;0;0,987615632469518;0;0;0
85500;5,825;-36,0;-1;-1;1830;525;5674;1441;3577;70861;119;51;1736;0,010351135522026931;0;0,0200513381820565;0,002091968197863379;0;0,967505558098053;0;0;0
87000;5,914;-43,0;-1;-1;1849;525;5704;1446;3577;72307;119;51;1736;0,010488729560190048;0;0,020631899669849966;0,002171777976112528;0;0,9616024213753359;2,540549648294759E-4;0;0,004851116453681968
88500;5,999;-34,0;-1;-1;1860;525;5736;1450;3577;73751;119;51;1745;0,009883949415668817;0;0,01939051076035694;0,0020643831932125136;0,04370509979232867;0,9203633967530139;0;0;0,004592660085419074
90000;6,086;-34,0;-1;-1;1873;525;5760;1451;3639;75142;119;51;1754;0,010406605998125847;0,001071679801717029;0,020457090611081582;0,0022080383117468834;0;0,9610612744688252;0;0;0,004795310808503544
91500;6,159;-35,0;-1;-1;1889;529;5788;1456;3639;76582;119;51;1761;0,2651525538580666;0,027740299058057222;0,5263851123783143;0,05695088525060018;0;0;0;0;0,12377114945496155
93000;6,224;-30,0;-1;-1;2318;570;6611;1517;3639;76582;119;51;1907;0,4685768628237344;0;0,49646551878631445;0,03495761838995104;0;0;0;0;0
94000;6,268;-30,0;-1;-1;2748;570;7147;1551;3639;76582;119;51;1907;0,4095728679983733;0;0,5464339925441477;0,04399313945747892;0;0;0;0;0
95000;6,316;-23,0;-1;-1;3194;570;7664;1588;3639;76582;119;51;1907;0,5944373115007422;0;0,3761814114016046;0,025536288324439178;0;0;0,0038449887732140493;0;0
96500;6,384;-24,0;-1;-1;3983;586;8328;1632;3639;76586;124;52;1909;0,0225161096440888;0;0,04297479296486822;0,001590836928641391;0,04291102778895339;0,8897669705682294;2,40262105218777E-4;0;0
98000;6,456;-41,0;-1;-1;4012;603;8411;1633;3698;77922;126;52;1913;0,02248035146658779;9,79905678704753E-4;0;0,0016226589433659786;0,042027939851596335;0,9288928772104911;0;0;0,0039962668492540855
99500;6,534;-42,0;-1;-1;4045;604;8411;1635;3770;79309;126;52;1918;0,3201794894998546;0,014292951327091961;0;0,02364591401901094;0,5838971710465427;0;0;0;0,05798447410749991
101000;6,589;-27,0;-1;-1;4478;635;8416;1664;4712;79309;129;52;1999;0;0;0;0,029247450947299115;0,9016040154252154;0;0;0;0,06914853362748542
102000;6,639;-32,0;-1;-1;4478;635;8416;1680;5663;79309;129;52;2032;0;0;0;0,008590330358615663;0,971297210606743;0;0;0;0,020112459034641234
103000;6,679;-37,0;-1;-1;4478;635;8416;1693;6625;79309;129;52;2057;0;0;0,20508938801959756;0,007190885980604408;0,7698804006674191;0;0,0011143513376541273;0;0,016724973994724716
104500;6,746;-34,0;-1;-1;4481;655;8688;1704;7817;79309;132;54;2086;0;0;0,04450745760205667;0,0011949361910396719;0,2441429701281505;0,7099724077387617;1,8222833999142975E-4;0;0
106000;6,809;-27,0;-1;-1;4481;655;8752;1708;8171;80386;133;54;2086;0,023433533396099753;0,002306134428062464;0,06113270517439185;0,0014994953400346964;0;0,9116281316614112;0;0;0
107500;6,869;-34,0;-1;-1;4521;655;8845;1709;8171;81752;133;54;2086;0,02341636841293945;0;0,06118461978448602;0,0015376688657089822;0;0,9138613429368656;0;0;0
109000;6,928;-39,0;-1;-1;4558;655;8920;1710;8171;83139;133;54;2086;0,02341589170665069;0;0,061341981262896444;0,0015714928023982551;0;0,9136706342280546;0;0;0
110500;7,001;-32,0;-1;-1;4582;665;9009;1713;8174;84528;135;55;2086;0,02299925917696888;0;0,05974446705064062;0,0015602763367328972;0;0,912065509554743;0;0;0,0036304878809147495
112000;7,06;-34,0;-1;-1;4629;665;9104;1714;8174;85879;135;55;2092;0,018335684603614517;0;0;0,0012796445232868504;0,2303686258971625;0,7468707654218293;1,8214922830791247E-4;0;0,0029631303257989182
113500;7,132;-30,0;-1;-1;4662;665;9104;1718;8500;87010;135;55;2098;0,018177980858044607;0;0;0,0012893628218750813;0,22662197942611914;0,7509249983486951;0;0;0,002985678545265982
115000;7,235;-40,0;-1;-1;4681;665;9104;1721;8807;88176;135;55;2103;0,03042696236343018;0,0026120677441520608;0;0,0016853470818918403;0;0,9613766867885118;0;0;0,0038989360220140355
116500;7,296;-35,0;-1;-1;4722;670;9104;1721;8807;89625;135;55;2108;0,028908471640671944;0,0025277734527732647;0;0;0;0,964779639547746;0;0;0,003784115358808694
118000;7,358;-28,0;-1;-1;4766;689;9108;1722;8808;91068;138;56;2115;0,026582240846285552;0,004820881389886766;0,058476327502640285;0;0;0,9065690436277253;0;0;0,003551506633462048
119500;7,469;-38,0;-1;-1;4799;693;9200;1722;8808;92434;138;56;2120;0,028981645215890334;0;0;0;0;0,9670854447691613;0;0;0,003932910014948458
120500;7,532;-38,0;-1;-1;4827;693;9200;1722;8808;93403;138;56;2123;0,024120592564760568;0;0;0;0,1926425255129365;0,7797065048056088;2,04591222269758E-4;0;0,003325785894424447
122000;7,597;-38,0;-1;-1;4847;693;9200;1722;9163;94523;138;56;2128;0,02195349016040226;0;0;0,0013513507333033402;0,23680503311410825;0,7368399230076951;0;0;0,0030502029844910986
123500;7,66;-40,0;-1;-1;4884;693;9200;1726;9502;95637;138;56;2134;0,028947351259419194;0;0;0,001814388968032627;0;0,9651437736025176;0;0;0,0040944861700306185
125000;7,717;-37,0;-1;-1;4923;693;9200;1729;9502;97086;138;56;2143;0,027788983631185274;0,005544356508201195;0;0,001774606563670864;0;0,9609050918169217;0;0;0,003986961480020804
126500;7,784;-39,0;-1;-1;4977;721;9211;1730;9502;98514;140;58;2146;0,2594582085495844;0,051849209232171324;0,6332740447084144;0,017088018889944604;0;0;0;0;0,03833051861988519
128000;7,841;-20,0;-1;-1;5386;793;10137;1757;9502;98514;140;58;2212;0,3051632319742589;0;0,6148888741450402;0,04704969811855443;0;0;0;0;0,032898195762146545
129500;7,89;-28,0;-1;-1;5821;793;11020;1890;9502;98514;140;58;2261;0,09028408893722653;0;0,16277550868492083;0,028150331268074726;0,7097238965085223;0;0;0;0,00906617460125546
131000;7,935;-30,0;-1;-1;5952;793;11281;1930;10560;98514;140;58;2271;0,3086909129895211;0;0,5596291506149192;0,09706040473173778;0;0;0,0022378567362084474;0;0,032381674927613534
132500;8,004;-30,0;-1;-1;6420;793;12128;2063;10560;98514;146;58;2317;0,026115766374218797;0;0,04899970753502713;0,008704630970793086;0;0,9128310572633725;0;0;0,0033488378565884667
134000;8,075;-39,0;-1;-1;6459;793;12213;2081;10560;99868;146;58;2321;0;0,004974634760640769;0,05295388667114925;0,00855264431166881;0;0,930154986122392;0;0;0,0033638481341492048
135500;8,131;-39,0;-1;-1;6459;800;12276;2089;10560;101286;146;58;2325;0;0,00541773561530358;0;0,009288652575501818;0;0,9816191077965813;0;0;0,003674504012613381
137000;8,195;-44,0;-1;-1;6463;819;12281;2105;10564;102758;146;61;2330;0;0,009954288079546021;0;0,009276442570040691;0;0,9770385638188832;0;0;0,003730705531530017
138500;8,264;-44,0;-1;-1;6463;835;12281;2119;10564;104222;146;61;2336;0;0,008000513908167427;0;0,007446523854717742;0,21799078578673722;0,7635254299389139;0;0;0,0030367465114636122
140000;8,329;-44,0;-1;-1;6463;845;12281;2132;10863;105399;146;61;2337;0,024203279897842146;0,00813640184686606;0;0;0,20521109520794698;0,7593257938720132;0;0;0,003123429175331581
141500;8,393;-38,0;-1;-1;6498;874;12281;2132;11162;106532;146;61;2341;0,027622500177633562;0,015547142611744752;0,05707573309222229;0;0;0,8961404108108395;0;0;0,0036142133075599114
143000;8,457;-41,0;-1;-1;6531;893;12354;2132;11162;107900;146;61;2348;0,2653030951369906;0,14881767647045638;0,548341170807191;0;0;0;0,002443416903181484;0;0,03509464068218064
144500;8,521;-41,0;-1;-1;6933;1099;13183;2132;11162;107900;151;61;2406;0,5831780207743921;0,32300420023237963;0;0;0;0;0,006139381322701406;0;0,08767839767052682
146000;8,587;-25,0;-1;-1;7832;1545;13183;2132;11162;107900;162;61;2550;0,48513165133901215;0,2155459369072933;0;0,22356003986549572;0;0;0;0;0,0757623718881988
147500;8,65;-25,0;-1;-1;8543;1857;13183;2481;11162;107900;162;61;2678;0,05466697252838113;0,024837030666083226;0;0,02188513786368092;0,8886122691776633;0;0;0;0,009998589764191296
149000;8,755;-29,0;-1;-1;8625;1913;13188;2516;12494;107902;165;62;2690;0,01685097502213121;0,008246393781464488;0;0;0,2519743501506332;0,7207658492401888;0;0;0,0021624318055823476
150500;8,828;-35,0;-1;-1;8651;1921;13188;2516;12846;109012;165;62;2694;0,02135083919849587;0,01048735545689533;0,04952115351350958;0;0;0,9158779289388417;0;0;0,0027627228922576063
152000;8,905;-35,0;-1;-1;8682;1937;13263;2516;12846;110385;165;62;2699;0;0,01097468469379793;0,05178010952922142;0;0;0,9340699808019157;2,3488211028894332E-4;0;0,002940342864775851
153500;8,983;-38,0;-1;-1;8682;1948;13345;2516;12846;111789;166;62;2701;0;0,011095077150765723;0;0;0;0,985672693708143;2,3618270090791028E-4;0;0,002996046440183276
155000;9,06;-41,0;-1;-1;8682;1972;13345;2516;12846;113261;167;62;2704;0;0,009971470721975583;0;0,0059248437557401406;0;0,9813484121396967;0;0;0,00275527338258766
156500;9,142;-34,0;-1;-1;8682;1986;13345;2521;12846;114734;167;62;2712;0;0,007250029994198291;0;0,004307006438537963;0,21595645554978643;0,7704734518066689;0;0;0,0020130562108084497
158000;9,226;-37,0;-1;-1;8682;1997;13345;2527;13175;115885;167;62;2715;0,02015138800026605;0,00927249564399889;0;0,005520788262671042;0;0,9624602316246935;0;0;0,0025950964683704955
159500;9,304;-37,0;-1;-1;8715;2012;13345;2532;13175;117328;167;62;2719;0;0,008780170134807901;0,04356148137038975;0,0052155054495844596;0;0,9399618500421794;0;0;0,0024809930030385476
161000;9,372;-40,0;-1;-1;8715;2022;13424;2540;13175;118724;167;62;2726;0;0,14740440932597904;0,7200327920112574;0,087448098777513;0;0;0,003338426149586902;0;0,04177627373566363
162500;9,428;-32,0;-1;-1;8715;2215;14541;2677;13177;118726;169;63;2800;0;0;0,8424359660366628;0,10594544779264602;0;0;0,0022327109549461033;0;0,04938587521574502
164000;9,473;-32,0;-1;-1;8715;2215;15813;2832;13177;118726;173;63;2869;0;0;0,8302144208520268;0,11387818639817919;0;0;0;0;0,05590739274979411
165000;9,504;-37,0;-1;-1;8715;2215;16620;2963;13177;118726;173;63;2931;0;0;0,3015856496287389;0,0366546387135313;0,6440574576118293;0;0;0;0,01770225404590031
166500;9,557;-39,0;-1;-1;8715;2215;17084;3009;14137;118726;173;63;2961;0,015143153833067458;0;0,08129317217462809;0,010493789550203513;0,16604030881582393;0,7219235782931623;0;0;0,005105997333114687
168000;9,61;-34,0;-1;-1;8738;2215;17223;3020;14389;119794;173;63;2968;0,015866098348177662;0,009339933664262749;0;0,010983764104273725;0,18670391917440518;0,7717458389093274;0;0;0,005360445799553282
169500;9,664;-37,0;-1;-1;8756;2232;17223;3039;14678;120945;173;63;2974;0,019764801792463302;0,01158639923989048;0;0,013587044372527323;0;0,9481797058159572;1,927703602218179E-4;0;0,006689278418939783
171000;9,707;-38,0;-1;-1;8776;2248;17223;3052;14678;122392;173;63;2978;0,020062529080444036;0,011711247368240031;0;0,01374546653015981;0;0,9476645798206386;0;0;0,006816177200517548
172500;9,749;-34,0;-1;-1;8807;2268;17223;3082;14678;123805;173;63;2984;0,019487354939802658;0,011340292951594737;0;0;0;0,962518638754895;0;0;0,006653713353707791
174000;9,791;-40,0;-1;-1;8826;2286;17223;3082;14678;125263;173;63;2989;0,01748844445913862;0,010123741758546863;0,10060091313639724;0;0;0,8658025775177995;0;0;0,005984323128117612
175500;9,846;-18,0;-1;-1;8847;2302;17383;3082;14678;126552;173;63;3003;0,05228722120974819;0,03011982170462183;0,2951633065221068;0;0,6045876014197231;0;0;0;0,01784204914380006
177000;9,919;-33,0;-1;-1;8902;2352;17805;3084;15642;126553;177;65;3033;0,0575525632923326;0;0,28905918515961104;0;0,6369544766247669;0;0;0;0,016433774923289502
178500;9,967;-27,0;-1;-1;8987;2352;18230;3084;16604;126553;177;65;3061;0,054325437664905794;0;0,2798185223253314;0,0327968180544807;0,6169720149107772;0;4,627211160970962E-4;0;0,015624485928407662
180000;10,01;-28,0;-1;-1;9079;2352;18645;3139;17520;126553;178;65;3082;0,16672300897842668;0;0,7070721261263512;0,08395070275596637;0;0;0,0012174042068997836;0;0,04103675793235608
181500;10,05;-26,0;-1;-1;9326;2352;19673;3291;17520;126553;182;65;3151;0,0253893482543398;0;0,10273293652162838;0,01767369148717498;0;0,8542040237368569;0;0;0
183000;10,094;-40,0;-1;-1;9357;2352;19810;3322;17520;127854;182;65;3151;0,024424646707154277;0,0094184831594264;0,09806048587816782;0,016750969114094988;0;0,8513454151411565;0;0;0
184500;10,137;-40,0;-1;-1;9389;2364;19967;3352;17520;129123;182;65;3151;0,027434580209925667;0,010603685416974743;0;0,018581327936771166;0;0,9433804064363285;0;0;0
186000;10,18;-37,0;-1;-1;9439;2375;19967;3373;17520;130541;182;65;3151;0,0218911211291546;0,008527211771717634;0;0,014800230987688736;0,17591529061771324;0,7788661454937258;0;0;0
187500;10,238;-36,0;-1;-1;9470;2387;19967;3399;17772;131720;182;65;3151;0;0,00813468098467185;0;0,013894718986046738;0,17915108587194903;0,7940290860460515;1,3985106799806565E-4;0;0,004650577043282808
189000;10,284;-36,0;-1;-1;9470;2395;19967;3428;18049;132902;182;65;3155;0;0,007368928808345992;0;0,012374650560013275;0,19107967607474752;0,7849543480834671;0;0;0,004222396473426159
190500;10,329;-41,0;-1;-1;9470;2407;19967;3441;18334;134086;182;65;3161;0;0,006584282663697628;0,06960891824871722;0,011017591926092972;0,18171441465742053;0,7310747925040716;0;0;0
192000;10,372;-31,0;-1;-1;9470;2423;20066;3462;18592;135192;182;65;3161;0;0,00787447728119901;0,08771711844051029;0,013097166646964097;0;0,8913112376313267;0;0;0
193500;10,417;-35,0;-1;-1;9472;2458;20206;3479;18593;136519;182;66;3161;0,020381641026133317;0,0076499943106591375;0,08541702479411986;0,012824777057388808;0;0,8737265628116988;0;0;0
195000;10,48;-25,0;-1;-1;9499;2473;20339;3495;18593;137828;182;66;3161;0,021028039883179493;0,007883752007086266;0;0,020941906854597177;0;0,9501463012551371;0;0;0
196500;10,532;-32,0;-1;-1;9537;2484;20339;3527;18593;139247;182;66;3161;0,020857286841991927;0,00786024105861748;0;0,020424222353622602;0;0,9459785295079366;1,4349081988668564E-4;0;0,0047362294179447186
198000;10,574;-38,0;-1;-1;9569;2503;20339;3551;18593;140665;182;66;3168;0,01649696249205312;0,006202745278347298;0;0,01603360590117056;0,17464906714586206;0,7828571229450525;0;0;0,003760496237514518
199500;10,635;-36,0;-1;-1;9599;2509;20339;3571;18853;141843;182;66;3174;0;0,006149763963034047;0;0,015653206988774822;0,1817556494551785;0,792714483282677;0;0;0,003726896310335654
201000;10,693;-38,0;-1;-1;9599;2520;20339;3589;19116;143041;182;66;3184;0;0,00686221812308637;0,08235302456481293;0,017327655716535745;0;0,8892974956933622;0;0;0,004159605902202633
202500;10,753;-31,0;-1;-1;9599;2528;20458;3613;19116;144382;182;66;3192;0;0,007325953697682331;0;0,01823386234659992;0;0,9700009410353833;0;0;0,004439242920334576
204000;10,812;-38,0;-1;-1;9599;2534;20458;3644;19116;145838;182;66;3199;0;0,0073947012728332135;0;0,017965448694452123;0;0,9701637168197588;0;0;0,004476133212955819
205500;10,864;-36,0;-1;-1;9599;2546;20458;3671;19116;147292;182;66;3206;0,019243624285979276;0,007103503128375363;0;0,017010792373767486;0;0,95233078224047;0;0;0,004311297971407855
207000;10,906;-27,0;-1;-1;9626;2553;20458;3695;19116;148723;182;66;3217;0,01564574325906712;0,005793564108355501;0;0,013717851991666224;0,17583123964373756;0,7889008603096134;1,1074068756040051E-4;0;0
208500;10,96;-31,0;-1;-1;9655;2564;20458;3715;19385;149894;182;66;3217;0,01571900326058759;0,005830147426233094;0;0,013704771831113922;0,17184317303705826;0,7929029044450072;0;0;0
210000;11,146;-39,0;-1;-1;9678;2586;20465;3743;19645;151075;184;68;3217;0,01733352163055481;0,006397567185178882;0,07820251380229878;0,014932665422274623;0;0,8831337319596929;0;0;0
211500;11,199;-23,0;-1;-1;9696;2603;20595;3762;19645;152391;184;68;3217;0,13939792099181875;0,0511722196616393;0,6905137686964011;0,11891609065014085;0;0;0;0;0
213000;11,242;-28,0;-1;-1;9915;2674;21601;3966;19645;152391;184;68;3217;0,14565189751094004;0,046739221273380836;0,678512599023069;0,09884737646869346;0;0;0;0;0,03024890572391674
214500;11,283;-25,0;-1;-1;10155;2754;22598;4097;19645;152391;184;68;3269;0,15306279165701708;0,08860960920028665;0,7135559764077437;0;0;0;0;0;0,044771622734952665
216000;11,326;-27,0;-1;-1;10345;2870;23729;4097;19645;152391;184;68;3332;0,0628693493985963;0,036028533297290805;0,2980070659217861;0;0,5845283257310787;0;0;0;0,018566725651247964
217500;11,369;-30,0;-1;-1;10446;2928;24156;4097;20531;152391;184;68;3360;0,017684368245115448;0,010088892539323775;0;0;0,16454066762160505;0,8024157553190708;0;0;0,005270316274884847
219000;11,415;-35,0;-1;-1;10469;2944;24156;4097;20775;153603;184;68;3365;0,02115346338074621;0,012042047698741195;0;0;0;0,9603428460100966;1,3515321642500931E-4;0;0,006326489693990971
220500;11,458;-36,0;-1;-1;10503;2967;24156;4097;20775;155036;185;68;3374;0,40003753243962326;0,22684962768946257;0;0,2505219071315621;0;0;0,002551282801023606;0;0,12003964993832852
222000;11,503;-36,0;-1;-1;11125;3299;24156;4460;20775;155036;186;68;3556;0,5337830852361846;0,29904830835432894;0;0;0;0;0;0;0,16716860640948641
223000;11,534;-32,0;-1;-1;11582;3508;24156;4460;20775;155036;186;68;3890;0,16408938300186385;0,053791088165884925;0,5763772655263406;0;0;0;0;0;0,20574226330591072
224500;11,577;-32,0;-1;-1;11853;3594;25000;4460;20775;155036;186;68;4189;0,07421248686413486;0,02485634548573787;0,2537875238738276;0;0,5623641176950906;0;0;0;0,08477952608120928
226000;11,622;-25,0;-1;-1;11959;3662;25359;4462;21651;155037;189;69;4300;0,020263626681965845;0,009243496654385756;0,071694377471653;0;0,16108489585757982;0,7377136033344155;0;0;0
227500;11,664;-36,0;-1;-1;11992;3678;25467;4462;21890;156141;189;69;4300;0,021522996147972533;0,00981760093678807;0;0;0,17480342841429003;0,7937465682140608;1,0940628688857875E-4;0;0
229000;11,705;-36,0;-1;-1;12024;3694;25467;4462;22167;157316;189;69;4300;0,021604244711151004;0,00985040452640378;0;0,008966037759053158;0,17102172591882378;0,7884469575767126;1,1062950785560086E-4;0;0
230500;11,76;-39,0;-1;-1;12052;3712;25467;4476;22449;158474;189;69;4300;0,021772554450017568;0,009900133413441514;0;0,009011604117342562;0,17357628858896382;0,7857394194302345;0;0;0
232000;11,825;-39,0;-1;-1;12093;3725;25467;4486;22719;159640;189;69;4300;0,0932081541307182;0,04259311764587643;0;0,03878698879034206;0,7185632883305164;0;0;0;0,10684845110254686
233500;11,891;-33,0;-1;-1;12211;3775;25467;4540;23851;159640;189;69;4446;0,06311482768371128;0,028997234872564552;0,2383758552976619;0,02608198633482689;0,6434300958112354;0;0;0;0
235000;11,943;-33,0;-1;-1;12306;3821;25845;4586;24786;159640;189;69;4446;0,08994980111330637;0,041421583912604705;0;0,036992436421768624;0,8316361785523203;0;0;0;0
236500;11,992;-22,0;-1;-1;12406;3897;25845;4650;26046;159640;189;69;4446;0,06058362209477453;0,036861244772611594;0;0,03710450104978342;0,8651028275087287;0;3,478045741017637E-4;0;0
238000;12,035;-31,0;-1;-1;12503;3945;25845;4707;27343;159640;190;69;4446;0,01920510687338687;0,010308440708145326;0;0;0,29658211075100094;0,6738058808475081;9,846081995880839E-5;0;0
239500;12,076;-37,0;-1;-1;12525;3963;25845;4707;27782;160661;190;69;4446;0,01944571607896432;0,013652840842706649;0;0;0,28910786647010067;0,6777935766082284;0;0;0
241000;12,128;-37,0;-1;-1;12554;3989;25845;4707;28227;161661;190;69;4446;0,01944619217996951;0,013563836027087824;0;0;0,27614759324312926;0,6708447417845179;0;0;0,01999763676529553
242500;12,183;-32,0;-1;-1;12591;4025;25854;4709;28626;162677;190;69;4473;0,024448265688601166;0,01691687078515497;0,0853794825177914;0;0;0,8482792870019168;0;0;0,02497609400653556
244000;12,226;-36,0;-1;-1;12622;4045;25978;4709;28626;163949;190;69;4526;0,14893130085863715;0,10278265445628568;0,5171155933094534;0,08206764143480905;0;0;0;0;0,1491028099408147
245500;12,267;-36,0;-1;-1;12852;4211;26750;4828;28626;163949;190;69;4739;0,16626555895572692;0,11243747749431146;0,5625700910012525;0;0;0;9,215424675189267E-4;0;0,15780533008119008
247000;12,31;-29,0;-1;-1;13043;4455;27532;4828;28626;163949;193;69;5019;0;0,2330114423203532;0,562288912845905;0;0;0;8,105201132594366E-4;0;0,20388912472048226
248500;12,355;-29,0;-1;-1;13043;4747;28423;4828;28626;163949;193;69;5336;0;0,05862871787663035;0,2322548664766252;0;0,631929417289059;0;0;0;0,07718699835768547
250000;12,406;-33,0;-1;-1;13043;4820;28799;4828;29567;163949;193;69;5446;0;0,02264305719518639;0,09999931736270905;0;0,23399291087871557;0,6141970983179746;0;0;0,029167616245414217
251500;12,467;-38,0;-1;-1;13043;4850;28948;4828;29907;164877;193;69;5499;0;0,02944827608277822;0,12985923927796456;0;0;0,8032635688030534;0;0;0,03742891583620391
253000;12,515;-43,0;-1;-1;13043;4898;29144;4828;29907;166082;193;69;5550;0,021181652154538544;0,028200834357683193;0,12447135738900111;0,011960408210159746;0;0,778504702125945;0;0;0,03568104576267246
254500;12,558;-45,0;-1;-1;13069;4939;29313;4852;29907;167266;193;69;5606;0,09656479625426684;0,1271913069835779;0,5617761154228902;0,05410391428894676;0;0;5,480921871084798E-4;0;0,15981577486320994
256000;12,6;-45,0;-1;-1;13214;5144;30149;4932;29907;167266;193;69;5840;0,22979527371353672;0,28894576744512657;0;0,12680410917486865;0;0;0;0;0,35445484966646806
257500;12,643;-45,0;-1;-1;13590;5561;30149;5139;29907;167266;193;69;6340;0,051999558287251196;0,06095940910824684;0;0,027759838633292386;0,7886233393552085;0;0;0;0,07065785461600124
259000;12,688;-45,0;-1;-1;13660;5679;30155;5177;31075;167268;193;70;6462;0,05780379649786913;0,06594517998922812;0;0;0,8002644054606743;0;0;0;0,07598661805222842
260500;12,732;-27,0;-1;-1;13744;5773;30155;5177;32273;167268;193;70;6586;0,016576414409816588;0,018606677595639023;0;0;0,2565336359173624;0,6871789443025517;0;0;0,021104327774630404
262000;12,774;-34,0;-1;-1;13773;5798;30155;5177;32642;168308;193;70;6623;0,019457517059542313;0,021769341084219886;0,12014075205361031;0;0;0,8140691817670417;0;0;0,024563208035585885
263500;12,824;-36,0;-1;-1;13803;5827;30340;5177;32642;169536;193;70;6651;0,02225028952220359;0,024759943484685864;0;0;0;0,9249217337630776;1,4596389065957348E-4;0;0,02792206933937322
265000;12,882;-37,0;-1;-1;13824;5861;30340;5177;32642;170940;193;70;6692;0,022363826309539096;0,02460668503656136;0;0,012311877722478359;0;0,9130601087393564;0;0;0,027657502192064757
266500;12,948;-37,0;-1;-1;13851;5894;30340;5200;32642;172310;193;70;6739;0,02348754678889675;0,025595574978728382;0;0,012800905207973107;0;0,9381159730244018;0;0;0
268000;13,014;-38,0;-1;-1;13881;5939;30340;5224;32642;173711;193;70;6739;0,017427290640039242;0,018654666448693798;0;0,009404705285520284;0,27099833658682515;0,6835150010389215;0;0;0
269500;13,082;-38,0;-1;-1;13904;5977;30340;5233;33045;174738;193;70;6739;0,02430830355092493;0,025641473845796736;0;0,013056928228883746;0;0,9369932943743946;0;0;0
271000;13,168;-38,0;-1;-1;13943;6020;30340;5248;33045;176141;193;70;6739;0,021496664248300313;0,02249056023230095;0,1370300216870469;0,011568736236045813;0;0,807414017596306;0;0;0
272500;13,241;-35,0;-1;-1;13978;6059;30538;5260;33045;177357;193;70;6739;0,023830235304195743;0,024730309048854288;0;0,012818976317214296;0;0,908450095170296;0;0;0,03017038415943965
274000;13,315;-39,0;-1;-1;14019;6095;30538;5283;33045;178712;193;70;6784;0,26178369113420846;0,26894045735835703;0;0,140077753279944;0;0;0,0018435816647645682;0;0,3273545165627259
275500;13,403;-39,0;-1;-1;14420;6508;30547;5518;33046;178713;202;75;7243;0,3285368678478858;0,30597765199274896;0;0;0;0;0,0023877021197922293;0;0,36309777803957305
277000;13,479;-20,0;-1;-1;14917;6952;30547;5518;33046;178713;204;75;7800;0,042573386066714396;0,03663426381279768;0;0;0,8715050540342654;0;0;0;0,04928729608622254
278500;13,552;-30,0;-1;-1;14999;7007;30547;5518;34343;178713;204;75;7866;0,052306702153382824;0,03973906966594441;0;0;0,8546332337165499;0;0;0;0,0533209944641228
280000;13,628;-36,0;-1;-1;15080;7073;30547;5518;35621;178713;204;75;7941;0,015543593943332813;0,011656041824721129;0;0;0,23467961536120607;0,7226034062346215;0;0;0,015517342636118365
281500;13,704;-36,0;-1;-1;15112;7088;30547;5518;35944;179814;204;75;7970;0;0,010672056670080568;0,1119996776400113;0,00791487973105586;0,20699949139670668;0,6483384812017858;0;0;0,014075413360359874
283000;13,784;-35,0;-1;-1;15112;7098;30705;5529;36274;180788;204;75;7987;0;0,011913051961856302;0;0,008815063209783343;0,24617844174926834;0,7173354932835162;1,2489515611339167E-4;0;0,01563305463946235
284500;13,857;-35,0;-1;-1;15112;7110;30705;5551;36596;181912;204;75;8007;0;0,011746008379995425;0;0,008606240069184689;0,23363452257250245;0,7307230981835501;0;0;0,015290130794767348
286000;13,93;-37,0;-1;-1;15112;7129;30705;5558;36958;182988;204;75;8043;0;0,015475625354735146;0;0,011381790710702324;0;0,953196845202949;0;0;0,019945738731613358
287500;14,005;-38,0;-1;-1;15112;7154;30705;5571;36958;184415;204;75;8078;0,021164591808342695;0,015389521142138724;0;0,011375512492355484;0;0,9323090837949015;0;0;0,01976129076226174
289000;14,071;-35,0;-1;-1;15141;7179;30705;5586;36958;185820;204;75;8104;0,02096446054375739;0,015207794982407558;0;0,011257128807731168;0;0,9525706156661039;0;0;0
290500;14,129;-35,0;-1;-1;15167;7202;30705;5607;36958;187250;204;75;8104;0,02043016225826633;0,014863898868769243;0;0,010948331954257663;0;0,9537576069187068;0;0;0
292000;14,196;-36,0;-1;-1;15212;7239;30709;5627;36958;188666;206;76;8109;0,01747157803288795;0,01129956312468632;0;0,008287243707649402;0,22598648833032595;0,7368353760085451;1,1975079590531919E-4;0;0
293500;14,277;-35,0;-1;-1;15238;7252;30709;5641;37300;189771;206;76;8109;0,01556653062743827;0,010078891236257078;0,10997129282534583;0,007363734169863172;0,19784920569478046;0,6591703454463151;0;0;0
295000;14,348;-34,0;-1;-1;15258;7261;30846;5651;37632;190763;206;76;8109;0,017737476408171783;0,010263283351492992;0;0,007477995723377043;0,2266271646755705;0,7243683726350587;0;0;0,01352570720632884
296500;14,417;-33,0;-1;-1;15280;7278;30846;5663;37951;191872;206;76;8130;0,022609651201771837;0,013058986368237099;0;0,009461707945988995;0;0,9377854777049235;0;0;0,017084176779078582
298000;14,508;-36,0;-1;-1;15312;7293;30846;5679;37951;193278;206;76;8161;0,36379353114440804;0,21127909004814474;0;0,15229087383100354;0;0;0;0;0,2726365049764437
299500;14,573;-28,0;-1;-1;15759;7707;30846;5930;37951;193278;206;76;8549;0,2713781985501051;0,282501994817543;0;0,19636437071200472;0;0;0;0;0,24975543592034719
301000;14,627;-28,0;-1;-1;16177;8137;30846;6209;37951;193278;206;76;8922;0,2822186851959384;0,27829566175684717;0;0,19121099261504057;0;0;0;0;0,24827466043217392
302500;14,691;-29,0;-1;-1;16638;8538;30846;6493;37951;193278;206;76;9276;0,05847014088537556;0,04965182918812942;0;0,033457665860877756;0,8132876072244413;0;4,0132081672958575E-4;0;0,04473143602444646
304000;14,753;-29,0;-1;-1;16722;8618;30846;6557;39146;193278;207;76;9352;0;0,014079538395006752;0;0,009422395903035483;0,21104971653057544;0,752639045137693;1,1487643062344984E-4;0;0,012694427603065992
305500;14,817;-41,0;-1;-1;16722;8638;30846;6563;39443;194435;207;76;9372;0;0,01408651331944261;0;0,009470509580095281;0,20627263904202126;0,757460968158824;0;0;0,012709369899616829
307000;14,881;-41,0;-1;-1;16722;8654;30846;6574;39730;195599;207;76;9394;0;0,012932539179015101;0,10887713894645046;0,008692510194108067;0,1848931828436128;0,6846046288368136;0;0;0
308500;14,946;-42,0;-1;-1;16723;8690;31004;6588;39991;196657;209;78;9395;0;0,04127476866242417;0,34612142951273667;0,027961766865356757;0,5846420349594824;0;0;0;0
310000;15,009;-42,0;-1;-1;16723;8758;31528;6638;40849;196657;209;78;9395;0,05170484222335043;0,0411281741009325;0,3310084298137703;0,02778201761121451;0,5483765362507322;0;0;0;0
311500;15,071;-42,0;-1;-1;16809;8834;32028;6686;41639;196657;209;78;9395;0;0,04510761369277878;0,35104817276717115;0,030493460233648077;0,5729583406035271;0;3,9241270287484705E-4;0;0
313000;15,132;-38,0;-1;-1;16809;8890;32572;6730;42495;196657;209;78;9395;0;0,04206497705973862;0,29675877417997143;0,04388202046194168;0,5822224895080194;0;0;0;0,03507173879032894
314500;15,192;-40,0;-1;-1;16809;8965;33019;6804;43348;196657;209;78;9446;0;0,016744075574055526;0,12376294197870727;0,01719924006344635;0;0,8282478541376268;0;0;0,014045888246164118
316000;15,247;-45,0;-1;-1;16809;8998;33190;6826;43348;197910;209;78;9467;0;0,11025695630489002;0,7143472547783745;0,09634304673518446;0;0;0;0;0,07905274218155102
317500;15,306;-45,0;-1;-1;16809;9172;34241;6971;43348;197910;209;78;9597;0;0,11539020907498311;0,7025417125394346;0,09867317744647501;0;0;0;0;0,08339490093910708
319000;15,364;-45,0;-1;-1;16809;9330;35293;7146;43348;197910;209;78;9712;0,11495799782716731;0,10710284687805026;0,6118951773249363;0,08798793578597779;0;0;0;0;0,07805604218386845
320500;15,422;-30,0;-1;-1;16996;9462;36221;7269;43348;197910;209;78;9842;0,0524807615645447;0;0,28361427860708555;0,035422196506706194;0,5755310582996067;0;3,3847520652012715E-4;0;0,05261322981553672
322000;15,481;-30,0;-1;-1;17055;9462;36663;7329;44206;197910;209;78;9923;0,05808353415002088;0;0,3040095683219969;0,03857300346259986;0,5993338940653824;0;0;0;0
323500;15,541;-33,0;-1;-1;17132;9462;37103;7391;45127;197910;209;78;9923;0,016487445866317507;0;0,08985526191094761;0,014153348028388184;0,18726690766765752;0,6922370365266892;0;0;0
325000;15,608;-34,0;-1;-1;17154;9473;37239;7412;45417;198949;212;80;9929;0,02048524926426093;0;0,11060462432794506;0,017490162016460958;0;0,851419964391333;0;0;0
326500;15,667;-37,0;-1;-1;17191;9473;37401;7432;45417;200230;212;80;9929;0,020252701204023206;0,01767155127014235;0,10852583218096815;0,017270034880238205;0;0,8362798804646281;0;0;0
328000;15,724;-37,0;-1;-1;17218;9497;37565;7451;45417;201496;212;80;9929;0,02179885028449164;0,018974901805532848;0;0,018524362062655446;0;0,9184007664849663;0;0;0,022301119362353756
329500;15,788;-33,0;-1;-1;17262;9522;37565;7474;45417;202881;212;80;9952;0;0,018945259188647222;0;0,01844558368523129;0;0,9403345309807409;0;0;0,022274626145380717
331000;15,847;-38,0;-1;-1;17262;9552;37565;7501;45417;204291;212;80;9985;0;0,014914092605531427;0;0,014480492430450203;0,19690452832028235;0,7560806056370134;1,1593881446000808E-4;0;0,017504342192262438
332500;15,897;-35,0;-1;-1;17262;9581;37565;7524;45741;205381;212;80;10019;0;0,016784827011794696;0;0,013954084513139165;0,1998931657574034;0,74971701659684;0;0;0,019650906120822806
334000;15,96;-36,0;-1;-1;17262;9608;37565;7544;46040;206503;212;80;10051;0;0,015160824917582538;0,08493332331998933;0,012598431202394894;0,19358520454144637;0,6937222160185869;0;0;0
335500;16,02;-40,0;-1;-1;17262;9636;37706;7567;46338;207513;212;80;10051;0,016185348492912574;0,015851147347442994;0;0,013147533590399703;0,21233601681153916;0,7424799537577056;0;0;0
337000;16,08;-32,0;-1;-1;17278;9661;37706;7585;46659;208633;212;80;10051;0,020199601739865822;0,019690022822146214;0;0,016323395727098917;0;0,9437869797108891;0;0;0
338500;16,141;-38,0;-1;-1;17308;9693;37706;7613;46659;210043;212;80;10051;0,019609428506772136;0,019040490102232854;0;0,015743578865199233;0;0,9456065025257958;0;0;0
340000;16,204;-38,0;-1;-1;17330;9720;37706;7635;46659;211472;212;80;10051;0,0187812832426233;0,018157218369801796;0;0,014977534729215314;0;0,9260447057954263;0;0;0,022039257862933287
341500;16,284;-33,0;-1;-1;17364;9769;37711;7657;46662;212842;213;81;10095;0,018963699390155513;0,021076765436547587;0;0,01508041637373144;0;0,9448791187995654;0;0;0
343000;16,345;-37,0;-1;-1;17390;9800;37711;7677;46662;214265;213;81;10095;0,01393332776534064;0,015413833844531053;0,078330192184442;0,011031385578332116;0,1909404936985367;0,6902552124127453;9,555451607218153E-5;0;0
345000;16,434;-30,0;-1;-1;17420;9830;37883;7709;47027;215635;214;81;10095;0,01706165806722407;0;0,1012825380722966;0,013378687008929049;0;0,868160274637453;1,1684221409727804E-4;0;0
346500;16,498;-31,0;-1;-1;17447;9830;38042;7727;47027;216931;214;81;10095;0,016971974503032033;0;0,09968741192378991;0,013267376826808886;0;0,8700732367463692;0;0;0
348000;16,575;-39,0;-1;-1;17466;9830;38173;7745;47027;218263;214;81;10095;0,017089898790456515;0;0,09937613222444466;0,013293173642583993;0;0,8702407953425149;0;0;0
349500;16,641;-39,0;-1;-1;17502;9830;38327;7766;47027;219552;214;81;10095;0,016965149997401636;0;0,0978017162800342;0,01316473635236062;0;0,851657911400582;0;0;0,02041048596962149
351000;16,707;-32,0;-1;-1;17532;9830;38470;7781;47027;220831;214;81;10128;0,0998612255279247;0,11316971936892717;0,589897321156339;0,07747387477210627;0;0;0;0;0,11959785917470302
352500;16,774;-27,0;-1;-1;17664;10000;39385;7901;47027;220831;214;81;10291;0;0,06001657285514929;0,250576250388784;0,05055370149096911;0,5830551031848681;0;2,9999051901157437E-4;0;0,05549838156121783
354000;16,843;-32,0;-1;-1;17664;10082;39774;7974;47892;220831;215;81;10381;0;0,06279121190506581;0,26732283814454927;0,05243177089044542;0,6171339056391564;0;3,2027342078303443E-4;0;0
355500;16,912;-33,0;-1;-1;17664;10182;40161;8075;48803;220831;216;81;10381;0;0,08778553046198441;0;0,07203637493207125;0,8401780946059443;0;0;0;0
356500;16,959;-35,0;-1;-1;17664;10288;40161;8146;49626;220831;216;81;10381;0;0,019744238274700034;0;0,01621396930246483;0,1862934557807214;0,7777483366421136;0;0;0
358000;17,033;-37,0;-1;-1;17665;10334;40169;8180;49884;222013;218;81;10383;0,015072517468588785;0,019467792445304416;0;0,015970370952815394;0,1817485144620746;0,7677408046712169;0;0;0
359500;17,083;-34,0;-1;-1;17680;10361;40169;8202;50169;223164;218;81;10383;0;0,01909453809752277;0;0,015632882847548584;0,18357904327072264;0,7623279577505006;0;0;0,0193655780337055
361000;17,13;-39,0;-1;-1;17680;10391;40169;8229;50446;224307;218;81;10406;0;0,021054770021137155;0,09525994215921842;0,017197397915287464;0;0,8449927638310488;1,1487609115082731E-4;0;0,021380249982157432
362500;17,181;-36,0;-1;-1;17680;10420;40286;8255;50446;225607;219;81;10433;0;0,02291292990265084;0;0,018702025721687224;0;0,934984412545561;1,252760559130353E-4;0;0,02327535577418783
364000;17,252;-38,0;-1;-1;17680;10453;40286;8274;50446;227028;219;81;10460;0;0,023085342475905886;0;0,0188906188670541;0;0,9345308994052102;0;0;0,023493139251829966
365500;17,322;-34,0;-1;-1;17680;10485;40286;8310;50446;228425;219;81;10495;0;0,022817540806194372;0;0,01854381777248377;0;0,9354527299939736;0;0;0,023185911427348438
367000;17,392;-41,0;-1;-1;17680;10522;40286;8334;50446;229825;219;81;10534;0,01502883829554895;0,018298594998766366;0;0,014892386491033508;0,18265942440446015;0,7505582887304035;0;0;0,018562467079787412
368500;17,465;-34,0;-1;-1;17710;10551;40286;8358;50738;230919;219;81;10565;0,015078155815550847;0,018299354716435855;0;0,01860606537304071;0,18713104452025336;0,7608853795747191;0;0;0
370000;17,538;-36,0;-1;-1;17735;10581;40286;8384;51044;232032;219;81;10565;0,016867031696538696;0,02037044506247281;0,09790332725228729;0,020649356155430183;0;0,8440910820509959;1,1875778227516872E-4;0;0
371500;17,597;-39,0;-1;-1;17761;10615;40454;8415;51044;233273;219;81;10565;0,0169964182377466;0,020413175112135633;0,09767372710860693;0,02064800971867491;0;0,844268669822836;0;0;0
373000;17,64;-37,0;-1;-1;17782;10633;40617;8444;51044;234542;219;81;10565;0,018583383991424153;0,022301107430413348;0;0,022456223442298685;0;0,9366592851358637;0;0;0
374500;17,69;-31,0;-1;-1;17798;10675;40624;8469;51045;235972;222;82;10565;0,018076157284897434;0,021523100442587918;0;0,021718075638874304;0;0,9160339761325373;0;0;0,022648690501102988
376000;17,759;-23,0;-1;-1;17828;10705;40624;8508;51045;237337;222;82;10601;0,015003092381206774;0,017808632544715448;0;0;0,18572766755536688;0,7627768882547714;0;0;0,018683719263939545
377500;17,826;-37,0;-1;-1;17853;10734;40624;8508;51307;238493;222;82;10629;0,01813898022146923;0,021444611691253567;0;0;0;0,9379242322333284;0;0;0,022492175853948703
379000;17,891;-31,0;-1;-1;17876;10764;40624;8508;51307;239891;222;82;10678;0,016120685854721456;0,01898063425317613;0,09382464839182948;0;0;0,8512062057760348;1,1365102549388279E-4;0;0,01975417469874411
380500;17,949;-35,0;-1;-1;17901;10785;40764;8508;51307;241179;222;82;10704;0,0162253061076049;0,0190787120133776;0,09676744802249826;0;0;0,8480991565490876;0;0;0,01982937730743163
382000;18,003;-37,0;-1;-1;17929;10815;40907;8508;51307;242452;222;82;10730;0,0949706871378379;0,11130101761687729;0,5627499897099165;0,11514986442667678;0;0;0;0;0,1158284411086914
383500;18,065;-31,0;-1;-1;18082;10966;41776;8661;51307;242452;222;82;10904;0,10966319772170889;0,13468498642346277;0,6258612421137494;0,12979057374107897;0;0;0;0;0
385000;18,13;-31,0;-1;-1;18252;11164;42727;8842;51307;242452;222;82;10904;0,0509771262844415;0,06114359083188691;0,2753675590232618;0,05762635796558164;0,5548853658948281;0;0;0;0
386500;18,197;-27,0;-1;-1;18329;11262;43127;8914;52160;242452;222;82;10904;0,0574397856969389;0;0,30135386452648466;0,05809155146729698;0,5831147983092796;0;0;0;0
388000;18,258;-28,0;-1;-1;18415;11262;43567;9008;53040;242452;222;82;10904;0,016655396049272304;0;0,08560125444382104;0,016485187312251192;0,16451351111602072;0,7167446510786347;0;0;0
389500;18,324;-40,0;-1;-1;18436;11262;43698;9030;53270;243548;222;82;10904;0,01783696701798322;0;0;0,017563446421681717;0,17721354321585656;0,77021784788206;1,0624192853937729E-4;0;0,017061953533878946
391000;18,402;-23,0;-1;-1;18473;11278;43704;9056;53525;244700;227;82;10934;0,021694205007186836;0;0;0,02129579377836102;0;0,9361618416538059;1,249453160955657E-4;0;0,020723214244550738
392500;18,469;-37,0;-1;-1;18509;11278;43704;9080;53525;246111;227;82;10963;0,020945719722145553;0,02335449655740708;0;0,020518151972896227;0;0,9152088350947989;0;0;0,019972796652752443
394000;18,539;-39,0;-1;-1;18540;11316;43704;9120;53525;247473;227;82;10992;0;0,026184919347076452;0;0,024700109322890598;0;0,9292767681911155;0;0;0,019838203138917508
395500;18,606;-29,0;-1;-1;18540;11344;43704;9169;53525;248866;227;82;11022;0;0,023284465892791283;0,09793221795847132;0,021687804601180357;0;0,8394746735022487;0;0;0,017620838045308427
397000;18,678;-34,0;-1;-1;18540;11384;43835;9204;53525;250127;227;82;11055;0;0,02071591672328051;0;0,01922922626218267;0,171653328695305;0,7703067275322973;0;0;0,01809480078693453
398500;18,748;-32,0;-1;-1;18540;11415;43835;9235;53785;251285;227;82;11075;0;0,02312315714747562;0;0;0,17466851429800848;0,784134701701385;9,917377215369131E-5;0;0,017974453080977268
400000;18,819;-35,0;-1;-1;18540;11448;43835;9235;54043;252472;227;82;11097;0,016825583910686906;0,022768480775857955;0;0;0,1733364428791253;0,769320618963819;0;0;0,017748873470510677
401500;18,889;-40,0;-1;-1;18571;11488;43835;9235;54303;253621;227;82;11117;0,02032216071699691;0,027346254117796974;0;0;0;0,9308767977620012;0;0;0,021454787403204986
403000;18,958;-34,0;-1;-1;18600;11529;43835;9235;54303;255020;227;82;11148;0,019912081865619945;0,026619222675217317;0;0;0;0,9325428797362871;0;0;0,02092581572287575
404500;19,012;-39,0;-1;-1;18635;11558;43835;9235;54303;256423;227;82;11181;0,01770829092761422;0,023640791003311724;0,09323436443476119;0,020300516929227543;0;0,8265570685336512;0;0;0,01855896817143421
406000;19,075;-36,0;-1;-1;18662;11590;43996;9265;54303;257645;227;82;11209;0,019029785867376012;0,02531062830431686;0;0,026221980106319487;0;0,9095426549771933;0;0;0,019894950744794238
407500;19,139;-41,0;-1;-1;18691;11653;44006;9306;54304;258999;227;83;11242;0,016264968138364887;0;0;0,022171718004260505;0,1693334814545655;0,775198700547709;9,889313897457217E-5;0;0,016932238716125564
409000;19,188;-37,0;-1;-1;18721;11653;44006;9340;54553;260165;227;83;11263;0,015840206859048148;0;0;0,0214678501538391;0,1727643999159901;0,7734419923201477;0;0;0,01648555075097494
410500;19,26;-38,0;-1;-1;18744;11653;44006;9366;54802;261347;227;83;11283;0,07077160106225604;0;0;0,0952900794379662;0,7603842646535408;0;0;0;0,07355405484623685
412000;19,324;-24,0;-1;-1;18865;11653;44006;9482;55964;261347;227;83;11384;0,06515360157784561;0;0;0,07820267908047486;0,7864089479030707;0;0;0;0,07023477143860879
413500;19,39;-34,0;-1;-1;18957;11653;44006;9592;57168;261347;227;83;11478;0,061018803142830584;0,07066749223166416;0;0,06510851054994804;0,7437541799042737;0;0;0;0,05945101417128356
415000;19,46;-30,0;-1;-1;19049;11760;44006;9682;58289;261347;227;83;11568;0,04856785775148444;0;0,22861722930555986;0,05095533949919389;0,6249622140634621;0;0;0;0,0468973593802997
416500;19,523;-37,0;-1;-1;19119;11760;44362;9761;59212;261347;227;83;11640;0,018474324769060555;0;0;0,01742981703019862;0,21400603194974027;0,733920715316597;0;0;0,016169110934403604
418000;19,593;-36,0;-1;-1;19139;11760;44362;9792;59517;262479;227;83;11652;0,02326189267885935;0;0;0,02175351499332187;0;0,934497327409063;1,186840907369718E-4;0;0,02036858082801877
419500;19,663;-39,0;-1;-1;19168;11760;44362;9822;59517;263882;227;83;11690;0,023491376202375826;0;0;0,021840102346918217;0;0,9342288026094675;0;0;0,02043971884123847
421000;19,731;-37,0;-1;-1;19201;11760;44362;9848;59517;265304;227;83;11709;0,02290352754796306;0;0;0,02120767775923997;0;0,9359398328069819;0;0;0,019948961885815176
422500;19,778;-36,0;-1;-1;19228;11760;44362;9879;59517;266723;227;83;11732;0,022174155309787235;0,024110945996301553;0;0,02042649814287705;0;0,9139986971412928;0;0;0,019289703409741312
424000;19,835;-29,0;-1;-1;19259;11823;44367;9909;59519;268086;229;83;11766;0,017786077801848668;0;0;0,01631273927829315;0,2106191652893104;0,7398682818416203;0;0;0,015413735788927315
425500;19,903;-36,0;-1;-1;19284;11823;44367;9943;59814;269206;229;83;11792;0,02261063085910447;0;0;0,02056814914913321;0;0,9372830888089616;0;0;0,01953813118280065
427000;19,969;-34,0;-1;-1;19320;11823;44367;9980;59814;270606;229;83;11819;0,020199709744538854;0;0,0891113772359508;0,018251155061801364;0;0,8550003072952715;0;0;0,017437450662437397
428500;20,029;-30,0;-1;-1;19345;11823;44507;10010;59814;271893;229;83;11837;0,02196680611355208;0;0;0,019734532492164933;0;0,9366444825752848;0;0;0,0216541788189984
430000;20,092;-41,0;-1;-1;19386;11823;44507;10038;59814;273284;229;83;11877;0,021846230421826804;0;0;0,019574131527474014;0;0,9370147460712842;1,144975994630692E-4;0;0,021450394379951852
431500;20,138;-31,0;-1;-1;19414;11823;44507;10068;59814;274696;229;83;11907;0,02151313107472283;0;0;0,019179333029904853;0;0,9353983031924328;0;0;0,023909232702939574
433000;20,208;-35,0;-1;-1;19450;11823;44507;10108;59814;276090;229;83;11937;0,016829864937255273;0,01885893621218077;0;0,014877845306123384;0,2029272070166607;0,7278353613326108;0;0;0,018670785195168897
434500;20,276;-35,0;-1;-1;19475;11844;44507;10128;60101;277205;229;83;11969;0,017333196669072445;0,019404235687167096;0;0,015284090956039815;0,2059399990135749;0,7420384776741458;0;0;0
436000;20,344;-30,0;-1;-1;19498;11876;44507;10154;60403;278322;229;83;11969;0,021494610469796973;0,023952545583696822;0;0,018850961581085218;0;0,935701882365421;0;0;0
437500;20,394;-33,0;-1;-1;19526;11900;44507;10181;60403;279743;229;83;11969;0,021564658237826464;0,02400903121785366;0;0,018849375222541008;0;0,9355769353217788;0;0;0
439000;20,443;-35,0;-1;-1;19564;11941;44507;10204;60403;281141;229;83;11969;0,021235857490784202;0,023565869931624468;0;0,018549517986599196;0;0,9366487545909921;0;0;0
440500;20,52;-39,0;-1;-1;19589;11990;44516;10234;60403;282556;230;85;11971;0,018908038297249845;0,020776226068145213;0,086884582060499;0,019655799553414698;0;0,8324526596260368;0;0;0,021322694394654576
442000;20,59;-39,0;-1;-1;19613;12013;44654;10265;60403;283808;230;85;12003;0;0,017293944636070063;0,07187151870527748;0,01627679263284236;0,19123308771630937;0,6856261627850299;0;0;0,017698493524470896
443500;20,666;-35,0;-1;-1;19613;12041;44752;10288;60708;284828;230;85;12029;0;0,01796935746834463;0;0,016900026573570294;0,20864653624494744;0,7380843033957317;0;0;0,018399776317405938
445000;20,741;-39,0;-1;-1;19613;12061;44752;10306;61032;285935;230;85;12060;0;0,017763958173449772;0;0,016691700386505772;0,21246640855099527;0,7530779328890492;0;0;0
446500;20,811;-38,0;-1;-1;19613;12084;44752;10339;61358;287053;230;85;12060;0;0,017528544332732106;0;0,0163742217344693;0,20952983492182467;0,7565673990109739;0;0;0
448000;20,882;-33,0;-1;-1;19613;12110;44752;10371;61686;288167;230;85;12060;0,015953054992352708;0,01695265502723189;0;0,01575120210512826;0,2026454951314703;0,748697592743817;0;0;0
449500;20,953;-36,0;-1;-1;19642;12138;44752;10394;61986;289287;230;85;12060;0,021626552026111617;0,019277884911768343;0,08257490647392404;0,01790845793298142;0;0,8586121986552145;0;0;0
451000;21,021;-32,0;-1;-1;19676;12164;44870;10420;61986;290583;230;85;12060;0,02273311418308501;0,020252581600991196;0;0,01877313327598406;0;0,9168773899338556;0;0;0,02136378100608418
452500;21,067;-36,0;-1;-1;19707;12197;44870;10440;61986;291975;230;85;12084;0,022465901139856494;0;0;0,022054350802098787;0;0,9343733642701386;0;0;0,021106383787906267
454000;21,115;-22,0;-1;-1;19750;12197;44870;10466;61986;293370;230;85;12120;0,02185768894756865;0;0;0,02145606155161879;0;0,9361841410733667;0;0;0,0205021084274459
455500;21,204;-33,0;-1;-1;19778;12197;44870;10497;61986;294783;230;85;12148;0,017442633379039316;0;0;0,016939447933994198;0,1943919568378439;0,7549888757387404;0;0;0,016237086110382097
457000;21,295;-33,0;-1;-1;19800;12214;44878;10515;62279;295917;231;85;12182;0,02170130027383826;0;0;0,02102674195071602;0;0,9371955753409376;0;0;0,020076382434508103
458500;21,369;-33,0;-1;-1;19834;12214;44878;10550;62279;297308;231;85;12222;0,020869899458157974;0,017452679206174174;0,07539189110190098;0,018468483507091047;0;0,8501662851841774;0;0;0,017650761542498516
460000;21,422;-30,0;-1;-1;19867;12237;44993;10569;62279;298599;231;85;12241;0,02444375687780184;0,01737372063968259;0,07702237980757476;0,01839557330176377;0;0,8627645693731769;0;0;0
461500;21,469;-34,0;-1;-1;19898;12275;45102;10595;62279;299895;231;85;12241;0,02384206300282789;0;0,0793120248055967;0,021123900082854447;0;0,875722012108721;0;0;0
463000;21,517;-41,0;-1;-1;19938;12275;45211;10626;62279;301215;231;85;12241;0,023681242386832047;0;0,07868234713588573;0,020935907038830963;0;0,8767005034384513;0;0;0
464500;21,573;-32,0;-1;-1;19973;12275;45329;10656;62279;302532;231;85;12241;0,019168598345721936;0;0,06347049443154543;0,016881589383584195;0,1707506680953005;0,7297286497438479;0;0;0
466000;21,641;-36,0;-1;-1;20005;12275;45411;10681;62538;303634;231;85;12241;0,022513992340091517;0;0,07662159207435587;0,019764756898209994;0;0,8645138973959862;0;0;0,016585761291356298
467500;21,716;-41,0;-1;-1;20040;12275;45537;10707;62538;304923;231;85;12265;0,02401015849152289;0,01748339672621705;0;0,021012184992972596;0;0,9198067477695363;0;0;0,017687512019751234
469000;21,786;-33,0;-1;-1;20071;12303;45537;10737;62538;306311;231;85;12288;0;0,020036284284537454;0;0,021370284008681486;0;0,9405193144217536;0;0;0,018074117285027474
470500;21,859;-44,0;-1;-1;20071;12333;45537;10761;62538;307721;231;85;12324;0;0,019919863255436997;0;0,021247689537522048;0;0,9409034598946255;0;0;0,017928987312415365
472000;21,925;-30,0;-1;-1;20071;12356;45537;10796;62538;309142;231;85;12345;0;0,019183708703145903;0;0,020333860881386008;0;0,9432130315257286;0;0;0,01726939888973968
473500;21,999;-21,0;-1;-1;20073;12394;45542;10824;62539;310564;233;86;12370;0;0,01761583259075537;0,07562544048010031;0,018692987486264443;0;0,8721455236535418;0;0;0,015920215789337985
475000;22,07;-40,0;-1;-1;20074;12438;45667;10859;62539;311864;233;87;12394;0,01928015815467427;0,015105293221094497;0;0,016040689090622975;0,17242849480273825;0,7634139766435065;0;0;0,013731388087363391
476500;22,137;-33,0;-1;-1;20105;12456;45667;10886;62812;313003;233;87;12406;0,023216004270882686;0,0182136892384864;0;0,019240422256008815;0;0,9227473498200488;0;0;0,016582534414573438
478000;22,211;-31,0;-1;-1;20146;12502;45671;10903;62812;314404;235;88;12432;0,02518896036597593;0;0;0,01935407544525224;0;0,9388060424259249;0;0;0,01665092176284683
479500;22,277;-39,0;-1;-1;20180;12502;45671;10928;62812;315823;235;88;12454;0,02526011536378635;0;0;0,019362714365597656;0;0,9386711411900565;0;0;0,016706029080559386
481000;22,347;-41,0;-1;-1;20201;12502;45671;10960;62812;317256;235;88;12468;0,025014167728065934;0;0;0,019031070355802555;0;0,9394083242108191;0;0;0,016546437705312382
482500;22,416;-42,0;-1;-1;20241;12526;45673;10983;62814;318666;235;88;12495;0,023288848884799408;0;0,0750717387761967;0,01771756739770562;0;0,8685151761925113;0;0;0,01540666874878688
484000;22,474;-35,0;-1;-1;20266;12526;45779;11016;62814;319971;235;88;12526;0,02298892667903361;0,01689408379202421;0,07589718486295391;0,0203766447644331;0;0,8638431599015552;0;0;0
485500;22,535;-33,0;-1;-1;20300;12554;45885;11046;62814;321273;235;88;12526;0,024759642351279008;0,018175099835627456;0;0,02185281408660495;0;0,9352124437264886;0;0;0
487000;22,596;-33,0;-1;-1;20341;12575;45885;11085;62814;322672;235;88;12526;0,020200247764394934;0,014861665966250619;0;0,01773655320722749;0,17564055407277657;0,7715609789893504;0;0;0
488500;22,661;-42,0;-1;-1;20363;12621;45888;11119;63077;323834;236;89;12529;0,024451564561429204;0,017857158377231536;0;0,021322475671216017;0;0,9363688013901232;0;0;0
490000;22,717;-42,0;-1;-1;20393;12644;45888;11145;63077;325255;236;89;12529;0,02426727643678831;0,01771216611553083;0;0,02109801479609158;0;0,9205603693220787;0;0;0,016362173329510624
491500;22,78;-34,0;-1;-1;20424;12674;45888;11179;63077;326635;236;89;12554;0,022559841594926456;0;0,07601531330691308;0,01950414386023469;0;0,8667267433966188;0;0;0,015193957841306923
493000;22,847;-36,0;-1;-1;20468;12674;45999;11206;63077;327931;236;89;12576;0,02804822768106917;0;0;0,02080687169343295;0;0,9348878729323625;0;0;0,016257027693135452
494500;22,911;-34,0;-1;-1;20511;12674;45999;11238;63077;329333;236;89;12599;0,032180056096062795;0;0;0,020556142550602414;0;0,9311352232402031;0;0;0,016128578113131654
496000;22,982;-35,0;-1;-1;20560;12698;46003;11272;63077;330729;236;89;12620;0,03106784143205565;0;0;0,019795011201071255;0;0,9335028184712928;0;0;0,015634328895580196
497500;23,051;-34,0;-1;-1;20615;12698;46003;11297;63077;332121;236;89;12648;0,030116277810459804;0,01681996916224133;0;0,019240342155441098;0;0,9186139980252073;0;0;0,015209412846650453
499000;23,118;-33,0;-1;-1;20656;12724;46003;11317;63077;333509;236;89;12673;0;0,0172192600473128;0;0,019701483762966272;0;0,9475113161853893;0;0;0,015567940004331593
500500;23,182;-40,0;-1;-1;20656;12746;46003;11338;63077;334947;236;89;12692;0;0,013403486110089433;0,06257029531051117;0,015316919965016721;0,16299190505293484;0,7336006167603806;0;0;0,012116776801067219
502000;23,25;-35,0;-1;-1;20656;12767;46108;11365;63313;336046;236;89;12704;0;0,014110522556262748;0;0,018714771229308924;0,17769296540934998;0,7766912873261073;0;0;0,012790453478971155
503500;23,316;-36,0;-1;-1;20656;12790;46108;11386;63554;337235;236;89;12730;0;0,01690188822622088;0;0,02239770094419911;0;0,9454002886145892;0;0;0,015300122214990731
505000;23,366;-37,0;-1;-1;20656;12845;46110;11415;63556;338659;236;90;12750;0,029718830825789997;0,016103673939289555;0;0,021453720177857807;0;0,918032608205061;0;0;0,01469116685200147
506500;23,425;-33,0;-1;-1;20702;12878;46110;11446;63556;340024;236;90;12775;0;0,0164696865083204;0;0,021904041136712783;0;0,9465810131877527;0;0;0,015045259167214295
508000;23,495;-42,0;-1;-1;20702;12899;46110;11485;63556;341441;236;90;12798;0;0,01645113899575038;0;0,02168922467767435;0;0,946841381138454;0;0;0,015018255188121353
509500;23,569;-42,0;-1;-1;20702;12922;46110;11517;63556;342866;236;90;12818;0;0,013690897539847698;0;0,017955181339468874;0,17659789835845777;0,7792452282761997;0;0;0,012510794486025925
511000;23,643;-37,0;-1;-1;20702;12945;46110;11545;63821;344037;236;90;12831;0;0,015213326198121279;0,07627054997865206;0,019873878636773968;0;0,8746998675255637;0;0;0,013942377660889021
512500;23,714;-33,0;-1;-1;20702;12968;46213;11569;63821;345371;236;90;12847;0;0,018326927423062148;0;0,021355643096198817;0;0,9452688664007216;0;0;0,015048563080017391
514000;23,784;-41,0;-1;-1;20702;13002;46213;11623;63821;346769;236;90;12861;0,030228534080271405;0,017631654328037507;0;0,023537446890105066;0;0,9140434143061265;0;0;0,014558950395459569
515500;23,855;-41,0;-1;-1;20757;13057;46216;11663;63821;348113;236;90;12887;0,030805716081830543;0,017897340693155878;0;0,02390697197128422;0;0,9273899712537295;0;0;0
517000;23,923;-36,0;-1;-1;20813;13084;46216;11694;63821;349499;236;90;12887;0,032709443502881595;0,019811978319109618;0;0,023648411630097652;0;0,9238301665479112;0;0;0
518500;23,989;-36,0;-1;-1;20862;13120;46216;11735;63821;350873;236;90;12887;0,026954956770716628;0,01632061978123738;0;0,019399639225759033;0,18043410216225017;0,7568906820600367;0;0;0
520000;24,056;-34,0;-1;-1;20887;13142;46216;11759;64107;352016;236;90;12887;0,0324826409269484;0,021849374416223644;0;0,023295459916036786;0;0,9223725247407912;0;0;0
521500;24,127;-32,0;-1;-1;20948;13179;46216;11797;64107;353380;236;90;12887;0,033807041531397394;0,02124574104836829;0;0,022577506753903645;0;0,9076189465935729;0;0;0,014750764072757827
523000;24,194;-29,0;-1;-1;20992;13213;46216;11837;64107;354737;236;90;12912;0;0,02019118296016993;0,07787798790436117;0,0213555603062149;0;0,8665274640829642;0;0;0,014047804746289751
524500;24,263;-37,0;-1;-1;20992;13242;46330;11876;64107;356035;236;90;12932;0;0,021841761848231087;0;0,022983189655511712;0;0,9399320338011012;0;0;0,015243014695156062
526000;24,332;-40,0;-1;-1;20992;13274;46330;11910;64107;357449;236;90;12952;0;0,02188120579811226;0;0,022969145341551797;0;0,939831644113847;0;0;0,015318004746488896
527500;24,407;-40,0;-1;-1;20992;13336;46335;11951;64108;358838;238;91;12982;0;0,021842383480958454;0;0,022993943188703674;0;0,9397429188860476;0;0;0,015420754444290434
529000;24,488;-37,0;-1;-1;20992;13368;46335;11982;64108;360248;238;91;13009;0,028476797050650586;0,018958789953746665;0;0,017965693447759893;0,17898526855881633;0,7435315831793333;0;0;0,012081867809693116
530500;24,555;-36,0;-1;-1;21031;13392;46335;12011;64367;361375;238;91;13031;0;0,019145516578506955;0;0,023862097616045408;0,18684833010338625;0,7579437872252641;0;0;0,012200268476797437
532000;24,623;-35,0;-1;-1;21031;13419;46335;12048;64662;362495;238;91;13052;0;0,023208729356173435;0;0,028772649134339936;0;0,933208610855444;0;0;0,014810010654042452
533500;24,692;-24,0;-1;-1;21031;13445;46335;12086;64662;363911;238;91;13072;0;0,02317735175070516;0;0,02857183041874924;0;0,9334365980879085;0;0;0,01481421974263732
535000;24,758;-32,0;-1;-1;21031;13473;46335;12131;64662;365320;238;91;13090;0;0,023092538467378205;0;0,028252565210254908;0;0,9338627826336063;0;0;0,014792113688760444
536500;24,825;-30,0;-1;-1;21031;13509;46335;12178;64662;366719;238;91;13108;0;0,021083045218494204;0,07883519267301912;0,025635247207400916;0;0,8608824550552613;0;0;0,013564059845824435
538000;24,898;-38,0;-1;-1;21031;13534;46468;12206;64662;368009;238;91;13132;0,02820298547915189;0,01999089958489443;0;0,02191562374946102;0,17988624734686479;0,7383768992873649;0;0;0,011627344552262942
539500;24,965;-35,0;-1;-1;21060;13567;46468;12233;64936;369130;238;91;13148;0,028293955944003284;0;0;0,024991816331734713;0,18626837694971207;0,7487644111572558;0;0;0,011681439617294134
541000;25,032;-36,0;-1;-1;21098;13587;46470;12287;65201;370260;239;93;13169;0,11341118551741468;0;0;0,09921558011326627;0,7404683402355269;0;0;0;0,04690489413379224
542500;25,094;-27,0;-1;-1;21272;13587;46470;12446;66299;370260;239;93;13238;0,11011465847248937;0;0;0,08845937703396664;0,7583912636713289;0;0;0;0,04303470082221515
544000;25,156;-29,0;-1;-1;21443;13587;46470;12591;67431;370260;239;93;13290;0,11839326126876107;0;0;0,09985462313743688;0,7377110964682504;0;0;0;0,044041019125551736
545500;25,219;-27,0;-1;-1;21638;13587;46470;12759;68509;370260;239;93;13349;0,10530959517761532;0,0718395677868525;0;0,09901806236426225;0,6838999576469483;0;0;0;0,03993281702432169
547000;25,282;-28,0;-1;-1;21806;13693;46470;12914;69524;370260;239;93;13405;0,03428760317156484;0,02348095652973472;0;0,03174943416349428;0;0,8972875832280095;0;0;0,013194422907196544
548500;25,344;-36,0;-1;-1;21858;13731;46470;12971;69524;371590;239;93;13428;0,0375900092858518;0,024086050300454555;0;0;0;0,9247484157558772;0;0;0,013575524657816286
550000;25,409;-30,0;-1;-1;21917;13774;46470;12971;69524;372974;239;93;13442;0,03422482969301064;0,021921074662652255;0,07820656821168083;0;0;0,8532003056478743;0;0;0,012447221784782019
551500;25,47;-33,0;-1;-1;21975;13809;46599;12971;69524;374235;239;93;13459;0,23295167738202863;0,1494976333221177;0,5323192974966019;0;0;0;0;0;0,08523139179925181
553000;25,516;-23,0;-1;-1;22308;14017;47416;12971;69524;374235;239;93;13601;0,0907429129919312;0,05851526176553276;0,2229565742588794;0;0,5850223408889423;0;0;0;0,042762910094714196
554500;25,593;-27,0;-1;-1;22434;14095;47742;12971;70443;374235;239;93;13652;0,11365586811872702;0,0688723283253845;0;0,09990325515859422;0,666924497985994;0;0;0;0,050644050411300344
556000;25,669;-35,0;-1;-1;22594;14215;47747;13119;71469;374235;240;96;13724;0;0,08441875963344637;0;0,1093025541876104;0,7493981035501419;0;0;0;0,0568805826288013
557500;25,739;-35,0;-1;-1;22594;14357;47747;13298;72564;374235;240;96;13808;0;0,022689627437462816;0;0,026860169174917452;0,18707656527516464;0,750560673725385;0;0;0,01281296438706993
559000;25,811;-40,0;-1;-1;22594;14389;47747;13342;72832;375373;240;96;13826;0;0,09069721168870104;0;0,10675519524931998;0,7511723411528566;0;0;0;0,0513752519091224
560500;25,882;-41,0;-1;-1;22594;14509;47747;13511;73973;375373;240;96;13896;0;0,07158533956563355;0,22590967165382186;0,08246933505042868;0,5790306504239411;0;0;0;0,04100500330617485
562000;25,953;-41,0;-1;-1;22594;14606;48102;13643;74831;375373;240;96;13954;0,09453900419732418;0,06881186127756543;0,21568753808263375;0,07807816688064681;0,5428834295618298;0;0;0;0
563500;26,023;-26,0;-1;-1;22755;14699;48394;13749;75679;375373;240;96;13954;0,10669082535925632;0,0733069322825972;0,2415569050966412;0;0,5784453372615054;0;0;0;0
565000;26,084;-36,0;-1;-1;22907;14806;48760;13749;76554;375373;240;96;13954;0,10482745573680183;0,07210078555359703;0,23644443836794748;0;0,5866273203416537;0;0;0;0
566500;26,128;-29,0;-1;-1;23066;14924;49098;13749;77439;375373;240;96;13954;0,028014393343524988;0,019262491785130235;0,06660816798400518;0;0,16678072414821588;0,7193342227391236;0;0;0
568000;26,172;-32,0;-1;-1;23122;14951;49200;13749;77693;376434;240;96;13954;0,09513027498477178;0,06557494768499737;0,22643886934073568;0;0,5721366702490817;0;0;0;0,04071923774041338
569500;26,23;-32,0;-1;-1;23268;15047;49544;13749;78553;376434;240;96;14008;0,0925376147531023;0,06391353400441395;0,21946989550454918;0,07693395605892739;0,5471449996790072;0;0;0;0
571000;26,301;-27,0;-1;-1;23407;15153;49893;13857;79351;376434;240;96;14008;0,10169106933300426;0;0,2373545307927967;0,07880642099689733;0,5821479788773016;0;0;0;0
572500;26,369;-35,0;-1;-1;23562;15180;50251;13975;80219;376436;241;96;14009;0,10212332632256323;0;0,2439851923358309;0,07859821923990763;0,5752932621016983;0;0;0;0
574000;26,436;-35,0;-1;-1;23719;15180;50597;14103;81088;376436;241;96;14009;0,10322771431239995;0;0,24625697985828038;0,07872008793255236;0,5717952178967673;0;0;0;0
575500;26,502;-29,0;-1;-1;23893;15180;50974;14228;81912;376436;241;96;14009;0,10627733473632593;0;0,2506687776383236;0,07574371177734805;0,5673101758480025;0;0;0;0
577000;26,571;-27,0;-1;-1;24060;15180;51327;14369;82751;376436;241;96;14009;0,02659486011161622;0,019789180616463686;0,06600599009980018;0,01876903701229999;0,14697345595940833;0,7101800193990137;0;0;0,011687456801397829
579000;26,668;-32,0;-1;-1;24106;15220;51455;14412;83050;377856;241;96;14033;0,03544094958439111;0,024781106858800375;0;0,023436842063076516;0;0,9016591749627276;0;0;0,014681926531004256
580500;26,739;-37,0;-1;-1;24172;15255;51455;14443;83050;379190;241;96;14067;0,3597397501916462;0,2522580535214306;0;0,2386171205075444;0;0;0;0;0,14938507577937882
582000;26,811;-26,0;-1;-1;24728;15625;51455;14777;83050;379190;241;96;14307;0,35012555273666834;0,2544230345457641;0;0,2186987357394277;0;0;0;0;0,17675267697813996
583500;26,882;-27,0;-1;-1;25251;15997;51455;15122;83050;379190;241;96;14567;0,363386418159502;0,2491420322527775;0;0,2120549073550406;0;0;0;0;0,17541664223267991
585000;26,949;-27,0;-1;-1;25801;16367;51455;15442;83050;379190;241;96;14827;0,0858627360013611;0,05914832773101199;0,23525802210295918;0,050275106835361245;0,5272583949043564;0;0;0;0,042197412424950155
586500;27,019;-30,0;-1;-1;25952;16461;51803;15508;83837;379190;241;96;14881;0,025539771313564462;0;0,0673922265571822;0,014210550662511178;0,15094591037268276;0,7299456579366677;0;0;0,011965883157391657
588000;27,088;-37,0;-1;-1;25988;16461;51894;15529;84065;380297;241;96;14898;0,09426303235239107;0;0,2483558594611049;0,05248293180852778;0,5606645800846564;0;0;0;0,044233596293319924
589500;27,161;-29,0;-1;-1;26145;16480;52261;15613;84898;380300;242;96;14962;0,13958966389999497;0;0;0,07387650856311206;0,7307407910719764;0;0;0;0,055793036464916373
591000;27,239;-29,0;-1;-1;26358;16495;52263;15714;86016;380303;242;97;15041;0,14151973617041388;0;0;0,0754624178554152;0,7257093229842174;0;0;0;0,05730852298995342
592500;27,306;-29,0;-1;-1;26568;16495;52263;15840;87101;380303;242;97;15120;0,12594222994621687;0,08270109699528264;0;0,083804598078612;0,6559550995366374;0;0;0;0,051596975443251175
594000;27,364;-33,0;-1;-1;26753;16632;52264;15977;88100;380307;242;97;15181;0;0,09394085779544896;0;0,10735777768290498;0,7379200093242844;0;0;0;0,06078135519736167
595500;27,417;-40,0;-1;-1;26753;16772;52264;16122;89228;380307;242;97;15268;0;0,018888755514250646;0,06555030630055679;0,021511059781101554;0,15240466137881428;0,7293410802119128;0;0;0,012304136813364022
597000;27,488;-41,0;-1;-1;26753;16797;52348;16148;89460;381420;242;97;15288;0;0,07001360603335824;0,24271513598260447;0,07968137020395442;0,5619293712584579;0;0;0;0,045660516521625005
598500;27,563;-36,0;-1;-1;26754;16906;52713;16262;90333;381421;242;98;15350;0;0,0792764718619858;0,25798909657499197;0;0,614705712139111;0;0;0;0,048028719423911154
600000;27,633;-37,0;-1;-1;26754;17024;53124;16262;91223;381421;242;98;15431;0,1053532976763507;0,07124806399897111;0,2359802420353895;0;0,5440055247095209;0;0;0;0,043412871579767615
601500;27,693;-38,0;-1;-1;26913;17133;53487;16262;92031;381421;242;98;15492;0,13777957257197387;0,09324131996151241;0;0;0,7117574843092094;0;0;0;0,05722162315730427
603000;27,763;-28,0;-1;-1;27100;17263;53487;16262;93132;381421;242;98;15574;0,13703457116176623;0,09538624567047534;0;0;0,7071540031929184;0;0;0;0,06042517997484014
604500;27,836;-32,0;-1;-1;27273;17427;53488;16262;94241;381423;243;98;15652;0,1256914953877692;0,0867823539478094;0;0,09312781633927543;0,638628356459589;0;0;0;0,05576997786555687
606000;27,904;-22,0;-1;-1;27453;17557;53488;16398;95208;381423;243;98;15739;0;0,022252059465569397;0;0,021930551255394247;0,15545360374563225;0,787075927107188;0;0;0,013287858426216069
607500;27,971;-38,0;-1;-1;27453;17590;53488;16438;95434;382605;243;98;15758;0;0,024065266524505774;0,07437275687200043;0,02365453983193447;0;0,8635035659973478;0;0;0,014403870774211732
609000;28,042;-40,0;-1;-1;27453;17621;53597;16479;95434;383904;243;98;15778;0;0,17655468856301398;0,5446187094367808;0,17299927037998009;0;0;0;0;0,10582733162022513
610500;28,126;-40,0;-1;-1;27453;17893;54421;16744;95434;383904;243;98;15917;0;0,17691995775583094;0,5378711059818634;0,17505582088029772;0;0;0;0;0,11015311538200796
612000;28,2;-40,0;-1;-1;27453;18159;55253;16992;95460;383905;243;99;16074;0,21541073932218915;0,13989632471300262;0,41895596924565265;0,13740815561342168;0;0;0;0;0,08832881110573394
613500;28,267;-30,0;-1;-1;27771;18374;55863;17227;95460;383905;243;99;16196;0,13057867776025722;0,08939346562240083;0;0,09062137665510481;0,6351213544917085;0;0;0;0,05428512547052887
615000;28,339;-29,0;-1;-1;27959;18511;55863;17347;96437;383905;243;99;16274;0,03207936100589541;0;0;0,021115579287239897;0,15647549403196737;0,7762098429302872;0;0;0,014119722744610033
616500;28,408;-37,0;-1;-1;28002;18511;55863;17380;96682;385064;243;99;16294;0,03799920144712138;0;0;0,024987369071858685;0;0,9202555441871574;0;0;0,016757885293862546
618000;28,476;-34,0;-1;-1;28061;18511;55863;17411;96682;386446;243;99;16322;0,037560595595352436;0;0;0,02474567864223889;0;0,9210885948097735;0;0;0,016605130952635216
619500;28,542;-35,0;-1;-1;28132;18511;55863;17452;96682;387813;243;99;16343;0,036232012777748145;0;0,06500096116598979;0,022717195561465724;0;0,860739335584471;0;0;0,015310494910325281
621000;28,608;-30,0;-1;-1;28196;18514;55955;17486;96701;389100;244;99;16362;0,037490341898543805;0,023958899895691468;0;0,02354481316588123;0;0,8990863109410577;0;0;0,01591963409882576
622500;28,675;-37,0;-1;-1;28260;18538;55955;17525;96701;390451;244;99;16384;0;0,020978993602789615;0;0,0205368675558593;0,1565415919302924;0,7880046716244383;0;0;0,013937875286620303
624000;28,76;-43,0;-1;-1;28260;18565;55955;17553;96931;391642;244;99;16408;0;0,02492133240102617;0;0,024373849351083787;0;0,9341507062138011;0;0;0,016554112034088794
625500;28,828;-46,0;-1;-1;28260;18605;55955;17582;96931;393052;244;99;16429;0;0,024969911689528907;0;0,02689679902926979;0;0,9314894453062905;0;0;0,016643843974910796
627000;28,897;-46,0;-1;-1;28260;18634;55955;17622;96931;394455;244;99;16457;0;0,025171719579997424;0;0,027012907075251266;0;0,9310466133875832;0;0;0,01676875995716812
628500;28,967;-46,0;-1;-1;28260;18680;55955;17666;96931;395841;244;99;16481;0,036403675248962694;0,02269513493574426;0,06609696821298901;0,02432053663158821;0;0,8353067260607902;0;0;0,015176958909925807
630000;29,036;-34,0;-1;-1;28329;18712;56057;17700;96931;397071;244;99;16514;0,04042890472752445;0,024046432164365427;0;0,025731738235451444;0;0,8937359368399613;0;0;0,01605698803269734
631500;29,105;-34,0;-1;-1;28385;18761;56058;17730;96949;398420;244;99;16540;0,03471265353143881;0,020621672585383707;0;0,022125595806012113;0,1591608164865427;0,7633792615906227;0;0;0
633000;29,171;-32,0;-1;-1;28436;18790;56058;17761;97176;399582;244;99;16540;0,04099300826597643;0,02629080212957092;0;0,026145880362300238;0;0,9065703092421524;0;0;0
634500;29,23;-33,0;-1;-1;28487;18838;56058;17802;97176;400942;244;99;16540;0,040383068090893016;0,02585105199898709;0;0,02571622549010162;0;0,9080496544200183;0;0;0
636000;29,29;-30,0;-1;-1;28548;18869;56058;17834;97176;402318;244;99;16540;0,04000729821900612;0,027629076227593474;0;0,025509794829258203;0;0,9068538307241422;0;0;0
637500;29,349;-34,0;-1;-1;28628;18915;56058;17863;97176;403663;244;99;16540;0,03920235450153808;0,027126565678582404;0;0,025101166631599666;0;0,8924703937827815;0;0;0,016099519405498378
639000;29,41;-36,0;-1;-1;28675;18947;56058;17901;97176;405015;244;99;16571;0,21969611941964257;0,15208797248289757;0,3975682338258489;0,1404537616977592;0;0;0;0;0,0901939125738519
640500;29,468;-30,0;-1;-1;28991;19173;56682;18087;97176;405015;244;99;16719;0,2570940945112855;0;0,4747017332182674;0,15673193450438433;0;0;0;0;0,11147223776606278
642000;29,515;-23,0;-1;-1;29387;19173;57381;18323;97176;405015;244;99;16888;0,12179527977265665;0;0,20950162140038084;0,08112349791996167;0,5343670587497019;0;0;0;0,053212542157298974
643500;29,978;-33,0;-1;-1;29586;19185;57703;18444;97964;405017;244;100;16970;0,27695229328382936;0;0,44456884067281566;0,16794552427575246;0;0;0;0;0,1105333417676026
645000;30,042;-30,0;-1;-1;29996;19185;58378;18705;97964;405017;244;100;17124;0,04275484046777374;0;0,07231501404265561;0,029463072045959673;0;0,8372515870147003;0;0;0,018215486428910813
646500;30,111;-37,0;-1;-1;30061;19185;58488;18764;97964;406261;244;100;17146;0,04475801218033368;0,026080340321472585;0;0,030740813067943434;0;0,8792670368128593;0;0;0,019153797617390913
648000;30,16;-30,0;-1;-1;30132;19224;58488;18811;97964;407575;244;100;17175;0;0,027033127142875875;0;0,0318262007442795;0;0,9212608896589952;0;0;0,019879782453849307
649500;30,22;-38,0;-1;-1;30132;19260;58488;18849;97964;408974;244;100;17202;0;0,026991487119114883;0;0,03173638284933685;0;0,9214047363730401;0;0;0,019867393658508297
651000;30,288;-34,0;-1;-1;30132;19303;58488;18894;97964;410344;244;100;17244;0;0,02654690477320773;0;0,031170958910922485;0;0,9227646725251968;0;0;0,019517463790672953
652500;30,349;-34,0;-1;-1;30132;19331;58488;18945;97964;411737;244;100;17272;0;0,02436185095355026;0,0726394912151575;0,028479274534912526;0;0,8566211874101087;0;0;0,017898195886270927
654000;30,415;-38,0;-1;-1;30132;19364;58605;18981;97964;413031;244;100;17292;0,03749306491366471;0,021311936094213252;0;0,02487790899761182;0,15241304368150926;0,7482170374227265;0;0;0,015687008890274468
655500;30,481;-39,0;-1;-1;30182;19392;58605;19025;98196;414158;244;100;17311;0,14916402033307505;0,08491470201757528;0;0,09874230903241009;0,6046136495520695;0;0;0;0,0625653190648701
657000;30,555;-25,0;-1;-1;30412;19531;58606;19181;99106;414160;244;100;17403;0,16799235930367334;0,0917746798037574;0;0;0,6722001244837779;0;0;0;0,06803283640879135
658500;30,624;-28,0;-1;-1;30667;19666;58606;19181;100079;414160;244;100;17540;0,16617683673851313;0,0916131332213114;0;0;0,6613587779299323;0;0;0;0,08085125211024326
660000;30,693;-28,0;-1;-1;30905;19810;58606;19181;101089;414160;244;100;17648;0,1670220925340881;0,09250981688485206;0;0;0,6585596720891171;0;0;0;0,08190841849194272
661500;30,76;-35,0;-1;-1;31168;19946;58606;19181;102074;414160;244;100;17764;0,03689898426484368;0,01884648814394442;0,06259171169731632;0;0,13227213126162105;0,731204533527314;0;0;0,018186151104960645
663000;30,828;-35,0;-1;-1;31220;19975;58713;19181;102271;415244;244;100;17795;0,04149948760295745;0,02122992063574937;0,07036620061058547;0,026660277545019657;0;0,8197816665206878;0;0;0,02046244708500022
664500;30,895;-31,0;-1;-1;31294;20002;58815;19212;102271;416481;244;100;17824;0,04398494435509036;0,022612556511319916;0;0,028356706211011218;0;0,8832823868325899;0;0;0,021763406089988616
666000;30,963;-28,0;-1;-1;31364;20038;58815;19256;102271;417802;244;100;17853;0,04644817627190939;0,022903672387757708;0;0;0;0,9085905559142674;0;0;0,022057595426065637
667500;31,03;-37,0;-1;-1;31431;20074;58815;19256;102271;419167;244;100;17885;0,04611764644525935;0,024485383102222445;0;0;0;0,9074725590007253;0;0;0,02192441145179296
669000;31,09;-31,0;-1;-1;31506;20116;58815;19256;102271;420515;244;100;17920;0,03926500067954303;0,020889509434097817;0;0;0,13954528257502263;0,78158462805954;0;0;0,018715579251796514
670500;31,136;-37,0;-1;-1;31567;20145;58815;19256;102475;421702;244;100;17939;0,04222121910176339;0,024148819287732264;0,07093274169671894;0;0;0,8425156477059748;0;0;0,020181572207810722
672000;31,199;-33,0;-1;-1;31630;20198;58928;19256;102489;422955;244;100;17969;0,04399794581771724;0,0251077099042184;0;0,027980271853557608;0;0,881851073509652;0;0;0,02106299891485473
673500;31,272;-33,0;-1;-1;31684;20247;58928;19304;102489;424276;244;100;17997;0;0,025920488414510463;0;0,031402400713180005;0;0,9208607863956977;0;0;0,02181632447661194
675000;31,341;-38,0;-1;-1;31684;20281;58928;19349;102489;425660;244;100;18034;0;0,02597907463706942;0;0,03137803294986122;0;0,9208137728361994;0;0;0,021829119576869976
676500;31,404;-35,0;-1;-1;31684;20327;58928;19390;102489;427042;244;100;18065;0;0,025689137512277273;0;0,031026128679899238;0;0,921659204511877;0;0;0,021625529295946504
678000;31,468;-40,0;-1;-1;31684;20372;58928;19437;102489;428408;244;100;18107;0;0,022022178100713465;0;0,026564842989535365;0,14250947154787016;0,7903793349660442;0;0;0,018524172395836765
679500;31,532;-38,0;-1;-1;31684;20403;58928;19470;102704;429601;244;100;18135;0,03612123503731499;0;0,06117174086029608;0,024115214741334618;0,13174993151536546;0,7285301509510466;0;0;0,01831172689464216
681000;31,596;-33,0;-1;-1;31741;20403;59010;19515;102882;430716;244;100;18158;0,04299124450618438;0;0,07136111866488785;0,027418982795256203;0;0,8373199298114422;0;0;0,020908724222229384
682500;31,66;-31,0;-1;-1;31813;20403;59130;19544;102882;431963;244;100;18190;0,045751715337405886;0;0;0,029279493997995606;0;0,9026624670483814;0;0;0,022306323616217143
684000;31,722;-36,0;-1;-1;31884;20403;59130;19580;102882;433327;244;100;18219;0,04564105906608363;0;0;0,02925471960705979;0;0,9027929799800148;0;0;0,022311241346841773
685500;31,788;-36,0;-1;-1;31951;20403;59130;19636;102882;434671;244;100;18252;0,04467452014057234;0,024474359915987093;0;0,028542941178920967;0;0,8804311647527224;0;0;0,02187701401179714
687000;31,856;0,0;-1;-1;32007;20441;59130;19681;102882;436000;244;100;18284;0,040759582552082944;0,02140027931333367;0;0;0,14083209881820266;0,7778798481210951;0;0;0,019128191195285655
688500;31,934;-27,0;-1;-1;32061;20479;59131;19681;103115;437179;244;101;18306;0;0,020458651474845335;0,06392863446112496;0;0,13567655935884423;0,7616069563493078;0;0;0,018329198355877666
690000;32,005;-33,0;-1;-1;32061;20508;59228;19681;103330;438309;244;101;18335;0;0,021817088648401723;0;0;0,1456829004379451;0,8129634144141374;0;0;0,019536596499515693
691500;32,074;-36,0;-1;-1;32061;20545;59228;19681;103536;439527;244;101;18374;0;0,021693043017923564;0;0;0,14465019931336026;0,8142580299542056;0;0;0,019398727714510566
693000;32,149;-41,0;-1;-1;32061;20582;59228;19681;103745;440753;244;101;18402;0;0,021145387493212875;0;0,025254301830415077;0,14081703556270211;0,7938542632780584;0;0;0,018929011835611662
694500;32,215;-42,0;-1;-1;32061;20614;59228;19721;103974;441927;244;101;18427;0,04516295190965834;0,023143147725387288;0;0,02996324749391371;0;0,8810028899901186;0;0;0,020727762880922092
696000;32,281;-34,0;-1;-1;32129;20649;59228;19766;103974;443245;244;101;18461;0;0,024107071847534002;0;0,031121512927764494;0;0,9232005206937199;0;0;0,021570894530981547
697500;32,345;-42,0;-1;-1;32129;20687;59228;19814;103974;444620;244;101;18500;0;0,02230224439373888;0,07187814925910306;0,02871150216970274;0;0,8571659222701495;0;0;0,019942181907305775
699000;32,398;-31,0;-1;-1;32129;20725;59337;19854;103974;445900;244;101;18533;0;0,023904986323334706;0;0,030767372218896673;0;0,9239410116678382;0;0;0,02138662978993041
700500;32,469;-39,0;-1;-1;32129;20762;59337;19896;103974;447290;244;101;18564;0;0,02194032937634626;0;0,026290096787763652;0,13935887638621516;0,7940960429483267;0;0;0,018314654501348383
702000;32,54;-39,0;-1;-1;32129;20808;59337;19929;104189;448470;244;101;18590;0;0,02237909106554432;0;0,02687904466378649;0,14217388660758973;0,8085679776630794;0;0;0
703500;32,613;-39,0;-1;-1;32129;20839;59337;19955;104423;449679;244;101;18590;0,03994355068077624;0,021231773067139182;0;0,02551120621303036;0,13838987420030446;0,7749235958387498;0;0;0
705000;32,696;-29,0;-1;-1;32193;20881;59341;19988;104656;450828;244;102;18591;0,045835321386405725;0,024396723270439104;0;0,02933696827432191;0;0,9004309870688333;0;0;0
706500;32,771;-30,0;-1;-1;32267;20924;59341;20024;104656;452175;244;102;18591;0,045013503090966314;0,024015438865689732;0;0,03131599741292808;0;0,8996550606304159;0;0;0
708000;32,842;-35,0;-1;-1;32340;20965;59341;20068;104656;453517;244;102;18591;0,04101798991119293;0,02194350702992071;0,06912689504541546;0,028567800626671705;0;0,8203767980300999;0;0;0,01896700935669936
709500;32,912;-36,0;-1;-1;32408;20993;59437;20110;104656;454750;244;102;18624;0,043545067498120885;0,023386388859574257;0;0,03034618727188878;0;0,8825573825975304;0;0;0,020164973772885713
711000;32,985;-35,0;-1;-1;32473;21019;59437;20143;104656;456092;244;102;18658;0;0,020843028889452202;0;0,02700064550765144;0,1391498959783117;0,7950771196092534;0;0;0,017929310015331296
712500;33,06;-42,0;-1;-1;32473;21044;59437;20185;104851;457305;244;102;18683;0;0,024213279579967002;0;0,031211173291343704;0;0,9237658235094668;0;0;0,02080972361922238
714000;33,133;-42,0;-1;-1;32473;21082;59437;20222;104851;458693;244;102;18720;0;0,02434098929225801;0;0,03135147260211704;0;0,9234029999740907;0;0;0,020904538131534214
715500;33,209;-39,0;-1;-1;32473;21116;59437;20267;104851;460090;244;102;18744;0;0,025576650278006506;0;0,03320853691038852;0;0,9206607066626296;0;0;0,02055410614897548
717000;33,282;-41,0;-1;-1;32473;21149;59437;20305;104851;461481;244;102;18782;0,043019045398917;0,02585185122281535;0;0,0313314444364334;0;0,8804014066205629;0;0;0,019396252321271443
718500;33,352;-43,0;-1;-1;32538;21199;59437;20348;104851;462801;244;102;18804;0,35953209895492105;0,21587784802806598;0;0,26180836421306153;0;0;0;0;0,16278168880395147
720000;33,422;-25,0;-1;-1;33032;21517;59437;20776;104851;462801;244;102;19064;0,11946737403614732;0,07389372847061039;0,2090482834540658;0,0878806408081981;0,43787399985094116;0;0;0;0,0718359733800372
721500;33,495;-29,0;-1;-1;33205;21626;59763;20902;105532;462805;244;102;19167;0,1574278845630886;0,09567174232916703;0;0,10606515959559518;0,5537998278450351;0;0;0;0,0870353856671141
723000;33,57;-31,0;-1;-1;33426;21773;59763;21043;106409;462805;244;102;19281;0;0,11358543927941846;0;0,12557508772705986;0,6573118687218829;0;0;0;0,10352760427163891
724500;33,644;-36,0;-1;-1;33426;21943;59763;21237;107412;462805;244;102;19414;0;0,02322824245783534;0;0,02545116083307369;0,13815687119243994;0,791948089154455;0;0;0,021215636362195985
726000;33,72;-42,0;-1;-1;33426;21986;59763;21280;107612;463991;244;102;19442;0;0;0;0,025916053991877765;0,1434798857075958;0,8089362713290373;0;0;0,02166778897148906
727500;33,795;-42,0;-1;-1;33426;21986;59763;21319;107835;465190;244;102;19481;0;0;0;0,02598517339416758;0,14368473321557979;0,8086018973414284;0;0;0,021728196048824255
729000;33,864;-29,0;-1;-1;33426;21986;59763;21347;108027;466441;244;102;19510;0,039069823686493255;0;0;0,024724002329533663;0,13774041602571185;0,7777969411194626;0;0;0,020668816838798492
730500;33,933;-29,0;-1;-1;33472;21986;59763;21385;108228;467626;244;102;19540;0,04003134697840468;0;0;0,025305724279079563;0,1409258941756753;0,7937370345668405;0;0;0
732000;34,004;-36,0;-1;-1;33528;21986;59763;21429;108462;468792;244;102;19540;0,03853738932857976;0,022897401447854234;0;0,024323915451008406;0,1379824064964197;0,7762588872761378;0;0;0
733500;34,102;-33,0;-1;-1;33588;22023;59763;21466;108669;469951;244;102;19540;0;0,02198326245041401;0,06245102066856625;0,02518624980969706;0,13477537442219892;0,7556040926491238;0;0;0
735000;34,174;0,0;-1;-1;33588;22061;59859;21499;108883;471070;244;102;19540;0;0,023353574900092936;0;0,02676240568347217;0,14558701918332692;0,8042970002331079;0;0;0
736500;34,245;-34,0;-1;-1;33588;22094;59859;21533;109100;472286;244;102;19540;0;0,022742798809518232;0;0,028063354104089756;0,14141780045723878;0,7869705281424753;0;0;0,020805518486678096
738000;34,325;-40,0;-1;-1;33589;22140;59863;21572;109332;473458;244;103;19578;0;0,026350474564895456;0;0,032534389680773955;0;0,9169943675067644;0;0;0,024120768247566128
739500;34,399;-44,0;-1;-1;33589;22186;59863;21619;109332;474826;244;103;19617;0,043664574695888886;0,025203396189728593;0;0,031084344886313817;0;0,8769710935477474;0;0;0,023076590680321418
741000;34,472;-44,0;-1;-1;33663;22230;59863;21661;109332;476123;244;103;19660;0,04475185856095442;0,025886369364142098;0;0,03191868224224568;0;0,8974430898326579;0;0;0
742500;34,545;-33,0;-1;-1;33726;22261;59863;21702;109332;477488;244;103;19660;0,044258483558383674;0,02566750818039536;0;0,033965064913098156;0;0,8961089433481227;0;0;0
744000;34,621;-35,0;-1;-1;33794;22297;59863;21760;109332;478826;244;103;19660;0,03808052152333841;0,02213105360414228;0;0,029137199743058936;0,14147309781214898;0,7691781273173114;0;0;0
745500;34,692;-36,0;-1;-1;33849;22327;59863;21815;109545;479973;244;103;19660;0,16512009541086112;0,0961483497243498;0;0,12592903524833596;0,6128025196164532;0;0;0;0
747000;34,762;-36,0;-1;-1;34082;22474;59863;21998;110482;479973;244;103;19660;0,1193987033744457;0,06982477199342517;0,21343475435559858;0,09053292047732135;0,4401039240881092;0;0;0;0,06670492571109989
748500;34,833;-37,0;-1;-1;34253;22578;60178;22121;111160;479973;244;103;19769;0,12227967071882247;0,07807743182109868;0,21902404128643296;0,09539120850378607;0,48522764766985976;0;0;0;0
750000;34,906;-32,0;-1;-1;34451;22687;60501;22276;111875;479973;244;103;19769;0;0,09452969599989143;0,24962733258929315;0,11632726474996;0,5395157066608555;0;0;0;0
751500;34,977;-36,0;-1;-1;34451;22822;60879;22462;112676;479973;244;103;19769;0;0,024491521771206972;0,07171224317645479;0,034123166170501956;0,1489749210884006;0,7206981477934357;0;0;0
753000;35,048;-34,0;-1;-1;34451;22859;60970;22514;112928;481041;244;103;19769;0;0,02868251621959631;0,08399314192759463;0,03984270389193789;0;0,8474816379608713;0;0;0
754500;35,12;-38,0;-1;-1;34451;22917;61099;22586;112946;482295;244;104;19769;0;0,02860519168656438;0,08373511057714574;0,0395504955192905;0;0,8481092022169995;0;0;0
756000;35,166;-39,0;-1;-1;34451;22968;61226;22657;112946;483546;244;104;19769;0,04032522415943051;0,02685009414790324;0,07858007655111542;0,037019937418589624;0;0,7959635792786734;0;0;0,021261088444287778
757500;35,226;-39,0;-1;-1;34504;23011;61352;22714;112946;484727;244;104;19809;0,041325204068379355;0,02751038591609275;0,08037980598441138;0,03781728256563993;0;0,8129673214654767;0;0;0
759000;35,292;-39,0;-1;-1;34579;23059;61480;22764;112946;485926;244;104;19809;0,03791015085102659;0,02527113161296363;0;0,03469752901968669;0,15733529199460974;0,7447858965217133;0;0;0
760500;35,363;-35,0;-1;-1;34642;23094;61480;22820;113202;487016;244;104;19809;0;0,02596003643441168;0;0,035495911724322135;0,16388101712459013;0,7746630347166761;0;0;0
762000;35,437;-44,0;-1;-1;34642;23135;61480;22872;113474;488151;244;104;19809;0;0,027423681351926583;0;0,03524170490214597;0,16406792806701143;0,773266685678916;0;0;0
763500;35,511;-44,0;-1;-1;34642;23190;61480;22927;113722;489293;244;104;19809;0;0,027439767561677094;0;0,03523620555704787;0,1641210775984767;0,7732029492827983;0;0;0
765000;35,583;-45,0;-1;-1;34642;23227;61480;22979;113968;490458;244;104;19809;0;0,025524350572062888;0,07224800450143802;0,032658704730102725;0,15216549150059955;0,7174034486957968;0;0;0
766500;35,654;-45,0;-1;-1;34642;23270;61580;23033;114187;491542;244;104;19809;0,0411137393705546;0,028257011780446636;0,07999170489234052;0,03606229920917193;0;0,7925736829951545;0;0;0,022001561752331786
768000;35,717;-28,0;-1;-1;34705;23311;61693;23085;114187;492741;244;104;19841;0;0,029243613300021707;0,08442237266284913;0,03723223042792216;0;0,8263256586414541;0;0;0,022776124967752952
769500;35,792;-38,0;-1;-1;34705;23352;61817;23140;114187;493977;244;104;19885;0;0,029656991292157157;0,08908249991958499;0,040185860358057525;0;0,8410746484302003;0;0;0
771000;35,87;-39,0;-1;-1;34707;23417;61957;23218;114203;495206;244;105;19886;0;0,029608160539073825;0,08903527139034272;0,04000153276452602;0;0,8413550353060575;0;0;0
772500;35,94;-37,0;-1;-1;34707;23459;62093;23292;114203;496454;244;105;19886;0;0,026216816710062193;0,07571732797380908;0,03319864929412746;0,1516909492909501;0,7131762567310511;0;0;0
774000;36,011;-36,0;-1;-1;34707;23497;62196;23344;114377;497587;244;105;19886;0;0,030428318180699097;0,08963645241670729;0,03843109578748866;0;0,8415041336151049;0;0;0
775500;36,082;-39,0;-1;-1;34707;23553;62335;23407;114377;498829;244;105;19886;0,04021700413062789;0,028163884450679706;0,08640037509517409;0,03550489216498192;0;0,7883480134347108;0;0;0,021365830723825488
777000;36,151;-30,0;-1;-1;34772;23582;62464;23459;114377;500026;244;105;19914;0;0,029142875967926942;0,09088838916736246;0,03659778378136037;0;0,8212778165073775;0;0;0,022093134575972794
778500;36,224;-39,0;-1;-1;34772;23631;62611;23505;114377;501243;244;105;19955;0;0,03565155991540721;0;0,039929646357347845;0;0,9003044735935392;0;0;0,024114320133705774
780000;36,295;-38,0;-1;-1;34772;23685;62611;23556;114377;502609;244;105;19984;0;0,03523600895008827;0;0,03946033953072404;0;0,9013993588692031;0;0;0,023904292649984605
781500;36,371;-31,0;-1;-1;34772;23748;62611;23611;114377;503969;244;105;20006;0;0,028934114210740214;0;0,0368398881192443;0,15578568408198223;0,7586819746851797;0;0;0,019758338902853403
783000;36,444;-39,0;-1;-1;34772;23790;62611;23682;114599;505101;244;105;20039;0;0,029862915361254797;0;0;0,16343371430715206;0,7862947867872313;0;0;0,02040858354436181
784500;36,517;-41,0;-1;-1;34772;23829;62611;23682;114844;506290;244;105;20066;0;0,0275313481343388;0,07906773606404;0;0,15027179324437892;0,724292234289995;0;0;0,018836888267247276
786000;36,579;-38,0;-1;-1;34772;23872;62732;23682;115068;507375;244;105;20093;0,0406244521937713;0,03219739871017292;0,09096489939019872;0;0;0,8153462871319567;0;0;0,0208669625739003
787500;36,637;-32,0;-1;-1;34845;23934;62866;23682;115079;508584;244;105;20127;0,04608946531333575;0,03503489650585227;0;0;0;0,8960898614692863;0;0;0,022785776711525665
789000;36,709;-29,0;-1;-1;34919;23981;62866;23682;115079;509927;244;105;20163;0,04571528493916127;0,03344088390706642;0;0,041257888586150246;0;0,8578244695736412;0;0;0,021761472993980877
790500;36,778;-35,0;-1;-1;35001;24026;62866;23746;115079;511201;244;105;20198;0,049286117401500774;0,034751266810617805;0;0;0;0,8933427505359294;0;0;0,022619865251952042
792000;36,842;-35,0;-1;-1;35080;24076;62866;23746;115079;512544;244;105;20226;0,04162558134822479;0,029378289415325828;0;0;0,15623022901359623;0,7535943328442639;0;0;0,019171567378589115
793500;36,913;-38,0;-1;-1;35139;24110;62866;23746;115353;513645;244;105;20258;0,04442615814116054;0,031413830261610654;0,09141791745926131;0;0;0,8122548666452651;0;0;0,020487227492702337
795000;36,983;-30,0;-1;-1;35204;24157;62998;23746;115353;514875;244;105;20284;0,0486830601848113;0;0,09633372083529386;0;0;0,8341615916144963;0;0;0,020821627365398332
796500;37,055;-32,0;-1;-1;35275;24157;63129;23746;115353;516137;244;105;20320;0,04997228743019928;0;0,09515435482484931;0;0;0,8342638361499186;0;0;0,020609521595032865
798000;37,128;-32,0;-1;-1;35360;24157;63269;23746;115353;517380;244;105;20352;0,04763167629844994;0;0,09076292237005525;0,03839555097372158;0;0,8034765483359614;0;0;0,01973330202181193
799500;37,198;-36,0;-1;-1;35428;24157;63389;23818;115353;518583;244;105;20389;0,242537623787775;0;0,4621694714864823;0,1946954436848585;0;0;0;0;0,10059746104088414
801000;37,284;-25,0;-1;-1;35833;24157;64068;24077;115353;518583;244;105;20546;0,12600329710656832;0,07807721917737563;0,2325518465113629;0,09250270169859207;0,41975911144603145;0;0;0;0,05110582406006956
802500;37,353;-21,0;-1;-1;36001;24289;64404;24230;116004;518583;244;105;20606;0,16638636298665907;0,10487668693640097;0;0,11705723871326282;0,5461480610689062;0;0;0;0,06553165029477086
804000;37,429;-27,0;-1;-1;36273;24463;64406;24391;116804;518584;244;105;20724;0;0,12323388520487369;0;0,1364840896308393;0,6629570137367451;0;0;0;0,07732501142754193
805500;37,493;-36,0;-1;-1;36273;24639;64406;24585;117832;518584;244;105;20826;0;0,02876144846753666;0;0,031706020802537135;0,16007247719700207;0,7612888141034763;0;0;0,018171239429447948
807000;37,55;-37,0;-1;-1;36273;24677;64406;24631;118076;519725;244;105;20857;0;0,029426734827524895;0;0;0,16615406397031268;0,785826950104802;0;0;0,018592251097360474
808500;37,623;-39,0;-1;-1;36273;24720;64406;24631;118330;520896;244;105;20889;0;0,027047575935784534;0,08106736786011685;0;0,15239635832886908;0,7223826532972507;0;0;0,01710604457797879
810000;37,694;-40,0;-1;-1;36273;24766;64546;24631;118573;521949;244;105;20907;0,04923973448455025;0,02982860259322892;0,09451945803200781;0;0;0,8074739508950242;0;0;0,018938253995188902
811500;37,764;-39,0;-1;-1;36338;24811;64702;24631;118573;523153;244;105;20937;0,053889270627871716;0,03266192926264321;0;0;0;0,892693567890362;0;0;0,02075523221912305
813000;37,823;-35,0;-1;-1;36424;24866;64702;24631;118573;524477;244;105;20972;0,053064189899845196;0,031054300555618777;0;0,035185141992968294;0;0,8609405946615813;0;0;0,019755772889986423
814500;37,897;-36,0;-1;-1;36494;24912;64702;24685;118573;525777;244;105;21002;0;0,032499063377174675;0;0,03674049948788819;0;0,9100577422798498;0;0;0,020702694855087193
816000;37,966;-34,0;-1;-1;36494;24964;64702;24744;118573;527133;244;105;21035;0;0,027189665757608387;0;0,030691535286978672;0,15872937545129082;0,7660325465756759;0;0;0,017356876928446143
817500;38,038;-38,0;-1;-1;36494;25000;64702;24794;118804;528291;244;105;21060;0;0,029215861560668608;0,09486600208496085;0,03289393329769705;0;0,8243516669622372;0;0;0,018672536094436348
819000;38,105;-42,0;-1;-1;36494;25047;64841;24854;118804;529516;244;105;21089;0;0,032229363927055686;0;0,03620183198458908;0;0,9109323813096424;0;0;0,020636422778712884
820500;38,183;-46,0;-1;-1;36495;25126;64843;24894;118817;530886;244;105;21112;0,05348774450986746;0,03172437532338121;0;0,03423265570205867;0;0,860988048410792;0;0;0,019567176053900445
822000;38,252;-46,0;-1;-1;36587;25177;64843;24943;118817;532166;244;105;21140;0,05451104845181678;0,03240591146621712;0;0,0349626442150874;0;0,8781203958668786;0;0;0
823500;38,345;-32,0;-1;-1;36656;25227;64843;24996;118817;533494;244;105;21140;0,054103566171426865;0,03216822318467195;0;0,03922415977788434;0;0,8745040508660168;0;0;0
825000;38,42;-33,0;-1;-1;36741;25275;64843;25065;118817;534792;244;105;21140;0,04560943810121329;0,027186225918130143;0;0,03303230561530131;0,1574823132314221;0,7366897171339332;0;0;0
826500;38,488;-40,0;-1;-1;36813;25305;64843;25121;119054;535897;244;105;21140;0;0,025651666440919287;0,08251318487791504;0,031040497474825384;0,153969682385167;0,7068249688211733;0;0;0
828000;38,551;-36,0;-1;-1;36813;25345;64975;25157;119284;536959;244;105;21140;0;0,02715963611919858;0;0,03287630684253744;0,1640708257211476;0,758684612175807;0;0;0,01720861914130942