Iteration;Time;TD-0;TD-1;TD-2;TD-3;TD-4;TD-5;TD-6;TD-7;TD-8;
2064;0,798;0;4;0;4;0;0;4;4;0
3564;0,973;0;3;0;3;4;0;3;3;0
5097;1,126;0;2;0;2;3;0;2;2;0
6597;1,308;0;1;0;1;2;0;1;1;0
8097;1,425;0;0;0;0;1;0;0;0;0
10130;1,572;0;0;0;0;0;0;5;5;4
11630;1,703;0;4;0;0;0;0;4;4;3
13130;1,776;0;3;0;0;0;4;3;3;2
14630;1,842;0;2;0;0;0;3;2;2;1
16157;2,015;0;1;0;0;0;2;1;1;0
17657;2,091;0;0;0;0;4;1;0;0;0
19657;2,27;0;0;0;4;3;0;0;6;0
21157;2,363;0;0;0;3;2;0;4;5;4
22657;2,514;0;4;0;2;1;0;3;4;3
23678;2,593;0;3;0;1;0;0;2;3;2
25178;2,672;0;2;0;0;0;0;1;2;1
26678;2,744;4;1;0;0;0;0;0;1;0
28178;2,824;3;0;4;0;0;0;0;0;0
30178;3,021;2;0;3;0;4;0;4;7;0
31678;3,096;1;4;2;0;3;0;3;6;0
32696;3,155;0;3;1;0;2;0;2;5;0
34196;3,229;0;2;0;0;1;0;1;4;0
35696;3,302;0;1;5;0;0;0;0;3;0
37196;3,376;4;0;4;0;0;0;0;2;0
38696;3,464;3;0;3;0;0;0;4;1;4
40196;3,553;2;0;2;0;0;0;3;0;3
41696;3,642;1;4;1;0;0;0;2;8;2
42717;3,694;0;3;0;0;0;0;1;99;1
44217;3,761;0;2;0;0;4;0;0;99;0
45717;3,855;0;1;0;0;3;0;5;99;0
47217;3,934;4;0;0;0;2;0;4;99;0
48717;4,011;3;0;0;0;1;0;3;99;4
50217;4,08;2;4;0;0;0;0;2;99;3
51717;4,129;1;3;0;0;0;0;1;99;2
53217;4,221;0;2;0;0;0;0;0;99;1
54750;4,306;0;1;0;0;4;0;0;99;0
56250;4,385;0;0;0;0;3;0;4;99;0
57750;4,461;4;0;0;0;2;0;3;99;0
59250;4,534;3;4;4;0;1;0;2;99;0
60250;4,587;2;3;3;0;0;0;1;99;0
61750;4,679;1;2;2;0;0;0;0;99;0
63250;4,753;0;1;1;0;0;0;0;99;4
64750;4,827;0;0;0;0;4;0;4;99;3
66250;4,896;0;0;5;0;3;0;3;99;2
67780;4,976;0;4;4;0;2;0;2;99;1
68780;5,022;0;3;3;0;1;0;1;99;0
70280;5,101;0;2;2;0;0;0;0;99;0
71780;5,168;4;1;1;0;0;0;0;99;0
73280;5,237;3;0;0;4;0;0;4;99;0
74780;5,314;2;0;0;3;4;0;3;99;0
76280;5,382;1;4;0;2;3;0;2;99;0
77280;5,421;0;3;0;1;2;0;1;99;0
78780;5,477;0;2;0;0;1;0;0;99;0
80280;5,539;0;1;4;0;0;0;0;99;0
81810;5,626;0;0;3;0;0;0;4;99;4
83310;5,717;0;0;2;0;4;0;3;99;3
84810;5,799;0;4;1;0;3;0;2;99;2
85810;5,854;0;3;0;0;2;0;1;99;1
87310;5,944;0;2;0;0;1;0;0;99;0
88810;6,029;0;1;0;0;0;0;5;99;0
90310;6,115;0;0;0;0;5;0;4;99;0
91810;6,188;0;0;0;0;4;4;3;99;0
93310;6,253;0;4;0;0;3;3;2;99;4
94310;6,298;0;3;0;0;2;2;1;99;3
95310;6,346;0;2;0;0;1;1;0;99;2
96833;6,413;0;1;0;0;0;0;0;99;1
98356;6,485;0;0;4;0;0;0;4;99;0
99856;6,563;0;0;3;0;0;4;3;99;0
101376;6,63;4;4;2;0;0;3;2;99;0
102376;6,668;3;3;1;0;0;2;1;99;0
103376;6,709;2;2;0;0;0;1;0;99;0
104902;6,775;1;1;0;0;0;0;0;99;4
106402;6,838;0;0;0;0;4;0;4;99;3
107902;6,898;0;5;0;0;3;0;3;99;2
109402;6,957;0;4;0;0;2;0;2;99;1
110921;7,03;0;3;0;0;1;0;1;99;0
112421;7,089;0;2;4;0;0;0;0;99;0
113921;7,161;0;1;3;0;0;0;5;99;0
115421;7,265;0;0;2;0;4;0;4;99;0
116921;7,325;0;0;1;4;3;0;3;99;0
118440;7,387;0;0;0;3;2;0;2;99;0
119940;7,498;0;4;5;2;1;0;1;99;0
120940;7,561;0;3;4;1;0;0;0;99;0
122440;7,626;0;2;3;0;0;0;6;99;0
123940;7,689;0;1;2;0;4;0;5;99;0
125440;7,746;0;0;1;0;3;0;4;99;0
126960;7,813;0;0;0;0;2;4;3;99;0
128460;7,87;0;4;0;0;1;3;2;99;0
129960;7,919;0;3;0;0;0;2;1;99;0
131460;7,964;0;2;0;0;5;1;0;99;0
132960;8,034;0;1;0;0;4;0;7;99;0
134460;8,104;4;0;0;0;3;0;6;99;0
135960;8,16;3;0;4;0;2;0;5;99;0
137484;8,224;2;0;3;0;1;0;4;99;0
138984;8,294;1;0;2;0;0;0;3;99;0
140484;8,358;0;0;1;4;0;0;2;99;0
141984;8,423;0;0;0;3;4;0;1;99;0
143484;8,487;0;0;0;2;3;4;0;99;0
144984;8,55;0;0;4;1;2;3;0;99;0
146484;8,616;0;0;3;0;1;2;4;99;0
147984;8,679;0;0;2;0;0;1;3;99;0
149506;8,784;0;0;1;4;0;0;2;99;0
151006;8,857;0;0;0;3;4;0;1;99;0
152506;8,934;4;0;0;2;3;0;0;99;0
154006;9,012;3;0;4;1;2;0;0;99;0
155506;9,089;2;0;3;0;1;0;4;99;0
157006;9,171;1;0;2;0;0;0;3;99;0
158506;9,255;0;0;1;0;5;0;2;99;0
160006;9,333;5;0;0;0;4;0;1;99;0
161506;9,401;4;0;0;0;3;4;0;99;0
163026;9,457;3;4;0;0;2;3;0;99;0
164526;9,502;2;3;0;0;1;2;4;99;0
165526;9,533;1;2;0;0;0;1;3;99;0
167026;9,587;0;1;0;0;0;0;2;99;0
168526;9,639;0;0;4;0;0;0;1;99;0
170026;9,693;0;0;3;0;4;0;0;99;0
171526;9,736;0;0;2;0;3;0;5;99;0
173026;9,778;0;0;1;4;2;0;4;99;0
174526;9,82;0;0;0;3;1;0;3;99;0
176026;9,875;0;0;0;2;0;4;2;99;0
177551;9,948;0;4;0;1;0;3;1;99;0
179051;9,996;0;3;0;0;0;2;0;99;0
180551;10,039;0;2;0;0;4;1;0;99;0
182051;10,079;0;1;0;0;3;0;4;99;4
183551;10,123;0;0;0;0;2;0;3;99;3
185051;10,166;0;0;4;0;1;0;2;99;2
186551;10,209;0;0;3;0;0;0;1;99;1
188051;10,267;4;0;2;0;0;0;0;99;0
189551;10,313;3;0;1;0;0;0;5;99;0
191051;10,358;2;0;0;0;0;0;4;99;4
192551;10,401;1;0;0;0;4;0;3;99;3
194069;10,446;0;0;0;0;3;0;2;99;2
195569;10,509;0;0;4;0;2;0;1;99;1
197069;10,561;0;0;3;0;1;0;0;99;0
198569;10,604;0;0;2;0;0;0;6;99;0
200069;10,664;4;0;1;0;0;0;5;99;0
201569;10,722;3;0;0;0;4;0;4;99;0
203069;10,782;2;0;5;0;3;0;3;99;0
204569;10,841;1;0;4;0;2;0;2;99;0
206069;10,893;0;0;3;0;1;0;1;99;0
207569;10,947;0;0;2;0;0;0;0;99;4
209069;10,99;0;0;1;0;0;0;7;99;3
210588;11,175;0;0;0;0;4;0;6;99;2
212088;11,228;0;0;0;0;3;4;5;99;1
213588;11,271;0;0;0;0;2;3;4;99;0
215088;11,312;0;0;0;4;1;2;3;99;0
216588;11,355;0;0;0;3;0;1;2;99;0
218088;11,398;0;0;4;2;0;0;1;99;0
219588;11,444;0;0;3;1;4;0;0;99;0
221088;11,487;0;0;2;0;3;4;0;99;0
222588;11,532;0;0;1;5;2;3;4;99;0
223588;11,563;0;0;0;4;1;2;3;99;0
225088;11,606;0;0;0;3;0;1;2;99;0
226612;11,651;0;0;0;2;0;0;1;99;4
228112;11,693;0;0;4;1;0;0;0;99;3
229612;11,734;0;0;3;0;0;0;0;99;2
231112;11,79;0;0;2;0;0;0;4;99;1
232612;11,854;0;0;1;0;0;4;3;99;0
234112;11,921;0;0;0;0;0;3;2;99;5
235612;11,972;0;0;5;0;0;2;1;99;4
237112;12,021;0;0;4;0;0;1;0;99;3
238612;12,064;0;0;3;4;0;0;0;99;2
240112;12,105;0;0;2;3;0;0;4;99;1
241612;12,157;0;0;1;2;0;0;3;99;0
243133;12,212;0;0;0;1;4;0;2;99;0
244633;12,255;0;0;0;0;3;4;1;99;0
246133;12,296;0;0;0;5;2;3;0;99;0
247633;12,339;4;0;0;4;1;2;0;99;0
249133;12,385;3;0;0;3;0;1;4;99;0
250633;12,435;2;0;0;2;0;0;3;99;0
252133;12,496;1;0;0;1;4;0;2;99;0
253633;12,544;0;0;0;0;3;0;1;99;0
255133;12,587;0;0;0;0;2;4;0;99;0
256633;12,629;0;0;4;0;1;3;5;99;0
258133;12,672;0;0;3;0;0;2;4;99;0
259653;12,717;0;0;2;4;0;1;3;99;0
261153;12,761;0;0;1;3;0;0;2;99;0
262653;12,803;0;0;0;2;4;0;1;99;0
264153;12,853;0;0;5;1;3;0;0;99;0
265653;12,912;0;0;4;0;2;0;6;99;0
267153;12,978;0;0;3;0;1;0;5;99;4
268653;13,043;0;0;2;0;0;0;4;99;3
270153;13,111;0;0;1;0;5;0;3;99;2
271653;13,197;0;0;0;0;4;0;2;99;1
273153;13,27;0;0;6;0;3;0;1;99;0
274653;13,344;0;0;5;0;2;4;0;99;0
276178;13,432;0;0;4;4;1;3;0;99;0
277678;13,508;0;0;3;3;0;2;4;99;0
279178;13,581;0;0;2;2;0;1;3;99;0
280678;13,657;0;0;1;1;0;0;2;99;0
282178;13,733;4;0;0;0;0;0;1;99;0
283678;13,813;3;0;7;0;0;0;0;99;0
285178;13,886;2;0;6;0;0;0;5;99;0
286678;13,959;1;0;5;0;4;0;4;99;0
288178;14,034;0;0;4;0;3;0;3;99;0
289678;14,1;0;0;3;0;2;0;2;99;4
291178;14,158;0;0;2;0;1;0;1;99;3
292704;14,225;0;0;1;0;0;0;0;99;2
294204;14,306;0;0;0;0;0;0;6;99;1
295704;14,377;0;0;8;0;0;0;5;99;0
297204;14,446;0;0;7;0;4;0;4;99;0
298704;14,537;0;0;6;0;3;4;3;99;0
300204;14,602;0;0;5;0;2;3;2;99;0
301704;14,656;0;0;4;0;1;2;1;99;0
303204;14,72;0;0;3;0;0;1;0;99;0
304704;14,782;4;0;2;0;0;0;0;99;0
306204;14,846;3;0;1;0;0;0;4;99;0
307704;14,91;2;0;0;0;0;0;3;99;4
309229;14,975;1;0;0;0;0;4;2;99;3
310729;15,038;0;0;0;0;0;3;1;99;2
312229;15,1;5;0;0;0;0;2;0;99;1
313729;15,161;4;0;0;0;0;1;5;99;0
315229;15,221;3;0;0;0;4;0;4;99;0
316729;15,276;2;0;0;0;3;5;3;99;0
318229;15,336;1;0;0;0;2;4;2;99;0
319729;15,393;0;0;0;0;1;3;1;99;0
321229;15,451;0;4;0;0;0;2;0;99;0
322729;15,51;0;3;0;0;0;1;6;99;4
324229;15,57;0;2;0;0;0;0;5;99;3
325755;15,637;0;1;0;0;4;0;4;99;2
327255;15,696;0;0;0;0;3;0;3;99;1
328755;15,753;0;0;4;0;2;0;2;99;0
330255;15,817;4;0;3;0;1;0;1;99;0
331755;15,876;3;0;2;0;0;0;0;99;0
333255;15,926;2;0;1;0;0;0;7;99;0
334755;15,989;1;0;0;0;0;0;6;99;4
336255;16,049;0;0;5;0;0;0;5;99;3
337755;16,109;0;0;4;0;4;0;4;99;2
339255;16,17;0;0;3;0;3;0;3;99;1
340755;16,233;0;0;2;0;2;0;2;99;0
342279;16,314;0;0;1;0;1;0;1;99;5
343779;16,374;0;0;0;0;0;0;0;99;4
345779;16,463;0;4;0;0;5;0;0;99;3
347279;16,527;0;3;0;0;4;0;4;99;2
348779;16,604;0;2;0;0;3;0;3;99;1
350279;16,671;0;1;0;0;2;0;2;99;0
351779;16,736;0;0;0;0;1;4;1;99;0
353279;16,803;4;0;0;0;0;3;0;99;0
354779;16,872;3;0;0;0;0;2;0;99;4
356279;16,942;2;0;4;0;0;1;4;99;3
357279;16,988;1;0;3;0;0;0;3;99;2
358806;17,062;0;0;2;0;0;0;2;99;1
360306;17,112;5;0;1;0;0;0;1;99;0
361806;17,159;4;0;0;0;4;0;0;99;0
363306;17,21;3;0;5;0;3;0;0;99;0
364806;17,281;2;0;4;0;2;0;4;99;0
366306;17,351;1;0;3;0;1;0;3;99;0
367806;17,421;0;0;2;0;0;0;2;99;0
369306;17,494;0;0;1;0;0;0;1;99;4
370806;17,567;0;0;0;0;4;0;0;99;3
372306;17,626;0;0;0;0;3;0;5;99;2
373806;17,669;0;0;4;0;2;0;4;99;1
375326;17,719;0;0;3;0;1;0;3;99;0
376826;17,788;0;0;2;4;0;0