Iteration;Time;BestFitness;LastCalledHeur;IsRelay;NumOfMoves-LLH0;NumOfMoves-LLH1;NumOfMoves-LLH2;NumOfMoves-LLH3;NumOfMoves-LLH4;NumOfMoves-LLH5;NumOfMoves-LLH6;NumOfMoves-LLH7;NumOfMoves-LLH8;LAProb-LLH0;LAProb-LLH1;LAProb-LLH2;LAProb-LLH3;LAProb-LLH4;LAProb-LLH5;LAProb-LLH6;LAProb-LLH7;LAProb-LLH8;
2000;1,012;-34,0;-1;-1;130;822;352;155;97;303;66;44;172;0;0,5662062473681473;0,17815854083768656;0,07888710654931656;0,0485349444373693;0,1282131608074802;0;0;0
3500;1,186;-35,0;-1;-1;130;1644;617;264;203;501;66;44;172;0;0,6545881848829571;0;0,09542590334779807;0,12155698415241856;0,12842892761682623;0;0;0
5000;1,322;-31,0;-1;-1;134;2337;623;376;335;1086;71;50;179;0;0,005436041622957094;0;0,0010021361500391205;0,001202002832100217;0,9923598193949037;0;0;0
6500;1,391;-37,0;-1;-1;134;2339;623;377;338;2580;71;50;179;0;0,001258085775840637;0;2,3204343309605902E-4;2,7715321959521905E-4;0,9982327175714681;0;0;0
8000;1,609;-39,0;-1;-1;134;2347;623;381;341;4065;71;50;179;0,0032812591126339568;0,010935499742341296;0;0,0020138351345078244;0,002410329569071142;0,9790683133785122;0,001237447598863679;3,555750349017035E-5;0,0010177579605796204
10000;1,776;-37,0;-1;-1;141;2376;625;393;350;6028;76;56;186;0,0030231116564318422;0,01551244974065652;0,005665177094974158;0,001868130859053377;0,002224521551469423;0,9717066090974146;0;0;0
11500;1,877;-35,0;-1;-1;147;2397;629;394;353;7493;76;56;186;0,0029495743200641253;0;0,005651604937962652;0,0018718713232930384;0,0022199499925784514;0,9873069994261018;0;0;0
13000;1,981;-30,0;-1;-1;153;2397;635;395;360;8973;76;56;186;0,0028087081403399793;0;0,00549111814478801;0,0018330617229967668;0;0,9898671119918753;0;0;0
14500;2,089;-40,0;-1;-1;157;2397;640;396;360;10463;76;56;186;0,0031367248587669703;0;0,006215504484961786;0,0020869874385292886;0;0,988560783217742;0;0;0
16000;2,194;-42,0;-1;-1;163;2399;650;401;363;11957;80;59;188;0,0018586138827848021;0;0,0037363909595313906;0,0012632472037474656;0;0,9931417479539363;0;0;0
17500;2,269;-34,0;-1;-1;181;2399;658;401;363;13431;80;59;188;0,020362566958189054;0,007801161764721103;0,002751261464270576;9,420438891037473E-4;0;0,9671535929512264;5,188050620852974E-4;1,5036011284186938E-5;4,55531899119702E-4
19500;2,391;-36,0;-1;-1;208;2412;666;401;363;15383;80;59;188;0,011553648242475139;0,0049369930451289646;0,0017351021236686687;0;7,072004703557545E-4;0,9810670561183714;0;0;0
21000;2,481;-37,0;-1;-1;219;2416;671;401;363;16863;80;59;188;0,010072206122537099;0,004498065226919453;0,004911450170871289;0;0;0,9805182784796721;0;0;0
22500;2,592;-36,0;-1;-1;239;2418;680;401;363;18332;80;59;188;0,010448136387803012;0,005069895543824421;0,005466833017912933;0;0;0,9790151350504597;0;0;0
24000;2,692;-34,0;-1;-1;257;2429;692;402;370;19803;86;62;190;0,009471583454567068;0,005102525124055322;0,005485972233800205;0;0;0,9799399191875774;0;0;0
25500;2,77;-37,0;-1;-1;268;2436;701;402;370;21276;86;62;190;0,01059199007558009;0,005955318371042021;0,006343256231634243;7,415249063560472E-4;0;0,9763679104153876;0;0;0
27000;2,844;-33,0;-1;-1;277;2442;704;403;370;22757;86;62;190;0;0,00409999898602173;0,004364104968262035;5,116513783374254E-4;0;0,9910242446673788;0;0;0
28500;2,906;-38,0;-1;-1;277;2446;716;403;370;24241;86;62;190;0;0,004280066053003789;0,0045009887093935465;5,354585422050018E-4;6,237955303372616E-4;0,9895289100780417;2,644116643901833E-4;8,183795583348744E-6;2,58185627045189E-4
30500;3,0;-39,0;-1;-1;277;2457;725;404;371;26217;86;62;192;0;0,42029353103569084;0,4399238449152978;0,052836962646552625;0,061592748072644;0;0;0;0,025352913329814705
32000;3,073;-39,0;-1;-1;277;3130;1313;491;487;26217;86;62;228;0;0,48322623527830677;0,3570217451152846;0,07651247934059018;0,08323954026581844;0;0;0;0
33500;3,149;-35,0;-1;-1;279;3661;2125;574;567;26223;87;64;232;0,08428139510064317;0,026042485090538303;0,8798630420038493;0,004730935136432138;0,005082142668536951;0;0;0;0
35000;3,219;-36,0;-1;-1;677;3700;3172;580;577;26223;87;64;232;0,7936686578672676;0,14954982212100867;0;0,02748301641187385;0,029298503599849802;0;0;0;0
36500;3,293;-24,0;-1;-1;1766;3943;3172;621;704;26223;87;64;232;0,05045466719602984;0,00231617855685785;0;4,472212078415566E-4;0,00655311461516542;0,9402288184241053;0;0;0
38000;3,383;-35,0;-1;-1;1835;3947;3172;621;716;27638;87;64;232;0,04535667631050211;0,0023923483136058677;0;0;0,0066481013425864245;0,945336822528228;0;0;2,6605150507762014E-4
39500;3,471;-39,0;-1;-1;1899;3950;3172;621;723;29064;87;64;232;0,0461768620564108;0,0028104408047188857;0;0;0,007741007739688026;0,9432716893991823;0;0;0
41000;3,565;-39,0;-1;-1;1984;3959;3172;621;739;30454;87;64;232;0,04520105502464836;0,0031720332368654594;0,052766340350876836;0;0,008586686373865313;0,889835461467239;4,254563132856099E-4;1,2967233219348977E-5;0
43000;3,69;-30,0;-1;-1;2050;3964;3247;621;755;32292;87;64;232;0,034192465571585916;0,0027050014725397624;0,04224520646089748;0;0,007148751958482395;0,9137085745364945;0;0;0
44500;3,793;-29,0;-1;-1;2118;3974;3310;624;766;33661;89;69;234;0;0,0029029231152538078;0,04283127300736609;5,705825459575978E-4;0,018424599074534653;0,9352706222568878;0;0;0
46000;3,97;-21,0;-1;-1;2121;3979;3385;625;796;35075;90;69;235;0;0,003184420184539382;0;6,267517402895108E-4;0,019254331876710915;0,9769344961984603;0;0;0
47500;4,056;-43,0;-1;-1;2121;3983;3385;625;828;36539;90;69;235;0;0,002889641214703937;0;5,69943861705988E-4;0,016682078407113478;0,9795384136076027;0;0;3,1992290887397824E-4
49000;4,146;-36,0;-1;-1;2125;3992;3387;629;844;38034;91;72;238;0;0,002720948779905881;0;5,35805535045354E-4;0;0,9964438201179344;0;0;2,9942556711430953E-4
50500;4,223;-33,0;-1;-1;2125;3994;3387;630;844;39530;91;72;239;0,029375035751307555;0,0025600448812979565;0;5,037111875613224E-4;0;0,9675612081798333;0;0;0
52000;4,3;-31,0;-1;-1;2163;3998;3387;630;844;40988;91;72;239;0,02208681715218015;0,002018516506223529;0,028346373999373835;3,980320961087969E-4;0;0,9471502602461137;0;0;0
53500;4,361;-36,0;-1;-1;2190;4001;3428;631;845;42440;91;73;243;0,41601202323290604;0,03911226425389018;0,53716154348822;0,007714169024983776;0;0;0;0;0
55000;4,429;-27,0;-1;-1;2688;4033;4391;638;845;42440;91;73;243;0,2770812403871438;0,01606984101029136;0,6113135862337445;0,0031854121202699883;0,09234992024855021;0;0;0;0
56500;4,505;-21,0;-1;-1;3518;4043;4969;641;924;42440;91;73;243;0,6015873115968833;0;0,29926895808309;9,89732016881723E-4;0,09760023510703317;0;0;0;5,537631961116677E-4
58000;4,573;-25,0;-1;-1;4456;4043;5395;643;1058;42440;91;73;243;0,5850834330119764;0;0,3091856707796781;0,001264994772804095;0,10446590143554135;0;0;0;0
59500;4,65;-26,0;-1;-1;5401;4045;5753;643;1257;42458;93;73;244;0,24406523581752756;0;0,08808433788320441;2,623434594529491E-4;0,04525306675857317;0,6223350160812419;0;0;0
61000;4,734;-29,0;-1;-1;5760;4045;5900;643;1334;43375;93;73;244;0,23869705034641536;0;0,10251970041990398;0;0,05778537554207082;0,60099787369161;0;0;0
62500;4,806;-28,0;-1;-1;6126;4045;6049;643;1418;44276;93;73;244;0,3244736237732711;0,001118496269446565;0,08672228829145573;0;0,046632139424542626;0,541053452241284;0;0;0
64000;4,879;-26,0;-1;-1;6586;4048;6192;643;1493;45095;93;73;244;0;0,0016724944327195167;0,12054912681296649;0;0,06370440788421487;0,814073970870099;0;0;0
65500;4,951;-37,0;-1;-1;6586;4050;6368;643;1579;46331;93;73;244;0;0,001680762199289463;0,1102285809602332;0;0,05786660406817644;0,8300371947674005;0;0;1,8685800490043678E-4
67000;5,033;-39,0;-1;-1;6590;4056;6554;644;1666;47571;93;74;245;0;0,0020303843986421814;0;4,0438400226889285E-4;0,061945292096716655;0,9353941123026802;0;0;2,2582719969202272E-4
68500;5,08;-41,0;-1;-1;6590;4058;6554;645;1752;48982;93;74;245;0;0,0021156016122572006;0;4,2113403937853123E-4;0,0604575429741935;0,9370057213741708;0;0;0
70000;5,14;-42,0;-1;-1;6590;4061;6554;645;1837;50394;93;74;245;0,33877004942107664;0,0014979048585458694;0;2,9852214450962086E-4;0,03992297990807775;0,6195105436677901;0;0;0
71500;5,184;-42,0;-1;-1;7086;4062;6554;646;1889;51344;93;74;245;0,32693933820891724;0,001686818712861561;0;3,359892806216681E-4;0;0,6710378537975995;0;0;0
73000;5,23;-35,0;-1;-1;7563;4062;6554;647;1889;52366;93;74;245;0,3005523088011803;0,0014554523603757276;0,08753450233863691;2,8965922851436986E-4;0;0,6101680772712927;0;0;0
74500;5,289;-30,0;-1;-1;7981;4064;6708;650;1889;53289;93;74;245;0;0,0019166668707468978;0,12552280196685536;3,8069231708814407E-4;0;0,8719658645436423;0;0;2,139743016672274E-4
76000;5,372;-34,0;-1;-1;7983;4071;6871;650;1891;54639;94;76;247;0;0,0017261695742260335;0,10343162973113013;0;0;0,8946496037588026;0;0;1,9259693584122286E-4
77500;5,457;-38,0;-1;-1;7983;4075;7027;650;1891;55979;94;76;247;0;0,0017644766733767813;0,09768765416756227;0;0,045672212292572824;0,854875656866488;0;0;0
79000;5,552;-37,0;-1;-1;7983;4078;7164;650;1968;57262;94;76;247;0;0,0017399641542458148;0,10302428021139486;0;0,059771763593115534;0,8354639920412439;0;0;0
80500;5,641;-44,0;-1;-1;7983;4081;7310;650;2047;58534;94;76;247;0,24505704194727004;0,0013816569506878767;0,07633594697725173;0;0,043493986688315084;0,6337313674364753;0;0;0
82000;5,721;-44,0;-1;-1;8331;4084;7432;650;2125;59483;94;76;247;0,6482104290156386;0,004330054192498062;0,2227636623983832;8,768693624466077E-4;0,12381898503103339;0;0;0;0
83500;5,803;-31,0;-1;-1;9408;4091;7713;650;2260;59483;94;76;247;0,7659182274891532;0,0030551190960818484;0,15584581055766122;0;0,07483430172976342;0;0;0;3,4654112734056107E-4
85000;5,89;-27,0;-1;-1;10513;4092;7970;650;2397;59483;94;76;247;0,7307998908226311;0,0032714742322713913;0,16860008953012415;0;0,09732854541497335;0;0;0;0
86500;5,974;-23,0;-1;-1;11571;4097;8226;652;2580;59502;98;76;248;0,6772599824499564;0,0036487938212009315;0,19248442155599368;0;0,1266068021728489;0;0;0;0
88000;6,06;-25,0;-1;-1;12621;4098;8475;652;2780;59502;98;76;248;0,26107963349238006;0,0014146194742638083;0,0671077603578325;0;0,05376925447561837;0,6166287321999052;0;0;0
89500;6,14;-27,0;-1;-1;12984;4099;8577;652;2857;60459;98;76;248;0,25170933690026437;0,0014248151550452827;0;0;0,06677353085494143;0,6800923170897489;0;0;0
91000;6,216;-30,0;-1;-1;13354;4101;8577;652;2948;61496;98;76;248;0,23658124802749086;0,0014321998561895892;0;2,9188333896500005E-4;0,061576896079465794;0,7001177726978888;0;0;0
92500;6,283;-30,0;-1;-1;13722;4104;8577;653;3021;62551;98;76;248;0;0,0018563079448146909;0;3,7833512294913486E-4;0,0757015946229812;0,9218523032050122;0;0;2,1145910424266078E-4
94000;6,352;-39,0;-1;-1;13722;4106;8577;653;3131;63939;98;76;248;0;0,0018929183140614244;0;0;0,07103433142148756;0,927072750264451;0;0;0
95000;6,397;-39,0;-1;-1;13722;4110;8577;653;3202;64864;98;76;248;0;0,0018176945293440043;0,08329589093267822;0;0,06482225080140544;0,8500641637365723;0;0;0
96500;6,472;-35,0;-1;-1;13722;4110;8707;653;3282;66154;98;76;248;0;0,0018234013381889986;0,08962335014673367;0;0,06093139863203318;0,8476218498830441;0;0;0
98000;6,533;-38,0;-1;-1;13724;4116;8855;654;3379;67420;98;76;249;0,2336915979946736;0,0014488089062288378;0,06823963579055323;0;0,04559759524891502;0,6510223620596293;0;0;0
99500;6,597;-28,0;-1;-1;14080;4118;8942;654;3447;68407;98;76;249;0;0,0018962319688883356;0,08690212696629543;3,8886549473136206E-4;0,05701689497819368;0,8537958805918912;0;0;0
101000;6,664;-35,0;-1;-1;14080;4119;9088;655;3524;69682;98;76;249;0;0,002023534781002833;0,09938253365705597;4,1452000550322183E-4;0;0,898179411556438;0;0;0
102500;6,73;-41,0;-1;-1;14080;4120;9232;656;3524;71036;98;76;249;0;0,0020811080943460656;0,09746277761630481;4,2595088167812615E-4;0;0,8997915413822312;0;0;2,3862202543975959E-4
104000;6,796;-44,0;-1;-1;14080;4126;9390;656;3524;72371;98;76;250;0;0,0021525000530169583;0,09592622528408465;0;0;0,9016746597114624;0;0;2,4661495143602993E-4
105500;6,866;-44,0;-1;-1;14080;4128;9518;656;3524;73741;98;76;250;0;0,002290186584857972;0,09809661509776664;0;0;0,8996131983173754;0;0;0
106500;6,921;-44,0;-1;-1;14080;4130;9615;656;3524;74642;98;76;250;0,24872792808168687;0,0016711230028175796;0,06957524447467989;0;0,04786238740931495;0,6321633170315009;0;0;0
108000;6,996;-44,0;-1;-1;14427;4131;9727;656;3588;75618;98;76;250;0,2623286397176635;0,0019053137249725278;0;0;0,052365326624178116;0,6834007199331859;0;0;0
109500;7,081;-27,0;-1;-1;14800;4133;9727;656;3697;76634;98;76;250;0,2385026562147953;0,0019186186012717557;0;3,952952676191757E-4;0,07973709053278433;0,6794463393835294;0;0;0
111000;7,184;-27,0;-1;-1;15128;4136;9727;659;3822;77700;99;78;252;0,23438565806420586;0;0;4,2441899885900975E-4;0,07975405504645731;0,6851994070144717;0;0;2,3646087600616243E-4
112500;7,291;-28,0;-1;-1;15462;4136;9727;660;3942;78745;99;78;252;0,2103940742288386;0;0;4,532709176150303E-4;0,07942666613988414;0,7097259887136623;0;0;0
114000;7,35;-28,0;-1;-1;15751;4136;9727;660;4068;79830;99;78;252;0,1904466305287601;0;0,08536742015607295;4,3413640328439867E-4;0,07084632867361497;0,6529054842382677;0;0;0
115500;7,408;-26,0;-1;-1;16043;4136;9845;660;4177;80811;99;78;252;0,17740687484163337;0;0,08581038873990597;0;0,0774733032380114;0,6593094331804493;0;0;0
117000;7,465;-33,0;-1;-1;16351;4136;9981;660;4297;81747;99;78;252;0,16941710643944782;0,0018608700195876964;0,08796329288258402;0;0,08570886241936955;0,6550498682390109;0;0;0
118500;7,608;-32,0;-1;-1;16580;4142;10138;660;4416;82736;99;78;252;0;0,0031681383822011137;0,10931061981940926;0;0,10196614496613153;0,7855550968322581;0;0;0
120000;7,724;-41,0;-1;-1;16580;4146;10291;660;4564;83931;99;78;252;0;0,0032403068875518134;0,10685053477193406;0;0,09896836774217209;0,7906848335622915;0;0;2,559570360505677E-4
121500;7,801;-42,0;-1;-1;16580;4151;10457;660;4739;85084;99;78;253;0;0,015128555004181416;0,4756372168254716;0,0021468280389079016;0,5058932012339284;0;0;0;0,0011941988975106826
123000;7,896;-45,0;-1;-1;16580;4181;11153;667;5503;85084;99;78;256;0;0,035416368926364294;0;0,005044741707032622;0,9567293919119142;0;0;0;0,0028094974546888562
124500;7,965;-45,0;-1;-1;16580;4259;11153;681;6902;85084;99;78;265;0,793834228055506;0,012600867029112863;0;0,0018194878483387884;0,19174541706704246;0;0;0;0
126000;8,039;-26,0;-1;-1;17809;4274;11156;688;7152;85102;100;79;266;0,8043101942593059;0,01299713668938014;0;0,0018682648681129575;0,18082440418320092;0;0;0;0
127500;8,106;-27,0;-1;-1;19014;4293;11156;689;7427;85102;100;79;266;0,168831763571984;0,0031886559973584236;0;4,615737616018281E-4;0,040374980537005;0,7871430261320507;0;0;0
129000;8,212;-29,0;-1;-1;19256;4300;11156;691;7493;86285;100;79;266;0,17016922343433175;0,003166529174370115;0,07999048903665577;4,584946210561288E-4;0;0,7462152637335863;0;0;0
130500;8,278;-29,0;-1;-1;19521;4306;11289;692;7493;87380;100;79;266;0,1838755330312125;0,003574812422278045;0;5,182778610285987E-4;0;0,8117406040874094;0;0;2,9077259807137407E-4
132000;8,352;-29,0;-1;-1;19806;4308;11289;693;7493;88592;100;79;266;0,18289652391378602;0,0037383452740672313;0;5,418896801813682E-4;0;0,8125188258783911;0;0;3,0441525357441927E-4
133500;8,427;-29,0;-1;-1;20087;4314;11289;693;7493;89805;100;79;266;0,18267014186172925;0,0039164138990263365;0;5,69415152181908E-4;0;0,8128440290870624;0;0;0
135000;8,501;-32,0;-1;-1;20361;4319;11289;695;7493;91024;100;79;266;0,18371207683569202;0,0037021968369637323;0;5,378806002677304E-4;0,04012347679100165;0,7719243689360747;0;0;0
136500;8,58;-40,0;-1;-1;20645;4323;11289;696;7547;92181;100;79;266;0;0,004641158369718511;0;6,748045637649946E-4;0,049424032294177765;0,9452600047723387;0;0;0
138000;8,663;-40,0;-1;-1;20645;4335;11289;696;7620;93596;100;79;266;0;0,004373721117300279;0,10819628789780707;6,392987920877463E-4;0,0457096133598429;0,841081078832962;0;0;0
139500;8,742;-41,0;-1;-1;20645;4339;11451;698;7693;94855;100;79;266;0;0,004625028426376938;0;6,754518681514029E-4;0,055552055435314815;0,9387651282587539;0;0;3,823360114030102E-4
141000;8,812;-27,0;-1;-1;20645;4348;11451;699;7774;96262;100;79;268;0;0,004843600685529157;0;7,093500609932871E-4;0;0,994047159117154;0;0;3,998901363234775E-4
142500;8,878;-40,0;-1;-1;20647;4355;11452;701;7778;97766;101;79;269;0,1871583663844985;0,003907337980180453;0;5,724547356700851E-4;0;0,808361840899651;0;0;0
144000;8,947;-27,0;-1;-1;20921;4364;11452;703;7778;98981;101;79;269;0,18864338694538466;0,0038779249398012573;0;5,685273422721587E-4;0;0,8069101607725419;0;0;0
145500;9,015;-33,0;-1;-1;21229;4370;11452;703;7778;100167;101;79;269;0,18236098461613326;0,003928924306372958;0;5,775905863361577E-4;0;0,8131325004911576;0;0;0
147000;9,086;-24,0;-1;-1;21494;4374;11452;703;7778;101398;101;79;269;0,17212006010269462;0,0038634597838627985;0;5,691137193091285E-4;0,04453486525557751;0,778912501138556;0;0;0
148500;9,159;-28,0;-1;-1;21753;4380;11452;703;7844;102567;101;79;269;0,15471169654722663;0,0036250913884901042;0,07932308055237694;0;0,04773186921842985;0,7143053487749315;0;0;3,0291351854506917E-4
150000;9,225;-27,0;-1;-1;21958;4383;11566;703;7912;103677;101;79;269;0,14504920018276385;0,00351081626465908;0,08295075864687443;0;0,045199212458070605;0,723290012447632;0;0;0
151500;9,291;-34,0;-1;-1;22176;4386;11695;703;7960;104779;101;79;269;0;0,004128312577013832;0,10446666333188373;0;0,052304708830477734;0,8391003152606247;0;0;0
153000;9,369;-32,0;-1;-1;22176;4394;11848;703;8037;106041;101;79;269;0;0,0037057936399147243;0,12051032921376069;0;0,05327075818985583;0,8225131189564688;0;0;0
154500;9,425;-36,0;-1;-1;22176;4400;12035;703;8115;107270;101;79;269;0;0,0036133070905310467;0,11334316638330653;5,386125979943953E-4;0,05086104471073945;0,8316438692174287;0;0;0
156000;9,477;-35,0;-1;-1;22176;4407;12201;704;8188;108523;101;79;269;0;0,003823983654824342;0;5,707767784170091E-4;0,07050972830986552;0,9250955112568932;0;0;0
157500;9,531;-36,0;-1;-1;22176;4409;12201;706;8274;109933;101;79;269;0,12415480914829623;0,00309045614234272;0;4,60959440487505E-4;0,05568651914287247;0,816345858012142;0;0;2,6139811385911905E-4
159000;9,588;-32,0;-1;-1;22347;4416;12203;708;8351;111199;101;81;269;0,12208237975823041;0,002934955192187712;0;4,400214591925133E-4;0,05227158509023295;0,8222710585001564;0;0;0
160500;9,638;-29,0;-1;-1;22538;4418;12203;709;8424;112432;101;81;269;0;0,0032598211344950535;0;4,88576198027525E-4;0,057000030583751374;0,939251572083726;0;0;0
162000;9,702;-35,0;-1;-1;22538;4424;12203;710;8513;113836;101;81;269;0;0,0028779590196137375;0,08820104521280714;4,3178734994744596E-4;0,05563845885131055;0,8528507495663211;0;0;0
163500;9,783;-43,0;-1;-1;22538;4425;12348;711;8591;115111;101;81;269;0;0,0031776127088136963;0;4,764167147004101E-4;0,05917508207629668;0,9371708885001891;0;0;0
165000;9,862;-36,0;-1;-1;22538;4426;12348;711;8692;116509;101;81;269;0;0,002774279647240179;0;4,1621409819321374E-4;0,056735747145919;0,9400737591086475;0;0;0
166500;9,945;0,0;-1;-1;22538;4430;12348;712;8781;117915;101;81;269;0,10464228657573721;0,002568635320379854;0;3,85564830492662E-4;0,050516497665314075;0,8418870156080762;0;0;0
168000;10,025;-34,0;-1;-1;22703;4435;12348;712;8853;119173;101;81;269;0,10063885999963683;0,0025345487816302663;0;0;0,05519055388577916;0,8414181418789168;0;0;2,178954540368581E-4
169500;10,106;-32,0;-1;-1;22832;4439;12348;712;8935;120458;101;81;269;0,09126570549363155;0,00236809597905098;0;0;0,050041509692712524;0,856324688834605;0;0;0
171000;10,183;-34,0;-1;-1;22970;4445;12348;712;9014;121735;101;81;269;0,08680959846024644;0,0021793301708337223;0,06464011639803607;0;0,04499227080684528;0,8013786841640386;0;0;0
172500;10,245;-36,0;-1;-1;23084;4448;12440;712;9078;122962;101;81;269;0,4377151990314869;0,011169952379398395;0,32446383302429876;0;0,22665101556481598;0;0;0;0
174000;10,309;-25,0;-1;-1;23649;4478;13000;712;9423;122962;101;81;269;0,39490698346290576;0,014500466718509889;0,34723640114320237;0,0015823830008036119;0,24177376567457837;0;0;0;0
175500;10,379;-29,0;-1;-1;24173;4509;13515;721;9846;122982;104;83;271;0;0,025958306180358038;0,5696091520805462;0,010244980861156132;0,39418756087793966;0;0;0;0
177000;10,442;-39,0;-1;-1;24173;4538;14266;735;10552;122982;104;83;271;0;0,01919887552744938;0,49344234122572905;0,007534034034596324;0,4798247492122253;0;0;0;0
178500;10,506;-33,0;-1;-1;24173;4575;14941;754;11321;122982;104;83;271;0;0,003734817982450152;0,0911219848342161;0,0014510102336389083;0,17359155662563885;0,7301006303240559;0;0;0
180000;10,568;-35,0;-1;-1;24173;4584;15093;759;11569;124068;104;83;271;0;0,003935998798967955;0;0,00152518128225109;0,18563578105645628;0,8087162218491559;0;0;1,8681701316880815E-4
181500;10,631;-32,0;-1;-1;24173;4588;15093;764;11851;125277;104;83;271;0,07551820862748286;0,003541333137863554;0;0,0013656132172026863;0,17962801531383998;0,739946829703611;0;0;0
183000;10,694;-33,0;-1;-1;24294;4592;15093;764;12126;126377;104;83;271;0,0737262880638143;0,0035122313011693696;0;0;0,16682565744905567;0,7559358231859606;0;0;0
184500;10,754;-36,0;-1;-1;24410;4595;15093;764;12385;127499;104;83;271;0,0717592092790657;0,0033033747059927846;0;0;0,1815514015543858;0,7433860144605557;0;0;0
186000;10,798;-31,0;-1;-1;24510;4597;15093;764;12663;128619;104;83;271;0,06501954656559567;0,0030227124740303205;0,07208883653161056;0;0,15874387232733767;0,7011250321014257;0;0;0
187500;10,841;-36,0;-1;-1;24598;4604;15190;764;12895;129695;104;83;271;0;0,003223656649751492;0,07599783627859581;0;0,17446804349431638;0,7463104635773363;0;0;0
189000;10,881;-40,0;-1;-1;24598;4610;15307;764;13142;130825;104;83;271;0;0,003112283506555694;0,07787478452647942;0,0012100656249658655;0,1731738495637775;0,7446290167782215;0;0;0
190500;10,924;-41,0;-1;-1;24598;4618;15436;765;13372;131957;104;83;271;0;0,012534514148980316;0,30897269812424;0,004881284884240039;0,6736115028425396;0;0;0;0
192000;10,963;-30,0;-1;-1;24599;4631;15830;771;14457;131979;105;83;275;0;0,009426536545732963;0,23881053735758823;0,003666919730213176;0,7480960063664657;0;0;0;0
193500;11,001;-29,0;-1;-1;24599;4644;16107;771;15667;131979;105;83;275;0,09129420194610242;0,0042264979143238745;0,1365850284390876;0,0016498324404624518;0,7660409618699325;0;0;0;2,0347739009099103E-4
195000;11,039;-28,0;-1;-1;24741;4656;16301;772;16818;131979;105;83;275;0,08431155191448084;0,0037537196880499737;0,11893290158765485;0,0014688150382833089;0,791533011771531;0;0;0;0
196500;11,077;-25,0;-1;-1;24879;4661;16506;778;17964;131979;105;83;275;0;0,0020469163283980754;0,06770466777598451;7,981254991265356E-4;0,4408531632684776;0,4885971271280133;0;0;0
198000;11,118;-39,0;-1;-1;24879;4662;16612;779;18641;132694;105;83;275;0;0,003567458615751777;0,12418084580728811;0,0013902218312786502;0;0,8708614737456815;0;0;0
199500;11,161;-32,0;-1;-1;24879;4664;16807;783;18641;133993;105;83;275;0;0,003455689105792706;0,12497693395646824;0,0013424181324481269;0;0,8702249588052908;0;0;0
201000;11,204;-39,0;-1;-1;24879;4670;17003;786;18641;135288;105;83;275;0;0,0034294174680867583;0,12101763279462754;0,0013307187237530018;0;0,8742222310135327;0;0;0
202500;11,248;-43,0;-1;-1;24879;4677;17170;786;18641;136614;105;83;275;0,07163848593956598;0,003210868547635197;0,11106013791414439;0,0012487890854865511;0;0,8128417185131679;0;0;0
204000;11,292;-43,0;-1;-1;24993;4683;17322;788;18641;137840;105;83;275;0,07882681126204948;0,0035692056357330853;0,12116684901671322;0,0013876883879252152;0,795049445697579;0;0;0;0
205500;11,334;-28,0;-1;-1;25109;4685;17487;788;19858;137840;105;83;275;0,07332545978462413;0,0031992579380985798;0,1064282360275901;0;0,8170470462496873;0;0;0;0
207000;11,379;-29,0;-1;-1;25237;4691;17652;788;21059;137840;105;83;275;0,08005135265174478;0,0035330499302541965;0,11516455488071084;0;0,8010783506701374;0;0;0;1,726918671527179E-4
208500;11,426;-28,0;-1;-1;25365;4700;17819;790;22255;137861;108;85;275;0,08717741287207598;0,003707270755239329;0,12623325895795373;0;0,7828820574147309;0;0;0;0
210000;11,468;-32,0;-1;-1;25510;4704;17999;790;23426;137861;108;85;275;0,04600494427164573;0,0019819814716712575;0,06604963003540497;0;0,391840693024533;0,49412275119674504;0;0;0
211500;11,522;-32,0;-1;-1;25577;4710;18104;790;23992;138617;108;85;275;0,04754606631076764;0;0,06771519532193204;8,067400946091477E-4;0,3771633431647504;0,5067686551079407;0;0;0
213000;11,587;-37,0;-1;-1;25646;4710;18215;790;24527;139402;108;85;275;0,04870712785815638;0;0,07289731146169569;0;0,3570585388655443;0,5213370218146036;0;0;0
214500;11,632;-37,0;-1;-1;25730;4710;18320;790;25055;140185;108;85;275;0,04976981231205349;0;0,07408621832283117;0;0,3463879921061515;0,5297559772589638;0;0;0
216000;11,683;-35,0;-1;-1;25798;4710;18430;790;25583;140979;108;85;275;0,05264183430557182;0;0,07518374939152253;0;0,3363355173637562;0,5358388989391495;0;0;0
217500;11,733;-19,0;-1;-1;25875;4710;18541;790;26082;141792;108;85;275;0,05327586053492525;0,002183152501540856;0,07549429095658966;0;0,3229130972314802;0,546133598775464;0;0;0
219000;11,778;0,0;-1;-1;25959;4717;18655;790;26579;142590;108;85;275;0;0,0022216278203727076;0,08051195512589432;0;0,3552322641883893;0,5620341528653438;0;0;0
220500;11,824;-37,0;-1;-1;25959;4719;18761;790;27192;143369;108;85;275;0;0,002013581968443677;0,07639667285503783;7,90304172744648E-4;0,37533999993499695;0,5453600021113052;0;0;9,943895747160414E-5
222000;11,872;-41,0;-1;-1;25959;4719;18871;790;27726;144224;108;85;276;0;0;0,08192392766442855;0;0,36353574044704745;0,5544382633599996;0;0;1,0206852852448015E-4
223500;11,916;-37,0;-1;-1;25959;4719;18996;790;28225;145100;108;85;276;0;0;0,07890938622879065;0;0,3696304565499304;0,551460157221279;0;0;0
224500;11,95;-37,0;-1;-1;25959;4720;19087;791;28577;145671;109;88;277;0,045241195897135274;0;0,07181047067294637;0;0,3480022137548657;0,5349461196750526;0;0;0
226000;12,009;-30,0;-1;-1;26041;4720;19201;791;29080;146472;109;88;277;0,04905173552612075;0;0,07051041918589106;0;0,3356943014775014;0,5447435438104867;0;0;0
227500;12,056;-33,0;-1;-1;26104;4720;19305;791;29612;147273;109;88;277;0,04788123048780521;0,0018347698866381969;0,06835311707425348;0;0,3495756237710187;0,5323552587802843;0;0;0
229000;12,105;-24,0;-1;-1;26183;4724;19418;791;30135;148054;109;88;277;0;0,0019111983647730267;0,07428068677555125;0;0,3645281422777448;0,5591856795984047;0;0;9,42929835262266E-5
230500;12,17;-41,0;-1;-1;26183;4728;19521;791;30673;148909;109;88;277;0;0,0019227772719578558;0,07345272483995163;7,569493269915039E-4;0,35013936729111317;0,5737281812699858;0;0;0
232000;12,214;-41,0;-1;-1;26183;4731;19640;791;31216;149744;109;88;277;0;0,0019733710590433156;0,07438070135939744;7,775891738576139E-4;0,34162508472887854;0,5812432536788231;0;0;0
233500;12,268;-41,0;-1;-1;26183;4732;19765;795;31701;150629;109;88;277;0;0,002047688550236079;0;0,0024943713464542273;0,3639407525839894;0,6315171875193203;0;0;0
235000;12,329;-41,0;-1;-1;26183;4733;19765;799;32217;151608;109;88;277;0,05230923287758863;0,0020141747706998604;0;0,0024417593169731968;0,3353637421446843;0,6078710908900541;0;0;0
236500;12,374;-34,0;-1;-1;26277;4737;19765;803;32717;152506;109;88;277;0;0,002053808828512857;0;0,0024842239352948947;0,3633445967959028;0,6321173704402895;0;0;0
238000;12,417;-34,0;-1;-1;26277;4737;19765;808;33261;153457;109;88;277;0;0,002023140617237132;0;0,0024354151518997096;0,35065705570743716;0,6447839855063312;0;0;1,004030170947605E-4
239500;12,461;-37,0;-1;-1;26277;4738;19765;814;33783;154428;109;88;277;0;0,0019147877929452993;0,07090912683861025;0,002292630060005251;0,31663548747917825;0,6082479678292609;0;0;0
241000;12,507;-34,0;-1;-1;26278;4745;19879;819;34271;155335;114;88;281;0;0,0027645832796456935;0,10122776284521917;0,0033024627988710643;0;0,892705191076264;0;0;0
242500;12,55;-37,0;-1;-1;26278;4756;20041;823;34271;156658;114;88;281;0;0,0027927455465681698;0,10065627167060269;0,003332915650454603;0;0,8932180671323746;0;0;0
244000;12,594;-40,0;-1;-1;26278;4761;20205;825;34271;157987;114;88;281;0,06804099016536688;0,002624926036676091;0,09290908261362249;0,0031316433852312284;0;0,8332933577991033;0;0;0
245500;12,643;-40,0;-1;-1;26372;4762;20342;829;34271;159251;114;88;281;0,40996033188149195;0,015974742000120033;0,5550813381597731;0,01898358795861481;0;0;0;0;0
247000;12,688;-40,0;-1;-1;27006;4778;21178;843;34271;159251;114;88;281;0,10891210086902241;0,004494535575955667;0,14186706447925626;0,005291403796637139;0,7394348952791285;0;0;0;0
248500;12,73;-29,0;-1;-1;27159;4787;21392;850;35388;159251;114;88;281;0,10907589518828542;0,004552324086296128;0;0,005336723865386596;0,8808072330033854;0;0;0;2,2782385664633285E-4
250000;12,791;-31,0;-1;-1;27354;4797;21392;860;36673;159251;114;88;281;0,13066146629801817;0,005098755140410337;0;0,0059235233385794405;0,8583162552229922;0;0;0;0
251500;12,835;-30,0;-1;-1;27564;4802;21392;874;37944;159251;114;88;281;0,05282569909500064;0,0019256194640085449;0;0,0022100567803586945;0,3380036719191079;0,6050349527415243;0;0;0
253000;12,881;-31,0;-1;-1;27645;4805;21392;875;38441;160169;114;88;281;0,07854623427246137;0,002883369345257591;0;0,003309264715698634;0;0,9152611316665823;0;0;0
254500;12,925;-32,0;-1;-1;27750;4810;21392;880;38441;161554;114;88;281;0,07248538580439035;0,0026842772317158875;0,08360223725382261;0,003071990793213527;0;0,8381561089168577;0;0;0
256000;12,976;-27,0;-1;-1;27857;4815;21539;883;38441;162792;114;88;281;0;0,0027438870107073395;0,09901369887964681;0,0031350092671005437;0;0,8951074048425453;0;0;0
257500;13,051;-39,0;-1;-1;27860;4823;21685;887;38443;164159;115;90;283;0;0,002725915893517424;0,09641201445963798;0,0031076195808971726;0;0,8977544500659475;0;0;0
259000;13,129;-37,0;-1;-1;27860;4826;21822;891;38443;165515;115;90;283;0;0,00182536902692168;0,06677357121782908;0,0020734674108077848;0,3172192249466894;0,612108367397752;0;0;0
260500;13,267;-39,0;-1;-1;27860;4830;21927;893;38899;166448;115;90;283;0;0,0018400370398462661;0;0,002087575082300443;0,3542281712385118;0,6417509112328708;0;0;9,330540647068002E-5
262000;13,331;-45,0;-1;-1;27860;4831;21927;895;39434;167410;115;90;283;0,046028787844348794;0,0017132177841610557;0;0,0019396020143949862;0,34024470236798326;0,6100736899891119;0;0;0
263500;13,393;-40,0;-1;-1;27929;4833;21927;900;39921;168347;115;90;283;0;0,0017462581598786256;0;0,0019666201395298556;0,35788726659181813;0,6383998551087734;0;0;0
265000;13,458;-34,0;-1;-1;27929;4835;21927;903;40476;169287;115;90;283;0;0,0016900282428579012;0;0,0018976117597133393;0,3706201875896302;0,6257921724077986;0;0;0
266500;13,53;-37,0;-1;-1;27929;4836;21927;905;41066;170194;115;90;283;0;0,0015550094974014052;0,0572772649822218;0,001741686829252219;0,353426080517063;0,5859999581740617;0;0;0
268000;13,597;-39,0;-1;-1;27929;4837;22012;909;41607;171063;115;90;283;0;0,0016323946335837288;0;0,00181725386757148;0,36408050255526564;0,6324698489435792;0;0;0
269500;13,676;-29,0;-1;-1;27929;4839;22012;913;42153;172011;115;90;283;0;0,001637873121956377;0;0,0018147102146049742;0,36134343101217375;0,635203985651265;0;0;0
271000;13,756;-39,0;-1;-1;27929;4840;22012;915;42689;172972;115;90;283;0,04257681103073101;0,0015951038309043569;0;0,001763026550157611;0,336044209761435;0,618020848826772;0;0;0
272500;13,831;-29,0;-1;-1;27988;4840;22012;917;43195;173905;115;90;283;0,042737538508511703;0;0;0,0017809800312444891;0,33273693174273683;0,6227445497175069;0;0;0
274000;13,91;-31,0;-1;-1;28048;4844;22012;919;43731;174826;119;90;284;0,04354488449524372;0;0;0,0018315181346486417;0,3225710910795211;0,6320525062905865;0;0;0
275500;13,98;-31,0;-1;-1;28098;4844;22012;920;44229;175777;119;90;284;0,04194337582851872;0;0,058632665400137854;0,001774721009178654;0,29845275102959734;0,5991964867325674;0;0;0
277000;14,051;-36,0;-1;-1;28154;4844;22107;920;44681;176674;119;90;284;0,04147705887526451;0;0,05754841578434681;0;0,3003438457402974;0,6006306796000913;0;0;0
278500;14,12;-35,0;-1;-1;28219;4844;22183;920;45130;177584;119;90;284;0,0410935521903119;0,0016074383737781544;0,05681488344668472;0;0,304140000681045;0,5963441253081803;0;0;0
280000;14,19;-33,0;-1;-1;28275;4850;22265;920;45587;178483;119;90;284;0,043076785221595346;0,0016944627961412112;0;0;0,31853552311343764;0,6366932288688258;0;0;0
281500;14,259;-31,0;-1;-1;28340;4855;22265;920;46050;179450;119;90;284;0,043125293912803585;0,001706990289717833;0;0;0,3134140769182136;0,641753638879265;0;0;0
283000;14,331;-36,0;-1;-1;28401;4857;22265;920;46528;180409;119;90;284;0,044397398152016695;0,0016977782360727656;0;0,0018770748251036072;0,30316019237842423;0,6488675564083827;0;0;0
284500;14,407;-32,0;-1;-1;28474;4863;22265;923;46965;181390;119;90;284;0,06310798779897997;0,0024333907649315843;0;0,002687648322888413;0;0,9317709731132001;0;0;0
286000;14,476;-39,0;-1;-1;28566;4865;22265;928;46965;182791;119;90;284;0,058487515950530304;0,0022817972283525455;0,08001060854712733;0,0024936389796653075;0;0,8567264392943245;0;0;0
287500;14,53;-34,0;-1;-1;28647;4870;22393;934;46965;184071;119;90;284;0,0651332956192659;0,002452291594001986;0;0,0026701024102837507;0;0,9297443103764484;0;0;0
289000;14,605;-37,0;-1;-1;28739;4874;22393;937;46965;185472;119;90;284;0,06428104859509955;0,002448623865710338;0;0,0026599333840663228;0;0,9306103941551238;0;0;0
290500;14,685;-39,0;-1;-1;28827;4882;22397;942;46967;186894;120;92;286;0,04410054194974714;0,0016958406363500882;0;0,0018366479568031465;0,29656461390972527;0,6558023555473744;0;0;0
292000;14,762;-34,0;-1;-1;28906;4884;22397;947;47408;187867;120;92;286;0;0,0017723399726289023;0;0,0019083449974925159;0,3129218831354143;0,6833974318944643;0;0;0
293500;14,842;-35,0;-1;-1;28906;4886;22397;949;47876;188895;120;92;286;0;0,0017182371925740828;0;0,0018468188998233817;0,3154897060365849;0,6809452378710176;0;0;0
295000;14,92;-36,0;-1;-1;28906;4888;22397;952;48336;189930;120;92;286;0;0,0016263643832536874;0,05655311445386747;0,0017426560223725042;0,2903529109520696;0,6497249541884368;0;0;0
296500;14,998;-28,0;-1;-1;28906;4890;22495;955;48770;190893;120;92;286;0;0,001703803080280387;0;0,0018201585364583544;0,3024336132060344;0,6940424251772268;0;0;0
298000;15,08;-35,0;-1;-1;28906;4891;22495;960;49180;191977;120;92;286;0,0421186881934964;0,0016348074196131678;0;0,001736248280231255;0,28293014580392445;0,6715801103027347;0;0;0
299500;15,144;-31,0;-1;-1;28954;4893;22495;962;49613;192992;120;92;286;0,05772048478423169;0,0022532575615439292;0;0,0023889807269349794;0;0,9376372769272894;0;0;0
301000;15,208;-31,0;-1;-1;29047;4898;22495;964;49613;194392;120;92;286;0,05664733415038056;0,0022331039397207697;0;0,0023668430038077956;0;0,9387527189060909;0;0;0
302500;15,276;-31,0;-1;-1;29127;4900;22495;965;49613;195809;120;92;286;0,05661046573898411;0,002253132923595106;0;0,0023871335630353853;0;0,9387492677743855;0;0;0
304000;15,34;-35,0;-1;-1;29215;4903;22495;970;49613;197213;120;92;286;0,056720431722949154;0,0022810524742520495;0;0,0024047308346358217;0;0,938593784968163;0;0;0
305500;15,405;-33,0;-1;-1;29304;4909;22495;973;49613;198615;120;92;286;0,03847122447056872;0,0015612239279582311;0,05341242433833757;0,00164426622055048;0,2621810034719759;0,6427298575706091;0;0;0
307000;15,481;-24,0;-1;-1;29361;4913;22562;980;50000;199619;121;95;289;0,051769311748915726;0,002114087575512737;0,0716328696202675;0,0022103263463407437;0;0,8722734047089632;0;0;0
308500;15,545;-38,0;-1;-1;29442;4916;22652;986;50000;200939;121;95;289;0;0,0021960472912801363;0,07734712779607891;0,002279924449387383;0;0,9181769004632536;0;0;0
310000;15,61;-36,0;-1;-1;29442;4918;22754;990;50000;202331;121;95;289;0;0,0021765758061260995;0,07546411145414396;0,002248961483834053;0;0,9201103512558958;0;0;0
311500;15,687;-37,0;-1;-1;29442;4922;22877;991;50000;203703;121;95;289;0;0,0022314545415671877;0,07441141212127679;0,002306798219383565;0;0,9210503351177725;0;0;0
313000;15,761;-42,0;-1;-1;29442;4925;22991;996;50000;205081;121;95;289;0;0,002167500144384745;0,07357197681818291;0,0022289865803029156;0;0,9220315364571294;0;0;0
314500;15,844;-44,0;-1;-1;29442;4926;23105;1000;50000;206462;121;95;289;0,03825562824935177;0,0015712733256286943;0,051429736635025584;0,0016071490154607123;0,25676510907214084;0,6503711037023924;0;0;0
316000;15,915;-35,0;-1;-1;29500;4926;23176;1003;50382;207448;121;95;289;0,03815611264954032;0;0,051094839299001917;0,0016098374020512437;0,2539945067612435;0,6551447038881629;0;0;0
317500;15,984;-36,0;-1;-1;29549;4926;23254;1006;50764;208436;121;95;289;0;0;0,054167210325874;0,0016369813779902554;0,25848826428951444;0,6857075440066214;0;0;0
319000;16,051;-36,0;-1;-1;29549;4926;23335;1007;51154;209464;121;95;289;0;0;0,052425949569442035;0,0016028218757256824;0,2667679909347022;0,6792032376201301;0;0;0
320500;16,115;-35,0;-1;-1;29549;4926;23402;1008;51559;210491;121;95;289;0;0;0,0530530813960667;0,0015577678118682552;0,2641077397508455;0,6812814110412195;0;0;0
322000;16,178;-39,0;-1;-1;29549;4926;23490;1009;51967;211494;121;95;289;0;0,0015172534742731354;0,051609706056350554;0,0015337101386095945;0,2606040131556963;0,6847353171750704;0;0;0
323500;16,249;-36,0;-1;-1;29550;4928;23575;1013;52359;212534;123;96;291;0,046672354645077026;0,0019468747504097152;0,06543030487920534;0,0019590632550245657;0;0,8839914024702833;0;0;0
325000;16,313;-37,0;-1;-1;29609;4931;23676;1016;52359;213868;123;96;291;0,04883486545145657;0,0020499935315944724;0;0,0020578544216103547;0;0,9470572865953385;0;0;0
326500;16,395;-30,0;-1;-1;29677;4934;23676;1017;52359;215296;123;96;291;0,04620101790708225;0,0020048258608063546;0;0,0020126988295304793;0;0,9497814574025809;0;0;0
328000;16,479;-32,0;-1;-1;29732;4934;23676;1020;52359;216738;123;96;291;0,044995490928459725;0,0020130727366336255;0;0,0020128162423483638;0;0,9509786200925583;0;0;0
329500;16,545;-20,0;-1;-1;29803;4937;23676;1023;52359;218161;123;96;291;0,03343443826568624;0,0015079586496967482;0;0,0015035863631626069;0,2561460024166766;0,7074080143047777;0;0;0
331000;16,617;-36,0;-1;-1;29862;4939;23676;1025;52757;219200;123;96;291;0;0,001473267923537408;0,048921818589315484;0,0014666985170309979;0,25439155442500777;0,6937466605451083;0;0;0
332500;16,685;-38,0;-1;-1;29862;4943;23735;1028;53163;220228;123;96;291;0;0,0015190601260762957;0;0,0015092175745468881;0,2708322113496516;0,7261395109497252;0;0;0
334000;16,755;-39,0;-1;-1;29862;4944;23735;1028;53542;221348;123;96;291;0;0,0015006983997561056;0;0,001491716615941757;0,26741424922780566;0,7295933357564964;0;0;0
335500;16,826;-38,0;-1;-1;29862;4948;23735;1031;53915;222468;123;96;291;0;0,0014984652418702637;0;0,0014858160148411906;0,25923413675545026;0,7377815819878383;0;0;0
337000;16,895;-35,0;-1;-1;29862;4951;23735;1033;54303;223575;123;96;291;0,03197054336696482;0,0014454917508509586;0;0,0014313235719551902;0,2463074341392782;0,7188452071709508;0;0;0
338500;16,963;-36,0;-1;-1;29894;4955;23735;1037;54674;224664;123;96;291;0,12058092249233304;0,005243740116670895;0;0,005176919125177111;0,868998418265819;0;0;0;0
340000;17,037;-29,0;-1;-1;30086;4959;23736;1044;55972;224674;126;100;295;0,0987565476282051;0,004393352386873948;0,1455704761763011;0,004304692505528656;0,7469749313030912;0;0;0;0
341500;17,104;-26,0;-1;-1;30235;4964;23950;1050;57098;224674;126;100;295;0,11158957871169652;0,004844960863543668;0;0,004718090757916306;0,8788473696668434;0;0;0;0
343000;17,182;-28,0;-1;-1;30401;4970;23950;1061;58415;224674;126;100;295;0,10649773409243571;0,004524855514932604;0;0,004352442306210095;0,8846249680864217;0;0;0;0
344500;17,23;-30,0;-1;-1;30562;4973;23950;1062;59750;224674;126;100;295;0,03438077155119784;0,0014223082247703342;0;0,001368277331262504;0,26364100934295964;0,6991876335498096;0;0;0
346000;17,279;-37,0;-1;-1;30601;4975;23950;1064;60170;225711;126;100;295;0;0,001450665142937661;0;0,0013939892725238108;0,2743133116683637;0,7228420339161749;0;0;0
347500;17,352;-44,0;-1;-1;30601;4976;23950;1065;60558;226821;126;100;295;0;0,0014672656254117657;0;0,0014087297101105108;0,26947788003491496;0,7276461246295628;0;0;0
349000;17,425;-44,0;-1;-1;30601;4977;23950;1066;60960;227917;126;100;295;0;0,0015013391780915029;0;0,0014401017445607577;0,2673451290055555;0,7297134300717922;0;0;0
350500;17,498;-36,0;-1;-1;30601;4982;23950;1067;61333;229038;126;100;295;0;0,001423050828057119;0,0483285170473436;0,0013657821245845049;0,24687489210131547;0,7020077578986994;0;0;0
352000;17,561;-44,0;-1;-1;30601;4986;24024;1067;61700;230093;126;100;295;0,033510734115044453;0,0013856955867784472;0,046603017199484946;0;0,23505070499771258;0,6834498481009794;0;0;0
353500;17,632;-38,0;-1;-1;30643;4989;24080;1067;62021;231171;126;100;295;0,04374805649023353;0,0018169390649313932;0,06060254212908623;0;0;0,8938324623157489;0;0;0
355000;17,701;-40,0;-1;-1;30717;4992;24157;1067;62021;232517;126;100;295;0,04417224896281501;0,00185016331997696;0,06102632766254692;0;0;0,8929512600546612;0;0;0
356500;17,773;-37,0;-1;-1;30786;4996;24250;1068;62021;233869;126;100;303;0,0437488104619358;0,0018456531231879395;0,06007579900496356;0;0;0,8943297374099126;0;0;0
358000;17,877;-39,0;-1;-1;30854;5000;24343;1069;62021;235235;127;100;307;0,04431868540017718;0,0018836618402986222;0,06051062768546019;0,0018178490146420416;0;0,8914691760594219;0;0;0
359500;17,947;-37,0;-1;-1;30927;5004;24440;1074;62021;236556;127;100;307;0;0,0014545480282022855;0,050783851681496135;0,0033406761870436053;0,24578097280757408;0,6986399512956839;0;0;0
361000;18,022;-43,0;-1;-1;30927;5007;24507;1079;62367;237658;127;101;313;0;0,0015036630955431532;0;0,0034356442198144868;0,25852265907397143;0,7365380336106709;0;0;0
362500;18,094;-38,0;-1;-1;30927;5009;24507;1085;62774;238743;127;101;313;0;0,0014921624908967874;0;0,00338308644439421;0,2594860948796845;0,7356386561850244;0;0;0
364000;18,164;-39,0;-1;-1;30927;5011;24507;1090;63167;239843;127;101;313;0;0,0015189176354036488;0;0,0034242225070718634;0,257292949193848;0,7377639106636764;0;0;0
365500;18,238;-41,0;-1;-1;30927;5015;24507;1097;63561;240964;127;103;319;0,033986201525219674;0,0014494511007129287;0;0,0032426857159098916;0,24281981844747672;0,7185018432106808;0;0;0
367000;18,309;-33,0;-1;-1;30968;5017;24507;1100;63924;242055;127;103;319;0,041826554013975635;0,001792325697539367;0,06223178515305115;0,003996295826407398;0;0,8901530393090265;0;0;0
368500;18,379;-34,0;-1;-1;31043;5020;24597;1108;63924;243379;127;103;319;0;0,0018687103533047158;0,06714354645747869;0,004127766144506225;0;0,9268599770447103;0;0;0
370000;18,52;-34,0;-1;-1;31043;5026;24701;1112;63924;244765;127;103;319;0;0,0018729288044752232;0,06161215087283124;0,008412577301459652;0;0,928102343021234;0;0;0
371500;18,669;-32,0;-1;-1;31044;5033;24779;1123;63924;246197;127;103;321;0;0,001889039771419543;0,06153249565237388;0,008374310772161307;0;0,9282041538040452;0;0;0
373000;18,739;-37,0;-1;-1;31044;5035;24876;1136;63924;247585;127;103;321;0;0,0014155001700187997;0,04996731158379714;0,0061802401774680585;0,23578710039135561;0,7066498476773603;0;0;0
374500;18,813;-42,0;-1;-1;31044;5036;24947;1146;64278;248649;127;103;321;0,04061550271132296;0,0017458591732751022;0,06386764852839899;0,007531094342924787;0;0,8862398952440782;0;0;0
376000;18,875;-35,0;-1;-1;31106;5039;25042;1152;64278;249983;127;103;321;0,04300246417864922;0,0018593875069452478;0;0,007977893878555282;0;0,9471602544358503;0;0;0
377500;18,946;-34,0;-1;-1;31167;5042;25042;1170;64278;251401;127;103;321;0,04230480059923635;0,001841892984464719;0;0,01408889922986681;0;0,9417644071864321;0;0;0
379000;19,004;-33,0;-1;-1;31235;5046;25042;1195;64279;252832;128;103;324;0,04143571309274305;0,0018144053178206616;0;0,02281729646037154;0;0,9339325851290647;0;0;0
380500;19,072;-31,0;-1;-1;31301;5051;25042;1232;64279;254224;128;103;324;0,041086163705734535;0,0018107748115833717;0;0,02181466728401251;0;0,9352883941986696;0;0;0
382000;19,138;-32,0;-1;-1;31373;5055;25042;1262;64279;255618;128;103;324;0,02977393109881945;0,0013227620736270707;0,04809246575626835;0,015438439274209606;0,22268502473245028;0,6826873770646253;0;0;0
383500;19,21;-37,0;-1;-1;31414;5056;25105;1288;64618;256648;128;103;324;0,0383959980260424;0,0017146387415572346;0,061750228727599187;0,019349141532003566;0;0,8787899929727976;0;0;0
385000;19,28;-32,0;-1;-1;31465;5060;25191;1307;64618;257988;128;103;324;0,044068655681675395;0,0018280788833803846;0;0,020161699053396244;0;0,9339415663815479;0;0;0
386500;19,35;-37,0;-1;-1;31541;5065;25191;1338;64618;259376;128;103;324;0,04427527724173247;0,0018510879631791115;0;0,019704753137689015;0;0,9341688816573995;0;0;0
388000;19,407;-39,0;-1;-1;31598;5068;25192;1359;64618;260818;128;103;325;0,04465697469460547;0,0018764005115759473;0;0,019588611618930857;0;0,9338780131748877;0;0;0
389500;19,466;-35,0;-1;-1;31660;5070;25192;1389;64618;262224;128;103;325;0,04467262097632651;0,001889128411340135;0;0,01914519523665857;0;0,9342930553756748;0;0;0
391000;19,537;-35,0;-1;-1;31737;5073;25192;1415;64618;263618;128;103;325;0,04223452877709527;0,0018020464694722652;0,0644467099406793;0,01770890181919076;0;0,8738078129935625;0;0;0
392500;19,609;-32,0;-1;-1;31804;5078;25304;1440;64618;264909;128;103;325;0,10459402000964753;0,00415820320582451;0,15318936637689465;0,03962920928274045;0,6984292011248928;0;0;0;0
394000;19,659;-29,0;-1;-1;31976;5087;25485;1500;65696;264909;128;103;325;0,1066734557220204;0,004132240961807329;0,15657042959469217;0;0,7326238737214801;0;0;0;0
395500;19,725;-23,0;-1;-1;32140;5087;25699;1500;66818;264909;128;103;325;0,11225169644085004;0,004113207462143392;0,15816460077085717;0;0,7254704953261494;0;0;0;0
397000;19,796;-34,0;-1;-1;32297;5092;25957;1500;67898;264909;128;103;325;0,1107988558518494;0,0039823831108497364;0,16105014763046707;0;0,7241686134068338;0;0;0;0
398500;19,867;-23,0;-1;-1;32465;5098;26180;1500;68997;264938;128;103;328;0,0377105927093794;0,0013297056711841634;0,05225094419099475;0;0,2647091055836093;0,6439996518448323;0;0;0
400000;19,938;-36,0;-1;-1;32524;5101;26255;1500;69408;265915;128;103;332;0,051940364329490486;0,0017770715975529636;0,06916993144870189;0,016230969528299333;0;0,8608816630959554;0;0;0
401500;19,999;-29,0;-1;-1;32614;5106;26345;1519;69408;267211;128;103;332;0;0,0024319234524045876;0,07327076335983014;0,01635214263348914;0;0,907945170554276;0;0;0
403000;20,066;-36,0;-1;-1;32615;5109;26455;1536;69408;268607;128;103;333;0;0,0024451769549355476;0,07269454991799959;0,016159684714056353;0;0,9087005884130085;0;0;0
404500;20,132;-38,0;-1;-1;32615;5114;26560;1550;69408;269983;128;103;333;0;0,0024325938576794173;0,07144416977678913;0,015876485845055556;0;0,9102467505204759;0;0;0
406000;20,196;-37,0;-1;-1;32615;5115;26689;1571;69408;271332;128;103;333;0;0,001784525426360894;0,0515040394917698;0,011368742253946226;0,2607777496130192;0,6745649432149039;0;0;0
407500;20,265;-33,0;-1;-1;32616;5118;26770;1601;69800;272352;128;103;333;0,03928821940292451;0,001803572305003886;0;0,011155365703232858;0,26720799861335914;0,6805448439754797;0;0;0
409000;20,33;-35,0;-1;-1;32672;5121;26770;1620;70201;273373;128;103;333;0,05388061503231101;0,002486741083228107;0;0,015077626236315677;0;0,9285550176481452;0;0;0
410500;20,395;-34,0;-1;-1;32760;5123;26770;1638;70201;274765;128;103;333;0,053258863635222566;0,002481256720118432;0;0,014765496778211464;0;0,9294943828664475;0;0;0
412000;20,459;-29,0;-1;-1;32842;5132;26770;1655;70201;276157;128;103;333;0,05328692251167969;0,0024966363742603354;0;0,014641918661710277;0;0,9295745224523497;0;0;0
413500;20,538;-34,0;-1;-1;32920;5136;26770;1674;70201;277583;128;103;337;0,04975878247111338;0,002348554060534193;0,06756445480303418;0,013523760214768194;0;0,86680444845055;0;0;0
415000;20,601;-34,0;-1;-1;33011;5140;26878;1699;70201;278855;128;103;337;0,03751103276256191;0,0017858283847542857;0,05072749778875005;0;0,26051118390891037;0,6494644571550233;0;0;0
416500;20,663;-32,0;-1;-1;33064;5140;26952;1699;70597;279832;128;103;337;0,037236473267210655;0;0,05016951033448489;0;0,2665232870511371;0,6460707293471674;0;0;0
418000;20,726;-29,0;-1;-1;33114;5140;27038;1699;70972;280821;128;103;337;0,03698444377018678;0;0,04956628276364787;0;0,26674824837184546;0,6467010250943198;0;0;0
419500;20,792;-39,0;-1;-1;33167;5140;27107;1699;71401;281770;128;103;337;0,03584134016247763;0;0,04789279618086302;0;0,2656426060916837;0,6506232575649756;0;0;0
421000;20,841;-30,0;-1;-1;33222;5140;27170;1699;71772;282806;128;103;338;0,0351335874792203;0;0,046899212917012864;0,009623509072956287;0,26056985668526844;0,6477738338455421;0;0;0
422500;20,892;-27,0;-1;-1;33271;5140;27229;1716;72163;283790;128;103;338;0,03626109275841796;0,0017753796333294844;0;0,009839257543945767;0,2747049705281001;0,6774192995362067;0;0;0
424000;20,962;-31,0;-1;-1;33333;5141;27229;1729;72579;284798;128;103;338;0,050780548748029494;0,0024160554484380673;0;0,013204527445202728;0;0,9335988683583297;0;0;0
425500;21,015;-35,0;-1;-1;33397;5144;27229;1752;72579;286208;128;103;338;0,05016570655607776;0,002398909967953049;0;0,012883539097616133;0;0,9345518443783531;0;0;0
427000;21,068;-29,0;-1;-1;33494;5152;27229;1771;72579;287584;128;103;338;0,04909337676779126;0,0023621768704875637;0;0,012520650512277043;0;0,9360237958494442;0;0;0
428500;21,117;-30,0;-1;-1;33561;5154;27229;1784;72579;289002;128;103;338;0,04546438933436222;0,002198873687006739;0,0601010283655796;0,011540053970866767;0;0,8806956546421847;0;0;0
430000;21,168;-30,0;-1;-1;33628;5157;27312;1806;72579;290354;128;103;341;0,0352412105483812;0,0017128552896013766;0;0,008849830259479583;0,2655093233536004;0,6886867805489375;0;0;0
431500;21,219;-33,0;-1;-1;33688;5161;27312;1820;72950;291405;128;103;341;0;0,0017615137001400051;0;0,009016438634172693;0,27495416755716506;0,7142678801085223;0;0;0
433000;21,267;-36,0;-1;-1;33688;5165;27312;1833;73353;292485;128;103;341;0;0,0017273229824056313;0;0,008764086678701778;0,2773480646247236;0,712160525714169;0;0;0
434500;21,324;-38,0;-1;-1;33688;5167;27312;1840;73754;293575;128;103;341;0;0,0017048097084223536;0;0,00859594499251701;0,2744440739641628;0,7152551713348979;0;0;0
436000;21,398;-43,0;-1;-1;33688;5170;27312;1845;74158;294663;128;103;341;0;0,0017271230125650754;0;0,008665262646322123;0,2713587395258918;0,7182488748152209;0;0;0
437500;21,472;-24,0;-1;-1;33688;5177;27312;1855;74577;295727;128;103;341;0,03248292633353195;0,0015760342650857587;0,04304644975229632;0,007843796569504275;0,24982712757215042;0,6652236655074313;0;0;0
439000;21,52;-32,0;-1;-1;33745;5178;27361;1860;74935;296757;128;103;341;0,04282496637659659;0,0020874025822811507;0,05675104870766399;0,010354139744130872;0;0,8879824425893275;0;0;0
440500;21,574;-37,0;-1;-1;33816;5180;27447;1875;74935;298111;128;103;343;0,3998175885851797;0,018263750296765975;0,4922958359315899;0,08962282518646442;0;0;0;0;0
442000;21,64;-24,0;-1;-1;34398;5206;28140;2074;74935;298111;128;103;343;0,37959990641252284;0,015894378044893166;0,44923189361379;0,15527382192879394;0;0;0;0;0
443500;21,712;-28,0;-1;-1;34911;5231;28794;2382;74935;298111;128;103;343;0,33038513278252835;0,013509502236674157;0,3751578080724386;0,2809475569083589;0;0;0;0;0
445000;21,772;-28,0;-1;-1;35399;5249;29385;2785;74935;298111;128;103;343;0,10288266547287145;0,004385394570784311;0,11450154261449477;0,06675956407970218;0,7114708332621474;0;0;0;0
446500;21,836;-22,0;-1;-1;35537;5255;29525;2926;76010;298111;128;103;343;0;0,0015377050073694545;0,04121685463754077;0,028223941317378303;0,2621585794898051;0,6668629195479064;0;0;0
448000;21,909;-39,0;-1;-1;35537;5260;29599;2975;76372;299121;128;103;343;0;0,002055051580630244;0,054706496037349506;0,04756338967880529;0;0,8956750627032148;0;0;0
449500;21,969;-35,0;-1;-1;35537;5262;29694;3044;76372;300455;128;103;343;0;0,0020441287984257904;0,05827347454810656;0,0450491168805557;0;0,894633279772912;0;0;0
451000;22,028;-42,0;-1;-1;35537;5264;29773;3106;76372;301812;128;103;343;0;0,002058971684759839;0,05821704851999781;0,043487674734096635;0;0,8962363050611457;0;0;0
452500;22,092;-38,0;-1;-1;35537;5267;29862;3161;76372;303191;128;104;344;0,04561186453112041;0,0019594392187030686;0,05490616734906915;0,03979021977906708;0;0,8577323091220402;0;0;0
454000;22,154;-41,0;-1;-1;35607;5270;29955;3217;76372;304469;128;104;344;0,09665526861783617;0,004176071872981319;0,11589437927089269;0,0815434916684216;0,7017307885698681;0;0;0;0
455500;22,214;-20,0;-1;-1;35769;5279;30145;3340;77388;304469;128;104;344;0,10299303489163239;0,004359247444215565;0,13333974478576135;0;0,7593079728783906;0;0;0;0
457000;22,276;-32,0;-1;-1;35929;5285;30359;3340;78508;304469;128;104;344;0,10072067537274107;0,004321800320383226;0,12938422302790137;0;0,7655733012789744;0;0;0;0
458500;22,337;-30,0;-1;-1;36087;5289;30563;3340;79642;304469;128;104;344;0,10750610332510696;0,004241196611230131;0,12431764957565526;0;0,7639350504880077;0;0;0;0
460000;22,4;-23,0;-1;-1;36235;5295;30723;3340;80828;304469;128;104;344;0,038183910986389874;0,0014314410412566562;0,04287698057715789;0;0,29233300312734645;0,6251746642678491;0;0;0
461500;22,482;-32,0;-1;-1;36287;5296;30779;3340;81278;305410;128;104;344;0,05179455029317725;0,001951695963253771;0,0581021547580782;0,03541279993322458;0;0,8527387990522661;0;0;0
463000;22,543;-35,0;-1;-1;36358;5298;30861;3384;81278;306711;128;104;344;0,05450787790860782;0,002067041592024082;0;0,03639870808357024;0;0,9070263724157979;0;0;0
464500;22,602;-32,0;-1;-1;36442;5305;30861;3428;81278;308076;128;104;344;0,05380652219827838;0,0020515391170572127;0;0,035141923942585626;0;0,9090000147420787;0;0;0
466000;22,666;-38,0;-1;-1;36519;5309;30861;3471;81278;309477;129;104;346;0,05353010552765623;0,0020538122099958314;0;0,03420686679163492;0;0,910209215470713;0;0;0
467500;22,726;-33,0;-1;-1;36610;5310;30861;3531;81278;310825;129;104;346;0,03775071242958811;0,0014151554252052859;0;0,022666824016392414;0,28393034433066383;0,6542369637981504;0;0;0
469000;22,787;-33,0;-1;-1;36658;5311;30861;3570;81710;311805;129;104;346;0,049448304945664934;0,0018620447254111808;0,055182111893478734;0,03733035843703797;0;0,8561771799984073;0;0;0
470500;22,847;0,0;-1;-1;36739;5314;30955;3615;81710;313082;129;104;346;0,34591377274809204;0,013118806041708854;0,3852693153947381;0,255698105815461;0;0;0;0;0
472000;22,907;-28,0;-1;-1;37248;5334;31449;4092;81710;313082;129;104;346;0,33314055875482723;0,010933540301264973;0,3430674034515167;0,31285849749239114;0;0;0;0;0
473500;22,966;-30,0;-1;-1;37756;5349;31987;4531;81710;313082;129;104;346;0,3612341113626754;0,011990317938371308;0,3578576382801057;0,26891793241884765;0;0;0;0;0
475000;23,029;-26,0;-1;-1;38209;5367;32500;5047;81710;313082;129;104;346;0,28838384659244976;0,009488195612894153;0,2916205922576271;0,41050736553702893;0;0;0;0;0
476500;23,09;-18,0;-1;-1;38665;5380;32937;5641;81710;313082;129;104;346;0,03767358291777607;0,001286705210833337;0,03791991649784659;0,0650802852799406;0,2592900678877865;0,5987494422058169;0;0;0
478000;23,184;-31,0;-1;-1;38713;5380;32996;5719;82125;313982;129;104;346;0,03817993469278536;0;0,038356548272167564;0,04958467920081127;0,26727339464875405;0,6066054431854817;0;0;0
479500;23,243;-29,0;-1;-1;38764;5380;33065;5795;82504;314907;129;104;346;0,052956863166603654;0;0,051550389690815615;0,06495835821035403;0;0,8305343889322266;0;0;0
481000;23,307;-34,0;-1;-1;38848;5380;33144;5898;82504;316163;130;104;346;0,05320114610682734;0;0,05175356158650334;0,06281263007885002;0;0,8322326622278193;0;0;0
482500;23,368;-37,0;-1;-1;38934;5380;33221;5997;82504;317401;130;104;346;0,05254936017243363;0;0,051126419963137035;0,05987741871580973;0;0,8364468011486197;0;0;0
484000;23,432;-41,0;-1;-1;39005;5380;33299;6073;82504;318676;130;104;346;0,05291270201048687;0,0017637671441013266;0,049937631393182906;0,05702862239507916;0;0,8383572770571497;0;0;0
485500;23,499;-36,0;-1;-1;39090;5384;33386;6172;82504;319901;130;104;346;0,04107526000177731;0,0013399990183671916;0,03898637368378658;0;0,2710023138356834;0,6475960534603855;0;0;0
487000;23,565;-29,0;-1;-1;39152;5385;33444;6172;82898;320886;130;104;346;0,05610074879764818;0,0018409034682790022;0,053233112461879124;0;0;0,8888252352721937;0;0;0
488500;23,628;-33,0;-1;-1;39231;5387;33522;6172;82898;322227;130;104;346;0,0563079579849513;0,0018604776455888776;0,053404864634711134;0;0;0,8884266997347487;0;0;0
490000;23,695;-30,0;-1;-1;39309;5392;33604;6172;82898;323562;130;104;346;0,055657619179124686;0,0018490688408573997;0,052729921641686855;0;0;0,8897633903383311;0;0;0
491500;23,759;-28,0;-1;-1;39389;5396;33697;6172;82898;324885;130;104;346;0,05147401599809466;0,001720799976956735;0,05039288854115618;0,053518615502326096;0;0,8428936799814664;0;0;0
493000;23,823;-37,0;-1;-1;39459;5399;33792;6251;82898;326138;130;104;346;0,05713323794188506;0,0018149939541669277;0;0,054586171703758735;0;0,8864655964001892;0;0;0
494500;23,885;-31,0;-1;-1;39545;5407;33792;6330;82898;327465;130;104;346;0,041478486392766745;0,0013243296991467955;0;0,038642741191304994;0,2670318677288958;0,6515225749878855;0;0;0
496000;23,946;-38,0;-1;-1;39612;5409;33792;6395;83288;328441;130;104;346;0;0,0013509308635431092;0;0,03841001046858894;0,28279794801712493;0,6774411106507431;0;0;0
497500;24,012;-36,0;-1;-1;39612;5412;33792;6449;83727;329466;130;104;348;0;0,0013397334733594017;0;0,03723459658576732;0,28759941844845666;0,6738262514924167;0;0;0
499000;24,076;-37,0;-1;-1;39612;5414;33792;6522;84182;330436;130;104;348;0;0,00128343955251442;0,0374283690136398;0,03459756830043237;0,27465296203611467;0,6520376610972987;0;0;0
500500;24,138;-37,0;-1;-1;39612;5415;33852;6577;84594;331408;130;104;348;0;0,0013464939221514607;0,03902495245618566;0;0,2827553892651313;0,6768731643565317;0;0;0
502000;24,2;-37,0;-1;-1;39612;5418;33911;6577;85042;332398;130;104;348;0,0400507146975925;0,0012822596043039539;0,03697326242679263;0;0,27366848950013256;0,6480252737711784;0;0;0
503500;24,262;-37,0;-1;-1;39681;5419;33959;6577;85449;333373;130;104;348;0,11484679258924149;0,0036998381375170173;0,106171047253072;0;0,7752823220201696;0;0;0;0
505000;24,331;-29,0;-1;-1;39862;5425;34122;6577;86599;333373;130;104;348;0,114230752463946;0,003730988695804082;0,10330004142530878;0;0,7787382174149412;0;0;0;0
506500;24,383;-30,0;-1;-1;40036;5427;34275;6577;87770;333373;130;104;348;0,10104130043723052;0,003341969276226395;0,09137331480497139;0,0883719907678239;0,7158714247137478;0;0;0;0
508000;24,441;-30,0;-1;-1;40196;5431;34414;6708;88836;333373;130;104;348;0,10392905264374556;0;0,09400919978529408;0,08745228417055417;0,7146094634004062;0;0;0;0
509500;24,486;-29,0;-1;-1;40354;5431;34563;6833;89904;333373;130;104;348;0,03800083154986804;0;0,03459805884907558;0,03489836353634845;0,26576533473628405;0,6267374113284238;0;0;0
511000;24,529;-30,0;-1;-1;40406;5431;34619;6892;90271;334339;130;104;348;0;0;0,03650737951209327;0,040264195280867374;0,2736366554104918;0,6495917697965474;0;0;0
512500;24,596;-35,0;-1;-1;40406;5431;34676;6951;90688;335306;130;104;348;0;0;0,03650904832190261;0,04501184844058082;0,27000532306941083;0,6484737801681058;0;0;0
514000;24,653;-38,0;-1;-1;40406;5431;34740;7033;91092;336282;130;104;351;0;0,001267969144287379;0,03575630239317779;0,048894761450962575;0,27070521651545076;0,6433757504961215;0;0;0
515500;24,71;-37,0;-1;-1;40406;5433;34799;7113;91498;337235;130;104;351;0;0,0017327494993976131;0,04863735197905451;0,06491632489879091;0;0,884713573622757;0;0;0
517000;24,78;-37,0;-1;-1;40406;5434;34878;7193;91498;338575;130;104;351;0,05071557933654912;0,0016728411164151828;0,046545803466777474;0,060523096716351636;0;0,8405426793639066;0;0;0
518500;24,851;-29,0;-1;-1;40477;5438;34938;7287;91498;339846;130;104;351;0,0530780095482649;0,001760732948743997;0,050427651724175626;0;0;0,8947336057788154;0;0;0
520000;24,917;-33,0;-1;-1;40567;5440;35013;7287;91498;341179;130;104;351;0,05308148163576774;0,001774676409492283;0,05045019557271217;0;0;0,8946936463820278;0;0;0
521500;24,982;-34,0;-1;-1;40638;5444;35089;7287;91498;342528;130;104;351;0,03864912095350494;0,001299334127840368;0,03669206659820212;0;0,2761451152265987;0,6472143630938538;0;0;0
523000;25,048;-29,0;-1;-1;40702;5445;35144;7287;91921;343485;130;104;351;0,041018230905663915;0,0013491793684173878;0;0;0,28608273569540277;0,6715498540305159;0;0;0
524500;25,118;-29,0;-1;-1;40771;5446;35144;7287;92338;344498;130;104;351;0,03874743418913024;0,0012832813638386188;0;0,04473162482058632;0,2756961074571611;0,6395415521692838;0;0;0
526000;25,186;-31,0;-1;-1;40821;5448;35144;7343;92762;345466;130;104;351;0,04012427755567547;0,001334446559599184;0;0;0,2906956874548245;0,6678455884299007;0;0;0
527500;25,253;-32,0;-1;-1;40886;5449;35144;7343;93197;346465;130;104;351;0,039867027563973645;0,0013340360179307706;0;0;0,2920272104192934;0,6667717259988021;0;0;0
529000;25,321;-33,0;-1;-1;40935;5450;35144;7343;93632;347480;130;104;351;0,03979226608094093;0,001301238956671683;0,036574582190260344;0;0,2792908128638132;0,6430410999083138;0;0;0
530500;25,39;-34,0;-1;-1;40993;5451;35202;7343;94049;348471;130;104;352;0;0,0013526808583443715;0,03908613816813248;0;0,28968678914547413;0,669874391828049;0;0;0
532000;25,451;-35,0;-1;-1;40993;5452;35257;7343;94495;349469;130;104;352;0;0,0013478292971530398;0,04005714651457049;0;0,290377806581414;0,6682172176068626;0;0;0
533500;25,494;-37,0;-1;-1;40993;5452;35303;7343;94966;350452;130;104;352;0;0,0012968971229101443;0,0384215663901677;0,04419656696130699;0,27562517342489384;0,6404597961007213;0;0;0
535000;25,555;-41,0;-1;-1;40993;5453;35362;7419;95374;351408;130;104;352;0;0,0018018079268798872;0,05306828143361458;0,059686042967364863;0;0,8854438676721407;0;0;0
536500;25,623;-42,0;-1;-1;40993;5456;35450;7526;95374;352710;130;104;352;0,05270435827332784;0,0017309999538853756;0,050523340956902606;0,05488196563624581;0;0,8401593351796383;0;0;0
538000;25,692;-42,0;-1;-1;41065;5458;35534;7619;95374;353959;130;104;352;0,056109779283908603;0,0018552733994703823;0,05368408102274207;0;0;0,8883508662938789;0;0;0
539500;25,76;-37,0;-1;-1;41141;5460;35618;7619;95374;355297;130;104;352;0,055690985362336014;0,0018545149142614255;0,05319939993089369;0;0;0,8892550997925089;0;0;0
541000;25,828;-34,0;-1;-1;41231;5463;35694;7619;95374;356628;130;104;352;0,04077268353873197;0,00133124283828269;0,03791464941086806;0;0,2812421315222765;0,6387392926898409;0;0;0
542500;25,897;-38,0;-1;-1;41304;5465;35759;7619;95766;357596;130;104;352;0,058148139474882114;0,001859827280169787;0,052617150184172116;0;0;0,8873748830607759;0;0;0
544000;25,967;-32,0;-1;-1;41391;5468;35832;7619;95766;358933;130;104;352;0,057487953627723694;0,001755644086356607;0,049317865039223516;0,05378272320513162;0;0,8376558140415645;0;0;0
545500;26,033;-35,0;-1;-1;41474;5469;35896;7713;95766;360191;130;104;352;0,060803287758979384;0,0018708957483422985;0,05221130256933153;0;0;0,8851145139233467;0;0;0
547000;26,097;-28,0;-1;-1;41569;5474;35973;7713;95766;361548;130;104;353;0,06028434524096051;0,0018675641256280856;0,05355960568572553;0;0;0,8842884849476859;0;0;0
548500;26,15;-35,0;-1;-1;41654;5479;36049;7713;95766;362882;130;104;353;0,060379372210528214;0,0018800182449565292;0,05365759661528041;0;0;0,8840830129292349;0;0;0
550000;26,196;-29,0;-1;-1;41750;5484;36130;7713;95766;364200;130;104;353;0,044194494561954636;0,0013472336437886886;0,0382730236359826;0;0,2809738201651112;0,6352114279931629;0;0;0
551500;26,249;-30,0;-1;-1;41812;5485;36189;7713;96190;365154;130;104;353;0,06156388560949368;0,0018854187376600897;0,05329807832682064;0;0;0,8832526173260257;0;0;0
553000;26,317;-33,0;-1;-1;41928;5488;36280;7713;96190;366444;130;104;353;0,05941446861406448;0,0017900857651941696;0,05016600091859817;0,05310290710027426;0;0,8355265376018689;0;0;0
554500;26,387;-34,0;-1;-1;42000;5491;36352;7783;96190;367727;130;104;353;0;0,0019054505579941794;0,05302708367403873;0,05494877119126625;0;0,8901186945767008;0;0;0
556000;26,456;-23,0;-1;-1;42000;5492;36431;7858;96190;369072;130;104;353;0;0,0018838407655613794;0,05200002340094384;0,05271018622774382;0;0,893405949605751;0;0;0
557500;26,505;-29,0;-1;-1;42000;5494;36515;7937;96190;370407;130;104;353;0;0,0018518260013277083;0,05081006971590179;0,057304364833120854;0;0,8900337394496496;0;0;0
559000;26,548;-33,0;-1;-1;42000;5495;36590;8018;96190;371750;130;104;353;0;0,0018592037259437535;0,050757824299592934;0,05640635611999698;0;0,8909766158544662;0;0;0
560500;26,606;-37,0;-1;-1;42000;5498;36660;8113;96190;373082;130;104;353;0,041936465497568146;0,0012692809907937418;0,03446222280493894;0,04723951503697592;0,26166163835483897;0,6134308773148844;0;0;0
562000;26,681;-28,0;-1;-1;42057;5505;36711;8192;96584;373994;130;104;353;0,0568438614020008;0,0017256760895960007;0,04671034979798132;0,06222930371434388;0;0,832490808996078;0;0;0
563500;26,735;-34,0;-1;-1;42150;5510;36782;8277;96584;375264;130;104;354;0;0,001835063601794986;0,049467627344522376;0,06470540489746941;0;0,8839919041562132;0;0;0
565000;26,781;-39,0;-1;-1;42150;5512;36845;8355;96584;376621;130;104;354;0;0,001845398515811608;0,049545972601921034;0,06377834847890529;0;0,884830280403362;0;0;0
566500;26,852;-40,0;-1;-1;42150;5515;36911;8449;96584;377958;130;104;354;0;0,0018706835973457722;0,04990856222699811;0,06229146266346364;0;0,8859292915121925;0;0;0
568000;26,921;-29,0;-1;-1;42150;5518;36977;8559;96584;379279;130;104;354;0;0,0018829307490486574;0,04993113579649589;0,060128517602968515;0;0,8880574158514869;0;0;0
569500;26,988;-39,0;-1;-1;42150;5519;37054;8645;96584;380615;130;104;354;0,05815888035265608;0,0017704277523043863;0,046586621956957605;0,06118268674791766;0;0,8323013831901643;0;0;0
571000;27,057;-39,0;-1;-1;42243;5523;37117;8725;96584;381875;130;104;354;0,3492120023895154;0,01071265538756909;0,2803881178895123;0,35968722433340317;0;0;0;0;0
572500;27,124;-28,0;-1;-1;42715;5549;37540;9304;96584;381875;130;104;354;0,10558456609343624;0,004367330123381687;0,08750755159963008;0,11413153847546635;0,6884090137080857;0;0;0;0
574000;27,192;-28,0;-1;-1;42874;5555;37679;9460;97624;381875;130;104;354;0,10880232757315553;0;0,09020903479469912;0,11311222826222538;0,68787640936992;0;0;0;0
575500;27,267;-33,0;-1;-1;43025;5555;37834;9606;98672;381875;130;104;354;0,10993495677613938;0;0,09398442136754225;0,11011996218159095;0,6859606596747275;0;0;0;0
577000;27,336;-33,0;-1;-1;43201;5555;37971;9763;99702;381875;130;104;354;0,0409368798676201;0;0,03508175593568188;0,03950576226045789;0,24841236794285884;0,6360632339933814;0;0;0
578500;27,403;-40,0;-1;-1;43273;5555;38014;9815;100097;382813;130;104;354;0,05456854056619855;0;0,04687060264578804;0,05209164295912257;0;0,8464692138288908;0;0;0
580000;27,475;-40,0;-1;-1;43352;5556;38088;9895;100097;384104;130;104;356;0,054785168384472824;0,002400042614523013;0,047038861356792264;0,05126898666730949;0;0,8445069409769025;0;0;0
581500;27,544;-34,0;-1;-1;43430;5557;38146;9965;100097;385397;130;104;356;0,05904211070638386;0,0025378188289942646;0,04944890655923914;0;0;0,8889711639053827;0;0;0
583000;27,626;-34,0;-1;-1;43529;5561;38215;9965;100097;386725;130;104;356;0,059436499150451114;0,0025752769751636543;0,04989215808762332;0;0;0,8880960657867618;0;0;0
584500;27,698;-21,0;-1;-1;43607;5566;38299;9965;100097;388058;130;104;356;0,04528860654075244;0,00187231525216541;0,03605384919701531;0;0,2592758126349735;0,6575094163750932;0;0;0
586000;27,756;-36,0;-1;-1;43681;5569;38361;9965;100465;389051;130;104;356;0,06097449511734337;0,002533544575202515;0,04855884935477425;0;0;0,8879331109526799;0;0;0
587500;27,818;-30,0;-1;-1;43779;5572;38442;9965;100465;390369;130;104;356;0,05678189110350927;0,0023761660471305368;0,04524521405616824;0,049800301568970216;0;0,8457964272242218;0;0;0
589000;27,882;-31,0;-1;-1;43870;5577;38509;10043;100465;391628;130;104;356;0,0608700211517822;0,0024977381258242206;0,04734633078026011;0;0;0,8892859099421334;0;0;0
590500;27,945;-33,0;-1;-1;43969;5583;38573;10043;100465;392959;130;104;356;0,05981212552674549;0,002469797854340166;0,0466442220579701;0;0;0,8910738545609442;0;0;0
592000;28,003;-36,0;-1;-1;44049;5587;38642;10043;100465;394306;130;104;356;0,05885587953233015;0,002441944146524434;0,04591087901400825;0;0;0,8927912973071372;0;0;0
593500;28,064;-36,0;-1;-1;44131;5590;38721;10043;100465;395642;130;104;356;0,04372619318066245;0,001824765809611884;0,03408741008741432;0;0,2510409591390012;0,6693206717833101;0;0;0
595000;28,133;-36,0;-1;-1;44215;5590;38777;10043;100844;396623;130;104;356;0,04457383546708738;0;0,03393092131552198;0;0,2512479391074841;0,6702473041099064;0;0;0
596500;28,204;-32,0;-1;-1;44285;5590;38820;10045;101221;397654;131;104;358;0,04267382311012204;0;0,03255331507093486;0,03619821563881697;0,2439300697395663;0,6446445764405598;0;0;0
598000;28,274;-34,0;-1;-1;44346;5590;38870;10102;101574;398633;131;104;358;0;0;0,033686720203888014;0,03694566696643958;0,257836241316383;0,6715313715132893;0;0;0
599500;28,343;-25,0;-1;-1;44346;5590;38921;10170;101935;399653;131;104;358;0;0;0,03468397378797163;0,03618121968332459;0,25640664064979596;0,6727281658789078;0;0;0
601000;28,412;-34,0;-1;-1;44346;5590;38977;10228;102318;400656;131;104;358;0;0,0018001958708267732;0,0337994239656376;0,03858205987004643;0,25507371018614794;0,6707446101073412;0;0;0
602500;28,494;-41,0;-1;-1;44346;5591;39026;10282;102707;401663;131;104;358;0;0,002428167616634085;0,04685036077750255;0,05114707996677603;0;0,8995743916390873;0;0;0
604000;28,561;-38,0;-1;-1;44346;5597;39105;10351;102707;403009;131;104;358;0,054788099432108266;0,002270479889055717;0,04356834628282565;0,046918682411356376;0;0,852454391984654;0;0;0
605500;28,627;-20,0;-1;-1;44431;5599;39170;10429;102707;404279;131;104;358;0;0,0024184187404593296;0,04614215900779238;0,0488191430941183;0;0,90262027915763;0;0;0
607000;28,693;-35,0;-1;-1;44431;5602;39230;10499;102707;405646;131;104;358;0;0,002423175007520598;0,04600763948312241;0,04789909189918963;0;0,9036700936101673;0;0;0
608500;28,753;-39,0;-1;-1;44431;5602;39293;10563;102707;407019;131;104;358;0;0,0018211114482627408;0,03437989635347495;0,03535348595137643;0,2546472400820405;0,6737982661648454;0;0;0
610000;28,822;-38,0;-1;-1;44431;5604;39354;10620;103094;408012;131;104;358;0;0,0018658105066383175;0;0,03559338462490946;0,2708720557126806;0,6916687491557716;0;0;0
611500;28,892;-24,0;-1;-1;44431;5604;39354;10680;103501;409045;131;104;358;0;0,0018488330336067186;0;0,03460159798118453;0,2739343100489339;0,6896152589362748;0;0;0
613000;28,965;-38,0;-1;-1;44431;5608;39354;10739;103924;410085;131;104;359;0,04214396553650452;0,0017546034449255796;0;0,032253528644260156;0,2615420976613164;0,6623058047129933;0;0;0
614500;29,034;-29,0;-1;-1;44505;5609;39354;10784;104313;411076;131;104;359;0;0,001813352313951793;0;0,0328795215125994;0,2720621846379489;0,6932449415354999;0;0;0
616000;29,1;-41,0;-1;-1;44505;5610;39354;10844;104707;412121;131;104;359;0;0,0017550961435203172;0,03299705960744537;0,031263571033035516;0,26310169442263637;0,6708825787933624;0;0;0
617500;29,15;-37,0;-1;-1;44505;5611;39413;10889;105096;413127;131;104;359;0;0,0023655924357225593;0,04429816637070441;0,041734811974142576;0;0,9116014292194304;0;0;0
619000;29,186;-34,0;-1;-1;44505;5614;39469;10941;105096;414516;131;104;359;0;0,002346953276360904;0,043845871205965246;0,04542054349893392;0;0,90838663201874;0;0;0
620500;29,222;-36,0;-1;-1;44505;5616;39535;11006;105096;415883;131;104;359;0;0,0023567425571682354;0,043898830284379915;0,04515332158669119;0;0,9085911055717607;0;0;0
622000;29,258;-38,0;-1;-1;44505;5617;39611;11076;105096;417236;131;104;359;0;0,0023701115641814106;0,04398283355674393;0,04491470003606267;0;0,9087323548430121;0;0;0
623500;29,294;-38,0;-1;-1;44505;5619;39675;11135;105096;418611;131;104;359;0,03993672441123862;0,001671493262277717;0,031922898541931324;0,03139517366596047;0,24972039441217447;0,6453533157064174;0;0;0
625000;29,331;-35,0;-1;-1;44570;5622;39734;11179;105481;419555;131;104;359;0,05396910441777998;0,002207884856013014;0,04340639112475375;0,04120627125774701;0;0,8592103483437062;0;0;0
626500;29,368;-28,0;-1;-1;44657;5625;39788;11246;105481;420844;131;104;359;0;0,0023339887982975513;0,045779151936155935;0,04311469158270022;0;0,9087721676828464;0;0;0
628000;29,404;-38,0;-1;-1;44657;5629;39859;11309;105481;422206;131;104;359;0;0,0023280798453765377;0,04554055628524249;0,042626997450271216;0;0,9095043664191097;0;0;0
629500;29,464;-43,0;-1;-1;44657;5633;39923;11369;105481;423603;131;104;361;0;0,0023396323857663172;0,04558689767661986;0,042250628043904885;0;0,909822841893709;0;0;0
631000;29,513;-35,0;-1;-1;44657;5639;40000;11434;105481;424955;131;104;361;0;0,002326157921031959;0,04514688950466295;0,041543290202433476;0;0,9109836623718716;0;0;0
632500;29,548;-37,0;-1;-1;44657;5643;40064;11503;105481;426318;131;104;361;0,040148396337647906;0,0016417173496808223;0,03178523869656002;0,029039268474498198;0,24792550040261488;0,6494598787389981;0;0;0
634000;29,585;-32,0;-1;-1;44716;5644;40118;11539;105829;427320;131;104;361;0,05563267779105031;0,0021696303230434363;0,04189529743840476;0,03817427931158846;0;0,8621281151359129;0;0;0
635500;29,619;-34,0;-1;-1;44782;5647;40183;11603;105829;428622;131;104;361;0,40417648333882733;0,01580219210833315;0,30440745294136445;0,2756138716114751;0;0;0;0;0
637000;29,655;-25,0;-1;-1;45380;5672;40665;11998;105829;428622;131;104;361;0,41193623677117175;0,014942993076029094;0,3008452375486047;0,2722755326041945;0;0;0;0;0
638500;29,688;-23,0;-1;-1;46004;5688;41131;12392;105829;428622;131;104;361;0,39863178492297613;0,01445291334053237;0,2855595175812977;0,3013557841551938;0;0;0;0;0
640000;29,723;-28,0;-1;-1;46621;5717;41544;12833;105829;428622;131;104;361;0,40984258167173654;0,014470271437031694;0,29080405619588956;0,2848830906953422;0;0;0;0;0
641500;29,758;-30,0;-1;-1;47236;5741;41971;13267;105829;428622;131;104;361;0,0586213593357408;0,002116230217738938;0,04187740800516502;0,043094333776350253;0;0,8542906686650049;0;0;0
643000;29,793;-35,0;-1;-1;47325;5743;42021;13338;105829;429910;131;104;361;0,12661469298747466;0,004480756267013551;0,08849170114568049;0,0903730393782272;0,6900398102216041;0;0;0;0
644500;29,828;-23,0;-1;-1;47521;5751;42159;13487;106838;429910;131;104;361;0;0,004837567919581294;0,1010364188833288;0,11408353139695918;0,7800424818001307;0;0;0;0
646000;29,865;-36,0;-1;-1;47521;5756;42303;13654;108019;429933;131;104;364;0;0,004755023390262625;0,09874139337755262;0,1096599916901602;0,7868435915420245;0;0;0;0
647500;29,902;-37,0;-1;-1;47521;5764;42446;13847;109175;429933;131;104;364;0;0,004811378942607236;0,09939196208117601;0,11774695589784266;0,7780497030783741;0;0;0;0
649000;29,947;-34,0;-1;-1;47521;5772;42593;14029;110338;429933;131;104;364;0;0,004650961221978138;0,09539932187390494;0,11042686287449346;0,7895228540296235;0;0;0;0
650500;30,014;-33,0;-1;-1;47521;5777;42729;14194;111532;429933;131;104;364;0,04443900026457113;0,0015370073276212194;0,03214750872991127;0,03503423615390618;0,2623719378198794;0,6244703097041108;0;0;0
652000;30,08;-35,0;-1;-1;47594;5778;42769;14262;111899;430884;131;104;364;0,06087709523966483;0,002069061509498487;0,043121135065493796;0,05036468533652846;0;0,8435680228488144;0;0;0
653500;30,144;-35,0;-1;-1;47685;5780;42820;14347;111899;432155;131;104;364;0;0,002189995422078922;0,04547074889271878;0,05224546082563321;0;0,9000937948595691;0;0;0
655000;30,208;-35,0;-1;-1;47685;5784;42882;14418;111899;433518;131;104;364;0;0,0021740981461310467;0,04496363636498806;0,051055922356301235;0;0,9018063431325797;0;0;0
656500;30,273;-39,0;-1;-1;47685;5787;42955;14497;111899;434863;131;104;364;0;0,0021879320733919345;0,04500083983606736;0,0504195987693397;0;0,902391629321201;0;0;0
658000;30,336;-41,0;-1;-1;47685;5790;43032;14578;111899;436202;131;104;364;0;0,001606980438971933;0,03287154622168484;0,03635811464863422;0,27155978476494624;0,6576035739257629;0;0;0
659500;30,413;-42,0;-1;-1;47685;5792;43088;14643;112283;437195;131;104;364;0,061261645581629755;0,0020878145069844253;0,04251842910808442;0,046500995964291414;0;0,84763111483901;0;0;0
661000;30,481;-43,0;-1;-1;47750;5796;43165;14705;112283;438487;131;104;364;0,40342080801524244;0,013807089165772668;0,2796147358162767;0,3031573670027082;0;0;0;0;0
662500;30,547;-43,0;-1;-1;48362;5823;43590;15133;112283;438523;131;104;364;0,40843583300852004;0,014513221268459624;0,28639566429440155;0,2906552814286188;0;0;0;0;0
664000;30,627;-26,0;-1;-1;48972;5843;44000;15593;112283;438523;131;104;364;0,37474503698765915;0,013679436214205943;0,2706982463791677;0,3408772804189672;0;0;0;0;0
665500;30,686;-26,0;-1;-1;49539;5873;44377;16119;112283;438523;131;104;364;0,38274747624391486;0,014387159161747647;0,278959990403757;0,3239053741905807;0;0;0;0;0
667000;30,747;-28,0;-1;-1;50129;5891;44790;16598;112283;438523;131;104;364;0,03923079367598716;0,0015284281981608231;0,02885607702023345;0,03368545354433213;0,26169950113880636;0,63499974642248;0;0;0
668500;30,807;-30,0;-1;-1;50176;5893;44830;16650;112678;439487;131;104;364;0,10776748017522118;0,004210710114753838;0,0793021115829456;0,09188618375827998;0,7168335143687995;0;0;0;0
670000;30,876;-30,0;-1;-1;50334;5895;44939;16827;113732;439487;131;104;364;0,12126006742500828;0,004796070513395459;0,0895623464395883;0;0,784381515622008;0;0;0;0
671500;30,94;-30,0;-1;-1;50505;5907;45076;16827;114912;439487;131;104;364;0,12394400570543963;0,0049431951880979695;0,0916603622071499;0;0,7794524368993125;0;0;0;0
673000;30,991;-10,0;-1;-1;50697;5918;45189;16827;116096;439487;131;104;364;0,1253027574426721;0,005038548895566512;0,09305534229757433;0;0,7766033513641871;0;0;0;0
674500;31,056;-26,0;-1;-1;50905;5924;45315;16827;117256;439487;131;104;364;0,1333769395129544;0,005077837918940356;0,09297568113331957;0;0,7685695414347858;0;0;0;0
676000;31,123;-26,0;-1;-1;51089;5929;45464;16827;118418;439487;131;104;364;0,04126189244742317;0,0015907581874140075;0,028800708918543496;0,033837590257587834;0,23143249849915778;0,6630765516898737;0;0;0
677500;31,196;-34,0;-1;-1;51148;5930;45505;16874;118765;440492;131;104;364;0,05362282874653657;0,002077491625945545;0,037471075298349074;0,043681506860891825;0;0,863147097468277;0;0;0
679000;31,265;-34,0;-1;-1;51230;5932;45564;16929;118766;441817;131;104;365;0,05599260540879546;0,0021824482065371984;0;0,04535037074206856;0;0,8964745756425987;0;0;0
680500;31,324;-34,0;-1;-1;51329;5934;45564;16993;118766;443152;131;104;365;0,056202385452816826;0,0022043940273719655;0;0,04524932608189187;0;0,8963438944379193;0;0;0
682000;31,397;-29,0;-1;-1;51402;5939;45564;17055;118766;444512;131;104;365;0,05572107027419954;0,0021949648292363382;0;0,04446650637349622;0;0,897617458523068;0;0;0
683500;31,464;-26,0;-1;-1;51502;5942;45564;17120;118766;445844;131;104;365;0,042090954557394374;0,0016696626288919328;0;0,033364805470004644;0,2405050120344242;0,6823695653092847;0;0;0
685000;31,53;-36,0;-1;-1;51568;5944;45564;17190;119090;446882;131;104;365;0,042128521585923624;0;0,028925386956121537;0,034028979568377526;0,23346122837031;0,6614558835192673;0;0;0
686500;31,594;-35,0;-1;-1;51634;5944;45603;17231;119441;447885;131;104;365;0;0;0,030043783561134123;0,03514890697980602;0,24361674581911177;0,6911905636399481;0;0;0
688000;31,669;-36,0;-1;-1;51634;5944;45643;17292;119786;448939;131;104;365;0;0;0,029966553618056346;0,03472721434102959;0,24555455471649995;0,6897516773244141;0;0;0
689500;31,745;-42,0;-1;-1;51634;5944;45686;17337;120140;449997;131;104;365;0;0;0,029996919153503526;0,037111192683648736;0,24328724295014126;0,6896046452127065;0;0;0
691000;31,819;-42,0;-1;-1;51634;5944;45732;17398;120516;451014;131;104;365;0;0,0017016009965805676;0,030157266934990278;0,03690046431741337;0,2420600655202483;0,6891806022307675;0;0;0
692500;31,887;-41,0;-1;-1;51634;5946;45781;17456;120868;452053;131;104;365;0,05460396831346067;0,002090995628760632;0,03803244873730706;0,051547768289814555;0;0,8537248190306571;0;0;0
694000;31,952;-41,0;-1;-1;51718;5947;45834;17544;120868;453327;131;104;365;0,05781386621804747;0,002227429429394967;0,04035573755979717;0;0;0,8996029667927604;0;0;0
695500;32,013;-32,0;-1;-1;51808;5950;45890;17545;120868;454704;131;104;367;0,058599790256898474;0,0022197305355085646;0,04006794421151644;0;0;0,8991125349960765;0;0;0
697000;32,089;-33,0;-1;-1;51887;5954;45956;17545;120868;456055;131;104;367;0,05891153912951029;0,002243198991391331;0,04030605592342632;0;0;0,8985392059556719;0;0;0
698500;32,161;-35,0;-1;-1;51980;5958;46004;17545;120868;457410;131;104;367;0,045610693040028086;0,0017095830616679886;0,03062001301917764;0;0,2442162447093053;0,6778434661698209;0;0;0
700000;32,236;-33,0;-1;-1;52048;5967;46055;17545;121242;458408;131;104;367;0,056815202495431406;0,0021336077588164073;0,03817294762134056;0,052037398995032666;0;0,850840843129379;0;0;0
701500;32,31;-35,0;-1;-1;52139;5970;46121;17623;121242;459670;131;104;367;0,3822286747994809;0,014454439533854705;0,2572191862927503;0,34609769937391416;0;0;0;0;0
703000;32,379;-28,0;-1;-1;52725;5997;46496;18135;121242;459670;131;104;367;0,38442510339033725;0,01886038128630998;0,25622789995468626;0,3404866153686665;0;0;0;0;0
704500;32,446;-26,0;-1;-1;53278;6020;46880;18675;121242;459670;131;104;367;0,3778977529881192;0,018712080525599372;0,25592463401873294;0,3474655324675486;0;0;0;0;0
706000;32,512;-27,0;-1;-1;53845;6045;47269;19194;121242;459670;131;104;367;0,3761836513814433;0,01922761729718344;0,25714957437561464;0,3474391569457587;0;0;0;0;0
707500;32,584;-27,0;-1;-1;54392;6075;47654;19732;121242;459670;131;104;367;0,04218235789594504;0,002569587319559214;0,026633352268400662;0,040092706777117515;0,23427301669269812;0,6542489790462794;0;0;0
709000;32,656;-32,0;-1;-1;54463;6082;47689;19789;121610;460632;131;104;367;0,05502295424426364;0,0033613743695188212;0,034819359709236816;0,051947755536423834;0;0,8548485561405569;0;0;0
710500;32,729;-33,0;-1;-1;54544;6086;47743;19865;121610;461917;131;104;367;0,38012279446171454;0,02334506761181596;0,24095296864142704;0,3555791692850424;0;0;0;0;0
712000;32,799;-27,0;-1;-1;55081;6122;48116;20413;121611;461950;131;104;368;0,3784405957326078;0,022355672273135823;0,22688339768401822;0,3723203343102382;0;0;0;0;0
713500;32,866;-32,0;-1;-1;55626;6157;48469;20980;121611;461950;131;104;368;0,3626027185683121;0,021519183049415344;0,2278570880643549;0,3880210103179177;0;0;0;0;0
715000;32,937;-32,0;-1;-1;56147;6186;48830;21569;121611;461950;131;104;368;0,3717852477033283;0,022677715346006325;0,23538843848728377;0,37014859846338155;0;0;0;0;0
716500;33,005;-28,0;-1;-1;56698;6223;49158;22153;121611;461950;131;104;368;0,05349110467345462;0,0032093363035181847;0,03381446905406591;0,05935469141157046;0;0,8501303985573908;0;0;0
718000;33,084;-31,0;-1;-1;56792;6228;49205;22238;121611;463219;131;104;368;0;0,002578960622327518;0,027116397127684957;0,04704141603845211;0,24533166137804502;0,6779315648334905;0;0;0
719500;33,16;-44,0;-1;-1;56792;6233;49249;22307;121986;464226;131;104;368;0;0,002700000095428713;0,029144334273263427;0;0,25867810505317645;0,7094775605781314;0;0;0
721000;33,233;-45,0;-1;-1;56792;6238;49296;22307;122365;465295;131;104;368;0;0,002722103214334136;0,029316628661927437;0;0,25752299876600854;0,7104382693577298;0;0;0
722500;33,306;-45,0;-1;-1;56792;6243;49331;22307;122752;466368;131;104;368;0;0,002746583060484404;0,02954612541699175;0;0,2566408694045085;0,7110664221180154;0;0;0
724000;33,379;-40,0;-1;-1;56792;6246;49368;22307;123153;467427;131;104;368;0,04358262591960598;0,002611035404153486;0,02802600889272567;0;0,24377944385336428;0,6820008859301506;0;0;0
725500;33,45;-23,0;-1;-1;56838;6253;49408;22307;123528;468459;131;104;368;0;0,0025838303585784574;0,02770973629843757;0,04695640769114975;0,246529279614019;0,6762207460378152;0;0;0
727000;33,526;-33,0;-1;-1;56838;6263;49455;22366;123882;469489;131;104;368;0;0,0026666755824629163;0,029402756977284488;0;0,26200357079747083;0,7059269966427818;0;0;0
728500;33,604;-39,0;-1;-1;56838;6265;49494;22366;124264;470588;131;104;371;0;0,002683346205273034;0,02950276762562772;0;0,2600427060031547;0,7077711801659445;0;0;0
730000;33,682;-37,0;-1;-1;56838;6269;49539;22366;124666;471637;131;104;371;0;0,002672721971622891;0,029308161893190045;0;0,2587039545501447;0,7093151615850424;0;0;0
731500;33,753;-38,0;-1;-1;56838;6272;49577;22366;125062;472700;131;104;371;0;0,0026565069569431375;0,029061247779070595;0;0,25705405039200424;0,7112281948719821;0;0;0
733000;33,825;-34,0;-1;-1;56838;6280;49626;22366;125440;473765;131;104;371;0,04267472561374379;0,002533207511577974;0,02768628339491842;0;0,2456966135677584;0,6814091699120014;0;0;0
734500;33,898;-31,0;-1;-1;56904;6283;49670;22366;125800;474792;131;104;371;0,0426239049434589;0,0024892452571151007;0;0,045227848321140435;0,2416163414124312;0,6680426600658544;0;0;0
736000;33,969;-34,0;-1;-1;56969;6290;49670;22423;126157;475806;131;104;371;0;0,002592891831890262;0;0,04675114010866846;0,2523927257505568;0,6982632423088844;0;0;0
737500;34,04;-40,0;-1;-1;56969;6291;49670;22509;126560;476816;131;104;371;0;0,0026112413100547716;0;0,04636120086764497;0,2522373569951944;0,6987902008271059;0;0;0
739000;34,111;-30,0;-1;-1;56969;6294;49670;22568;126937;477877;131;104;371;0;0,0026136655822036905;0;0,0459621065264075;0,2510326768198746;0,7003915510715142;0;0;0
740500;34,185;-43,0;-1;-1;56969;6299;49670;22627;127321;478929;131;104;371;0;0,003167422855739983;0,027890631304373675;0,044344954430688095;0,24144229602319134;0,6831546953860069;0;0;0
742000;34,243;-37,0;-1;-1;56969;6304;49717;22690;127674;479961;131;104;371;0,04346663064778702;0,003152515941211646;0,027711551866164023;0;0,24132273300165374;0,6843465685431837;0;0;0
743500;34,289;-37,0;-1;-1;57038;6305;49750;22690;128031;481001;131;104;371;0,04482941136241817;0,003262334803477155;0;0;0,2477861826382222;0,7041220711958825;0;0;0
745000;34,338;-40,0;-1;-1;57102;6309;49750;22690;128419;482071;131;104;374;0,04523671038387036;0,0032325762086497204;0;0;0,24818484324403828;0,7033458701634415;0;0;0
746500;34,385;-32,0;-1;-1;57168;6316;49750;22690;128759;483158;131;104;374;0,04474230411921824;0,003202901455608377;0;0;0,2474496166530717;0,7046051777721016;0;0;0
748000;34,437;-30,0;-1;-1;57233;6320;49750;22690;129155;484193;131;104;374;0,04277000374554997;0,0030698658975870266;0;0,04282125982116665;0,23655748298757415;0,6747813875481221;0;0;0
749500;34,512;-29,0;-1;-1;57300;6322;49750;22751;129522;485196;131;104;374;0;0,0031153013069342528;0,02745781214021201;0,04300451703103495;0,24006714554453182;0,686355223977287;0;0;0
751000;34,586;-31,0;-1;-1;57300;6322;49784;22815;129918;486202;131;104;374;0;0;0,0272374982834552;0,042281548264735305;0,24146786171946985;0,6890130917323396;0;0;0
752500;34,661;-38,0;-1;-1;57300;6322;49823;22878;130268;487250;131;104;374;0;0;0,027294367498699547;0,04202504340496087;0,24134070254195317;0,6893398865543864;0;0;0
754000;34,733;-33,0;-1;-1;57300;6322;49859;22941;130630;488289;131;104;374;0;0;0,027041779664737326;0,043510142656580784;0,2383188736077668;0,691129204070915;0;0;0
755500;34,806;-40,0;-1;-1;57300;6322;49889;23009;130978;489343;131;104;374;0,041416527126320817;0;0,026010202334313386;0,04145053997717177;0,2269727774247425;0,6641499531374515;0;0;0
757000;34,877;-40,0;-1;-1;57353;6322;49938;23057;131349;490322;131;104;374;0,04328957516380873;0,003137927580387278;0,027185697364821546;0;0,23525638955837153;0,6911304103326109;0;0;0
758500;34,95;-31,0;-1;-1;57403;6325;49977;23057;131676;491403;131;104;374;0;0,0032351574721755766;0,027966572364250274;0;0,24611568319315183;0,7226825869704223;0;0;0
760000;35,018;-24,0;-1;-1;57403;6331;50027;23057;132041;492482;131;104;374;0;0,0032293133431898153;0,027857240745569927;0;0,24484124613163538;0,7240721997796049;0;0;0
761500;35,123;-40,0;-1;-1;57403;6332;50064;23057;132430;493577;131;105;374;0;0,003227801024547958;0,027779922613912617;0;0,2451146556099977;0,7238776207515418;0;0;0
763000;35,207;-37,0;-1;-1;57403;6334;50095;23057;132837;494637;131;105;374;0;0,003084369755330966;0,026492866596702153;0,04256542172247469;0,23482013261108536;0,6930372093144069;0;0;0
764500;35,279;-41,0;-1;-1;57403;6336;50137;23106;133173;495708;131;105;374;0,12234822302182743;0,008862004024746654;0,07589458067193056;0,12134691743470585;0,6715482748467895;0;0;0;0
766000;35,355;-41,0;-1;-1;57603;6357;50253;23297;134145;495708;131;105;374;0,1411347233377953;0,010291945645414982;0,08800943758947637;0;0,7605638934273133;0;0;0;0
767500;35,433;-26,0;-1;-1;57810;6381;50399;23297;135268;495708;131;105;374;0,14083207953868068;0,010326891224730704;0,0905512849283812;0;0,7582897443082075;0;0;0;0
769000;35,502;-28,0;-1;-1;57999;6409;50546;23297;136404;495708;131;105;374;0,14187798193009882;0,010433435066414911;0,09137056147932927;0;0,7563180215241571;0;0;0;0
770500;35,573;-28,0;-1;-1;58222;6418;50680;23297;137538;495708;131;105;374;0,04149044444152514;0,0030898192716071813;0,026854256715909772;0;0,2168405624248104;0,7117249171461474;0;0;0
772000;35,63;-36,0;-1;-1;58278;6424;50719;23297;137884;496761;131;105;374;0,050278382832859146;0,003750625328544281;0,03242375025020135;0,051304285891891406;0;0,8622429556965038;0;0;0
773500;35,701;-36,0;-1;-1;58353;6428;50766;23376;137884;498056;131;105;374;0;0,003936563576827491;0,03394422583126317;0,05320560873574778;0;0,9089136018561615;0;0;0
775000;35,767;-33,0;-1;-1;58353;6433;50816;23449;137884;499428;131;105;374;0;0,0038938565528866547;0,03445231090204796;0,05487733528425666;0;0,9067764972608087;0;0;0
776500;35,837;-34,0;-1;-1;58353;6437;50869;23532;137884;500788;131;105;374;0;0,0038606498831397374;0,03405615446506198;0,05651123425665365;0;0,9055719613951446;0;0;0
778000;35,912;-37,0;-1;-1;58353;6441;50918;23599;137884;502192;131;105;376;0;0,0030582800027880728;0,02690822001249473;0,044325843215527724;0,2142041813527277;0,7115034754164616;0;0;0
779500;36,019;-41,0;-1;-1;58353;6448;50957;23656;138214;503259;131;105;376;0,04099649219715384;0,0037496684185281642;0,026807693926351083;0;0,2143480122599981;0,7140981331979688;0;0;0
781000;36,092;-44,0;-1;-1;58409;6456;50991;23656;138534;504341;131;105;376;0,05231229957407383;0,004790381630514719;0,03425684661765458;0;0;0,9086404721777568;0;0;0
782500;36,165;-33,0;-1;-1;58474;6463;51040;23656;138534;505720;131;105;376;0,05204996274004932;0,004775943180811533;0,03410943407036883;0;0;0,9090646600087704;0;0;0
784000;36,236;-32,0;-1;-1;58554;6472;51088;23656;138534;507083;131;105;376;0,05193203584973109;0,004777963914449585;0,03409955326993375;0;0;0,9091904469658856;0;0;0
785500;36,309;-33,0;-1;-1;58641;6476;51136;23656;138534;508444;131;105;376;0,04929780804172576;0,0045593865409412435;0,03244978541515774;0,053886421428742226;0;0,859806598573433;0;0;0
787000;36,379;-33,0;-1;-1;58710;6484;51180;23743;138534;509736;131;105;376;0,040278689225726805;0,0037326394549668427;0;0,043618108055799604;0,21379092584186687;0,6985796374216398;0;0;0
788500;36,448;-36,0;-1;-1;58780;6486;51180;23794;138872;510775;131;105;376;0;0,003884904786280395;0;0,04504811998934321;0,2230124542726853;0,728054520951691;0;0;0
790000;36,51;-33,0;-1;-1;58780;6490;51180;23859;139231;511847;131;105;376;0;0,003883564987103651;0;0,04466408618322403;0,22102256683809804;0,7304297819915743;0;0;0
791500;36,581;-37,0;-1;-1;58780;6492;51180;23914;139554;512967;131;105;376;0;0,003904929294264618;0;0,04452146418127814;0,2201235129265707;0,7314500935978866;0;0;0
793000;36,654;-37,0;-1;-1;58780;6498;51180;23983;139887;514059;131;105;376;0;0,0038259809961503103;0,027343515660733043;0,04321946177410276;0,21387638092470437;0,7117346606443096;0;0;0
794500;36,729;-40,0;-1;-1;58780;6508;51222;24051;140191;515169;131;105;379;0,04958823667946981;0,004580368796738498;0,03273702875662126;0,05133280332853463;0;0,8617615624386359;0;0;0
796000;36,801;-37,0;-1;-1;58856;6511;51268;24131;140191;516464;131;105;379;0;0,004789396313689012;0,03508679011988583;0,05855129090176116;0;0,9015725226646639;0;0;0
797500;36,873;-35,0;-1;-1;58856;6522;51328;24211;140191;517813;131;105;379;0;0,004768332421550275;0,034909751327174665;0,05776858671705575;0;0,9025533295342193;0;0;0
799000;36,942;-30,0;-1;-1;58856;6534;51380;24311;140191;519149;131;105;379;0;0,004749797467080447;0,034784139797293494;0,05689609885503917;0;0,9035699638805869;0;0;0
800500;37,014;-41,0;-1;-1;58856;6538;51436;24405;140191;520495;131;105;379;0;0,0037529514529793914;0,027391348291117733;0,04431314603367619;0,21195461591435266;0,7125879383078739;0;0;0
802000;37,088;-38,0;-1;-1;58856;6548;51472;24488;140519;521538;131;105;379;0;0,0038990301268034076;0,028484060905524227;0;0,22265936622549173;0,7449575427421805;0;0;0
803500;37,162;-41,0;-1;-1;58856;6551;51505;24488;140864;522657;131;105;379;0,04074402655049687;0,0037237236550470244;0,027153290737733482;0;0,21424202119668925;0,7141369378600335;0;0;0
805000;37,233;-34,0;-1;-1;58921;6555;51533;24488;141182;523742;131;105;379;0;0,003864844709441287;0,028162927160231752;0;0,2230925776330994;0,7448796504972276;0;0;0
806500;37,306;-35,0;-1;-1;58921;6558;51571;24488;141496;524887;131;105;379;0;0,0038514037561396346;0,028004838530284994;0;0,2213481046146651;0,7467956530989103;0;0;0
808000;37,377;-41,0;-1;-1;58921;6562;51606;24488;141821;526023;131;105;379;0;0,003663739578851817;0,02660170170236539;0,04299578165192868;0,20998422201817346;0,7167545550486807;0;0;0
809500;37,447;-38,0;-1;-1;58921;6565;51637;24547;142115;527136;131;105;379;0;0,003813064234115974;0,02764745725279085;0;0,21936616007673415;0,749173318436359;0;0;0
811000;37,522;-37,0;-1;-1;58921;6568;51676;24547;142442;528287;131;105;381;0;0,0038111017682458583;0,027572336406668348;0;0,2172236767161909;0,7513928851088949;0;0;0
812500;37,595;-42,0;-1;-1;58921;6573;51711;24547;142782;529407;131;105;381;0;0,0038274598115598697;0,02766043055147596;0;0,2162251873401275;0,7522869222968367;0;0;0
814000;37,667;-43,0;-1;-1;58921;6576;51746;24547;143101;530550;131;105;381;0,040625676547362204;0,003699100068822739;0,026681655916107522;0;0,2071148969048517;0,7218786705628558;0;0;0
815500;37,739;-35,0;-1;-1;58969;6579;51780;24547;143405;531661;131;105;381;0;0,003840234174292005;0,02764876898860013;0;0,21695452357058495;0,7515564732665229;0;0;0
817000;37,814;-39,0;-1;-1;58969;6582;51842;24547;143736;532765;131;105;381;0;0,0036566677123156077;0,02694034942307022;0,04279320734470858;0,20584573908558498;0,7207640364343205;0;0;0
818500;37,883;-43,0;-1;-1;58969;6588;51876;24613;144027;533868;131;105;381;0;0,004556950460463029;0,033553777509443015;0,052862783861051595;0;0,9090264881690424;0;0;0
820000;37,942;-43,0;-1;-1;58969;6594;51926;24683;144027;535242;131;105;381;0;0,0045893310915287415;0,03371986142139278;0,05282407086125621;0;0,9088667366258224;0;0;0
821500;38,005;-27,0;-1;-1;58969;6597;51971;24741;144027;536636;131;105;381;0;0,004547596583804944;0,033338249691159665;0,0519716162873363;0;0,9101425374376991;0;0;0
823000;38,07;-43,0;-1;-1;58969;6605;52012;24824;144027;538004;131;105;381;0;0,0045351482510305125;0,0332354323508041;0,051351328376251545;0;0,9108780910219137;0;0;0
824500;38,136;-34,0;-1;-1;58969;6610;52055;24897;144027;539383;131;105;381;0;0,0036149486267701386;0,026452130453631182;0,04056237889301486;0,2046119935332895;0,7247585484932944;0;0;0
826000;38,198;-39,0;-1;-1;58969;6615;52109;24959;144328;540461;131;105;381;0,048080481204479365;0,004339015819102532;0,03167619738630797;0,04832575266320939;0;0,8675785529269008;0;0;0
827500;38,262;-39,0;-1;-1;59038;6619;52153;25042;144328;541791;131;105;381;0,04987316730157949;0,004514008767403393;0;0,04978940219417515;0;0,8958234217368419;0;0;0
829000;38,323;-33,0;-1;-1;59127;6625;52153;25124;144328;543114;131;105;381;0,04958266945633423;0,004503138660768715;0;0,051664203404591456;0;0,8942499884783057;0;0;0
830500;38,386;-36,0;-1;-1;59201;6631;52153;25206;144328;544452;131;105;381;0,04974703948413778;0,004531432994291321;0;0,051486378338703516;0;0,8942351491828674;0;0;0
832000;38,453;-35,0;-1;-1;59289;6638;52153;25284;144328;545779;131;105;381;0,05148597219428771;0,0045203177263221685;0;0,05088296425029049;0;0,8931107458290996;0;0;0
833500;38,519;-39,0;-1;-1;59358;6650;52153;25371;144328;547111;131;105;381;0,039989979612008335;0,0035120695535090815;0,025860161065567516;0,03921151267893171;0,19965924133686413;0,6917670357531193;0;0;0
835000;38,58;-39,0;-1;-1;59423;6654;52190;25449;144643;548112;131;105;381;0,05032065523212737;0,0043434953402953684;0,03193875634012101;0,048043991739833376;0;0,865353101347623;0;0;0
836500;38,645;-30,0;-1;-1;59491;6657;52245;25525;144643;549410;131;105;381;0,05263133831864842;0,004557967584723912;0,033419480031891276;0;0;0,9093912140647364;0;0;0
838000;38,71;-35,0;-1;-1;59568;6662;52291;25525;144643;550782;131;105;381;0,052645325042766686;0,004572904856349713;0,0334854627639593;0;0;0,9092963073369243;0;0;0
839500;38,774;-35,0;-1;-1;59653;6669;52347;25525;144643;552134;131;105;381;0,05221896178409603;0,004548547115648925;0,0332694796432834;0;0;0,9099630114569717;0;0;0
841000;38,841;-37,0;-1;-1;59735;6677;52394;25525;144643;553497;131;105;381;0,05191792490890691;0,004535652978195445;0,03314573262554227;0;0;0,9104006894873553;0;0;0
842500;38,908;-36,0;-1;-1;59812;6681;52443;25525;144643;554867;131;105;381;0,04921869251966113;0,004317808403281603;0,03146834805197963;0,047695418334550536;0;0,8672997326905272;0;0;0
844000;38,975;-30,0;-1;-1;59877;6689;52494;25595;144643;556193;131;105;383;0;0,0035945672506915967;0,026172936623616166;0,039416974621536115;0,2052130772974676;0,7256024442066885;0;0;0
845500;39,04;-37,0;-1;-1;59877;6696;52532;25655;144938;557293;131;105;383;0;0,004515403001830496;0,03287067945230578;0,04922468950162613;0;0,9133892280442376;0;0;0
847000;39,108;-40,0;-1;-1;59877;6702;52595;25733;144938;558646;131;105;383;0;0,004541553965112589;0,032959564718901484;0,04904307616180957;0;0,9134558051541763;0;0;0
848500;39,177;-26,0;-1;-1;59877;6710;52650;25808;144938;560008;131;105;383;0;0,004556830022421718;0,03303254314265502;0,04884079197143958;0;0,9135698348634836;0;0;0
850000;39,235;-37,0;-1;-1;59877;6723;52700;25868;144938;561385;131;105;383;0,049558055851952304;0,005236183704485259;0,031243168279159263;0,04824354944242364;0;0,8657190427219795;0;0;0
851500;39,292;-36,0;-1;-1;59953;6725;52740;25925;144938;562710;131;105;383;0;0,005507770550282906;0,03279662495160413;0,05040804755231838;0;0,9112875569457946;0;0;0
853000;39,345;-33,0;-1;-1;59953;6733;52788;26004;144938;564075;131;105;383;0;0,005471663256930363;0,03256557613547086;0,052171157982951445;0;0,9097916026246473;0;0;0
854500;39,39;-26,0;-1;-1;59953;6742;52831;26088;144938;565439;131;105;383;0;0,005468303421953183;0,03255104272909398;0,05184042809683977;0;0,9101402257521131;0;0;0
856000;39,432;-41,0;-1;-1;59953;6749;52897;26166;144938;566788;131;105;383;0;0,004314373742684336;0,025644421467264058;0,040680112674695366;0,20425252049085535;0,7251085716245008;0;0;0
857500;39,473;-43,0;-1;-1;59953;6752;52934;26230;145260;567862;131;105;383;0;0,005432953080769667;0,03226135991033822;0,05096974817980455;0;0,9113359388290876;0;0;0
859000;39,513;-44,0;-1;-1;59953;6764;52982;26328;145260;569204;131;105;383;0,04918166975627193;0,005168533866642248;0,03071009942394751;0,05051748732531575;0;0,8644222096278226;0;0;0
860500;39,556;-44,0;-1;-1;60029;6772;53023;26415;145260;570519;131;105;385;0,05190947770504363;0,005462795327697773;0,032458079664921445;0;0;0,9101696473023372;0;0;0
862000;39,597;-34,0;-1;-1;60094;6783;53078;26415;145260;571888;131;105;385;0,05168029623871691;0,00543995497407431;0,03320217664513418;0;0;0,9096775721420746;0;0;0
863500;39,639;-38,0;-1;-1;60191;6787;53132;26415;145260;573233;131;