Iteration;Time;TD-0;TD-1;TD-2;TD-3;TD-4;TD-5;TD-6;TD-7;TD-8;
2141;1,04;4;0;0;0;0;0;4;4;4
3641;1,21;3;0;4;0;0;0;3;3;3
5191;1,347;2;0;3;0;0;0;2;2;2
6691;1,416;1;0;2;0;0;0;1;1;1
8191;1,634;0;0;1;0;0;0;0;0;0
10231;1,8;0;0;0;0;0;0;5;5;5
11731;1,901;0;4;0;0;0;0;4;4;4
13231;2,006;0;3;0;0;4;0;3;3;3
14731;2,114;0;2;0;0;3;0;2;2;2
16260;2,219;0;1;0;0;2;0;1;1;1
17760;2,295;0;0;0;0;1;0;0;0;0
19760;2,415;0;0;0;4;0;0;6;6;6
21260;2,506;0;0;0;3;5;0;5;5;5
22760;2,617;0;0;0;2;4;0;4;4;4
24291;2,717;0;0;0;1;3;0;3;3;3
25791;2,794;0;0;0;0;2;0;2;2;2
27291;2,869;4;0;0;0;1;0;1;1;1
28791;2,93;3;0;0;0;0;0;0;0;0
30791;3,024;2;0;0;0;0;4;7;7;0
32291;3,098;1;0;0;0;0;3;6;6;4
33812;3,173;0;0;0;0;0;2;5;5;3
35312;3,243;0;0;4;0;0;1;4;4;2
36812;3,317;0;0;3;0;0;0;3;3;1
38312;3,408;0;0;2;4;0;0;2;2;0
39812;3,495;0;0;1;3;0;0;1;1;5
41312;3,59;0;0;0;2;0;0;0;0;4
43312;3,714;0;0;0;1;0;0;8;8;3
44843;3,817;4;0;0;0;0;0;99;99;2
46367;4,007;3;0;4;0;0;0;99;99;1
47867;4,08;2;0;3;0;0;0;99;99;0
49402;4,17;1;0;2;0;4;0;99;99;0
50902;4,247;0;0;1;0;3;0;99;99;4
52402;4,324;0;0;0;0;2;0;99;99;3
53929;4,385;0;0;0;0;1;4;99;99;2
55429;4,454;0;0;0;0;0;3;99;99;1
56929;4,529;0;4;0;0;0;2;99;99;0
58429;4,597;0;3;0;0;0;1;99;99;5
59950;4,675;0;2;0;0;0;0;99;99;4
61450;4,758;0;1;0;4;0;0;99;99;3
62950;4,831;0;0;0;3;0;0;99;99;2
64450;4,904;4;0;0;2;0;0;99;99;1
65950;4,975;3;0;0;1;0;0;99;99;0
67467;5,057;2;0;4;0;0;0;99;99;0
68967;5,105;1;0;3;0;0;0;99;99;4
70467;5,164;0;0;2;0;0;0;99;99;3
71967;5,208;0;0;1;0;4;0;99;99;2
73467;5,255;0;0;0;0;3;0;99;99;1
74967;5,313;4;0;0;0;2;0;99;99;0
76493;5,396;3;0;0;4;1;0;99;99;0
77993;5,481;2;0;0;3;0;0;99;99;4
79493;5,578;1;0;0;2;0;0;99;99;3
80993;5,665;0;0;0;1;0;0;99;99;2
82493;5,745;0;0;0;0;0;4;99;99;1
83993;5,828;0;0;0;5;0;3;99;99;0
85493;5,914;0;0;0;4;0;2;99;99;5
87017;5,998;0;0;0;3;0;1;99;99;4
88517;6,085;0;0;0;2;0;0;99;99;3
90017;6,164;0;0;4;1;0;0;99;99;2
91517;6,24;0;0;3;0;0;0;99;99;1
93017;6,307;4;0;2;0;0;0;99;99;0
94517;6,376;3;0;1;4;0;0;99;99;6
95517;6,422;2;0;0;3;0;0;99;99;5
97017;6,496;1;0;0;2;0;0;99;99;4
98534;6,557;0;0;0;1;0;0;99;99;3
100034;6,621;5;0;0;0;0;0;99;99;2
101534;6,688;4;0;0;0;4;0;99;99;1
103034;6,754;3;0;0;0;3;0;99;99;0
104534;6,822;2;0;0;4;2;0;99;99;0
106034;6,903;1;0;0;3;1;0;99;99;4
107034;6,945;0;0;0;2;0;0;99;99;3
108534;7,02;0;0;4;1;0;0;99;99;2
110034;7,106;0;0;3;0;0;0;99;99;1
111558;7,209;0;4;2;0;0;0;99;99;0
113058;7,315;0;3;1;0;0;0;99;99;5
114558;7,374;0;2;0;0;0;0;99;99;4
116058;7,432;0;1;0;4;0;0;99;99;3
117558;7,511;0;0;0;3;0;0;99;99;2
119058;7,632;4;0;0;2;0;0;99;99;1
120558;7,748;3;0;0;1;0;0;99;99;0
122058;7,826;2;0;0;0;0;4;99;99;0
123558;7,92;1;0;4;0;0;3;99;99;0
125058;7,989;0;0;3;0;0;2;99;99;4
126581;8,063;0;0;2;0;0;1;99;99;3
128081;8,13;0;0;1;0;0;0;99;99;2
129581;8,236;0;0;0;0;4;0;99;99;1
131081;8,308;0;0;5;0;3;0;99;99;0
132581;8,376;0;0;4;0;2;0;99;99;0
134081;8,455;0;0;3;0;1;0;99;99;4
135581;8,526;0;0;2;0;0;0;99;99;3
137081;8,604;4;0;1;0;0;0;99;99;2
138581;8,687;3;0;0;0;0;0;99;99;1
140081;8,766;2;0;6;0;0;0;99;99;0
141581;8,836;1;0;5;0;4;0;99;99;0
143100;8,902;0;0;4;0;3;0;99;99;4
144600;8,974;0;0;3;0;2;0;99;99;3
146100;9,039;0;0;2;0;1;0;99;99;2
147600;9,114;0;0;1;0;0;0;99;99;1
149100;9,183;0;0;0;4;0;0;99;99;0
150600;9,249;0;0;0;3;0;0;99;99;5
152100;9,315;4;0;0;2;0;0;99;99;4
153600;9,393;3;0;0;1;0;0;99;99;3
155100;9,449;2;0;0;0;0;0;99;99;2
156600;9,502;1;0;4;0;0;0;99;99;1
158100;9,556;0;0;3;0;0;0;99;99;0
159621;9,612;0;0;2;0;0;0;99;99;6
161121;9,662;4;0;1;0;0;0;99;99;5
162621;9,726;3;0;0;0;0;0;99;99;4
164121;9,807;2;0;5;0;0;0;99;99;3
165621;9,886;1;0;4;0;0;0;99;99;2
167121;9,969;0;0;3;0;0;0;99;99;1
168621;10,049;0;0;2;4;0;0;99;99;0
170121;10,13;0;0;1;3;0;0;99;99;7
171621;10,207;0;0;0;2;0;0;99;99;6
173121;10,269;0;0;0;1;0;4;99;99;5
174621;10,333;0;0;0;0;0;3;99;99;4
176144;10,403;4;0;0;0;0;2;99;99;3
177644;10,467;3;0;0;0;0;1;99;99;2
179144;10,53;2;0;0;0;0;0;99;99;1
180644;10,592;1;0;4;0;0;0;99;99;0
182144;10,655;0;0;3;0;0;0;99;99;8
183644;10,719;0;0;2;4;0;0;99;99;7
185144;10,778;0;0;1;3;0;0;99;99;6
186644;10,822;0;0;0;2;0;0;99;99;5
188144;10,865;4;0;0;1;0;0;99;99;4
189644;10,905;3;0;0;0;0;0;99;99;3
191144;10,948;2;0;0;0;0;4;99;99;2
192663;10,987;1;0;0;0;0;3;99;99;1
194163;11,025;0;0;0;0;0;2;99;99;0
195663;11,064;0;0;0;0;0;1;99;99;8
197163;11,102;4;0;0;0;0;0;99;99;7
198663;11,142;3;0;0;0;4;0;99;99;6
200163;11,185;2;0;0;0;3;0;99;99;5
201663;11,228;1;0;0;0;2;0;99;99;4
203163;11,272;0;0;0;0;1;0;99;99;3
204663;11,316;0;0;0;0;0;4;99;99;2
206163;11,358;0;0;0;4;0;3;99;99;1
207663;11,403;0;0;0;3;0;2;99;99;0
209186;11,45;0;0;0;2;0;1;99;99;8
210686;11,493;0;0;0;1;0;0;99;99;7
212186;11,546;0;4;0;0;0;0;99;99;6
213686;11,611;0;3;0;5;0;0;99;99;5
215186;11,656;0;2;0;4;0;0;99;99;4
216686;11,708;0;1;0;3;0;0;99;99;3
218186;11,757;0;0;0;2;0;0;99;99;2
219686;11,803;4;0;0;1;0;0;99;99;1
221186;11,848;3;0;0;0;0;0;99;99;0
222686;11,896;2;4;0;6;0;0;99;99;0
224186;11,94;1;3;0;5;0;0;99;99;4
225205;11,974;0;2;0;4;0;0;99;99;3
226705;12,033;0;1;0;3;0;0;99;99;2
228205;12,08;0;0;0;2;0;0;99;99;1
229705;12,129;4;0;0;1;0;0;99;99;0
231205;12,194;3;0;0;0;0;0;99;99;5
232705;12,238;2;0;0;0;0;0;99;99;4
234205;12,292;1;0;4;0;0;0;99;99;3
235705;12,353;0;0;3;0;0;0;99;99;2
237205;12,398;5;0;2;0;0;0;99;99;1
238705;12,441;4;0;1;0;0;0;99;99;0
240205;12,485;3;0;0;0;0;0;99;99;6
241731;12,531;2;0;0;0;4;0;99;99;5
243231;12,574;1;0;0;0;3;0;99;99;4
244731;12,618;0;0;0;0;2;0;99;99;3
246231;12,667;0;0;0;0;1;4;99;99;2
247731;12,712;0;0;0;0;0;3;99;99;1
249231;12,754;0;0;4;0;0;2;99;99;0
250731;12,815;0;0;3;0;0;1;99;99;7
252231;12,86;0;0;2;0;0;0;99;99;6
253731;12,905;0;0;1;0;4;0;99;99;5
255231;12,949;0;0;0;0;3;0;99;99;4
256731;13,001;4;0;0;0;2;0;99;99;3
258259;13,075;3;0;0;0;1;0;99;99;2
259759;13,153;2;0;0;0;0;0;99;99;1
261259;13,291;1;0;4;0;0;0;99;99;0
262759;13,355;0;0;3;0;0;0;99;99;8
264259;13,417;5;0;2;0;0;0;99;99;99
265759;13,482;4;0;1;0;0;0;99;99;99
267259;13,554;3;0;0;0;0;0;99;99;99
268759;13,621;2;0;5;0;0;0;99;99;99
270259;13,7;1;0;4;0;0;0;99;99;99
271759;13,78;0;0;3;0;0;0;99;99;99
273259;13,855;0;4;2;0;0;0;99;99;99
274785;13,934;0;3;1;0;0;0;99;99;99
276285;14,004;0;2;0;0;0;0;99;99;99
277785;14,075;0;1;0;4;0;0;99;99;99
279285;14,144;0;0;0;3;0;0;99;99;99
280785;14,214;0;0;4;2;0;0;99;99;99
282285;14,284;0;0;3;1;0;0;99;99;99
283785;14,355;0;0;2;0;0;0;99;99;99
285285;14,432;0;0;1;0;4;0;99;99;99
286785;14,501;0;0;0;0;3;0;99;99;99
288285;14,554;0;0;5;0;2;0;99;99;99
289785;14,629;0;0;4;0;1;0;99;99;99
291310;14,71;0;0;3;0;0;0;99;99;99
292810;14,786;4;0;2;0;0;0;99;99;99
294310;14,867;3;0;1;0;0;0;99;99;99
295810;14,944;2;0;0;0;0;0;99;99;99
297310;15,022;1;0;6;0;0;0;99;99;99
298810;15,104;0;0;5;0;0;0;99;99;99
300310;15,169;0;0;4;0;4;0;99;99;99
301810;15,232;0;0;3;0;3;0;99;99;99
303310;15,3;0;0;2;0;2;0;99;99;99
304810;15,364;0;0;1;0;1;0;99;99;99
306310;15,429;0;0;0;0;0;0;99;99;99
307840;15,505;0;0;0;0;5;0;99;99;99
309340;15,569;4;0;0;0;4;0;99;99;99
310840;15,634;3;0;0;0;3;0;99;99;99
312340;15,712;2;0;0;0;2;0;99;99;99
313840;15,785;1;0;0;0;1;0;99;99;99
315340;15,869;0;0;0;0;0;0;99;99;99
316840;15,939;0;4;0;0;0;0;99;99;99
318340;16,009;4;3;0;0;0;0;99;99;99
319840;16,075;3;2;0;0;0;0;99;99;99
321340;16,139;2;1;0;0;0;0;99;99;99
322840;16,202;1;0;0;0;0;0;99;99;99
324364;16,274;0;0;0;0;4;0;99;99;99
325864;16,337;0;0;4;0;3;0;99;99;99
327364;16,419;0;0;3;0;2;0;99;99;99
328864;16,503;0;0;2;0;1;0;99;99;99
330364;16,569;0;0;1;0;0;0;99;99;99
331864;16,641;4;0;0;0;0;0;99;99;99
333364;16,709;3;0;5;0;0;0;99;99;99
334864;16,78;2;0;4;0;0;0;99;99;99
336364;16,85;1;0;3;0;0;0;99;99;99
337864;16,92;0;0;2;0;0;0;99;99;99
339364;16,987;0;0;1;0;0;4;99;99;99
340885;17,061;0;0;0;0;0;3;99;99;99
342385;17,128;0;0;6;0;0;2;99;99;99
343885;17,206;0;0;5;0;0;1;99;99;99
345385;17,254;0;0;4;0;0;0;99;99;99
346885;17,304;4;0;3;0;0;0;99;99;99
348385;17,376;3;0;2;0;0;0;99;99;99
349885;17,449;2;0;1;0;0;0;99;99;99
351385;17,522;1;0;0;0;0;0;99;99;99
352885;17,585;0;0;0;4;0;0;99;99;99
354385;17,656;0;0;0;3;4;0;99;99;99
355885;17,725;0;0;0;2;3;0;99;99;99
357404;17,797;0;0;0;1;2;0;99;99;99
358935;17,901;0;0;0;0;1;0;99;99;99
360435;17,971;4;0;0;0;0;0;99;99;99
361959;18,046;3;0;4;0;0;0;99;99;99
363459;18,119;2;0;3;0;0;0;99;99;99
364959;18,188;1;0;2;0;0;0;99;99;99
366487;18,263;0;0;1;0;0;0;99;99;99
367987;18,333;0;0;0;0;4;0;99;99;99
369487;18,403;4;0;0;0;3;0