Iteration;Time;TD-0;TD-1;TD-2;TD-3;TD-4;TD-5;TD-6;TD-7;TD-8;
2069;1,012;0;4;4;0;0;0;4;4;0
3569;1,287;0;3;3;0;0;4;3;3;4
4590;1,496;0;2;2;0;0;3;2;2;3
5590;1,708;0;1;1;0;0;2;1;1;2
6590;1,82;0;0;0;0;0;1;0;0;1
8638;2,676;0;5;0;0;0;0;5;0;0
10638;3,574;0;4;0;4;4;0;4;4;0
12138;19,916;0;3;0;3;3;4;3;3;0
13138;20,024;0;2;0;2;2;3;2;2;4
14156;20,144;0;1;0;1;1;2;1;1;3
15156;20,278;0;0;0;0;0;1;0;0;2
17156;20,442;4;6;0;0;0;0;0;0;1
18656;20,699;3;5;0;0;0;5;0;0;0
20156;20,929;2;4;0;4;0;4;0;0;0
21689;21,07;1;3;0;3;4;3;0;0;4
22689;21,192;0;2;0;2;3;2;0;0;3
24189;22,309;0;1;0;1;2;1;4;0;2
25189;23,004;0;0;0;0;1;0;3;0;1
26689;24,03;0;0;0;0;0;6;2;0;0
28689;24,213;0;4;0;0;5;5;1;0;0
30221;26,029;0;3;0;0;4;4;0;0;4
31721;26,161;0;2;0;4;3;3;0;0;3
33221;28,694;0;1;0;3;2;2;4;0;2
34221;29,087;0;0;0;2;1;1;3;0;1
35721;29,473;0;0;0;1;0;0;2;0;0
37721;29,783;0;4;0;0;0;7;1;0;5
39221;29,91;4;3;0;0;0;6;0;0;4
40752;30,049;3;2;0;0;0;5;0;4;3
42252;30,179;2;1;0;0;0;4;4;3;2
43252;30,264;1;0;0;0;0;3;3;2;1
44752;30,453;0;0;0;0;0;2;2;1;0
46252;30,585;0;4;0;0;0;1;1;0;6
47752;30,705;0;3;4;0;0;0;0;0;5
49252;30,823;0;2;3;0;0;8;5;0;4
50752;30,935;0;1;2;0;0;99;4;0;3
52279;31,052;0;0;1;0;0;99;3;0;2
53779;31,159;4;5;0;0;0;99;2;0;1
55279;31,266;3;4;0;0;0;99;1;0;0
56779;31,376;2;3;0;0;0;99;0;0;0
58279;31,484;1;2;0;0;0;99;0;0;4
59779;31,596;0;1;0;0;0;99;4;0;3
61279;31,727;0;0;0;0;4;99;3;0;2
62779;31,838;0;6;0;0;3;99;2;4;1
63779;31,91;0;5;0;0;2;99;1;3;0
65303;32,023;0;4;0;0;1;99;0;2;0
66803;32,125;0;3;0;0;0;99;0;1;4
68303;32,35;0;2;0;0;0;99;4;0;3
69803;32,467;0;1;0;0;0;99;3;5;2
71303;32,577;0;0;0;0;0;99;2;4;1
72803;32,686;0;7;4;0;0;99;1;3;0
74303;33,038;0;6;3;0;0;99;0;2;0
75803;33,169;0;5;2;0;0;99;5;1;4
76803;33,268;0;4;1;0;0;99;4;0;3
78303;33,388;0;3;0;0;0;99;3;0;2
79839;33,528;0;2;0;4;0;99;2;0;1
81339;33,654;0;1;0;3;0;99;1;0;0
82839;33,811;0;0;0;2;0;99;0;0;5
84339;33,981;0;8;0;1;0;99;6;0;4
85839;34,109;0;99;0;0;0;99;5;0;3
87339;34,227;0;99;0;0;0;99;4;4;2
88839;34,372;0;99;0;0;0;99;3;3;1
90339;35,013;0;99;0;0;0;99;2;2;0
91839;35,24;0;99;0;0;0;99;1;1;6
93339;35,371;0;99;0;0;0;99;0;0;5
94839;35,46;0;99;0;0;0;99;7;5;4
96364;35,581;0;99;0;0;0;99;6;4;3
97864;35,699;0;99;0;0;0;99;5;3;2
99364;35,832;0;99;0;0;0;99;4;2;1
100864;36,097;0;99;0;0;0;99;3;1;0
102364;36,993;0;99;4;0;0;99;2;0;7
103864;37,166;0;99;3;0;0;99;1;0;6
105364;37,3;0;99;2;0;0;99;0;0;5
106864;37,479;0;99;1;0;0;99;8;0;4
108364;37,607;0;99;0;0;0;99;99;0;3
109864;39,284;0;99;0;0;4;99;99;0;2
111364;39,387;0;99;0;0;3;99;99;0;1
112897;39,735;0;99;0;0;2;99;99;0;0
114397;39,838;0;99;0;0;1;99;99;0;0
115897;39,967;0;99;0;0;0;99;99;0;4
117397;40,153;0;99;0;0;5;99;99;0;3
118897;40,293;0;99;0;0;4;99;99;0;2
120397;40,484;0;99;0;0;3;99;99;0;1
121897;40,628;0;99;0;0;2;99;99;0;0
123397;40,735;0;99;0;0;1;99;99;0;0
124897;40,866;0;99;0;0;0;99;99;0;4
126397;40,989;0;99;0;0;6;99;99;0;3
127897;41,555;0;99;0;0;5;99;99;0;2
129424;41,682;0;99;0;0;4;99;99;0;1
130924;41,817;0;99;0;0;3;99;99;0;0
132424;41,936;0;99;0;0;2;99;99;0;5
133924;42,048;0;99;0;0;1;99;99;0;4
135424;42,16;0;99;0;0;0;99;99;0;3
136924;42,291;0;99;0;0;7;99;99;0;2
138424;42,405;0;99;0;0;6;99;99;0;1
139924;42,524;0;99;0;0;5;99;99;0;0
141424;42,643;0;99;0;0;4;99;99;0;6
142924;42,752;0;99;0;0;3;99;99;0;5
144424;42,863;0;99;0;0;2;99;99;0;4
145957;42,999;0;99;0;0;1;99;99;0;3
147457;43,13;0;99;0;0;0;99;99;0;2
148957;43,456;4;99;0;0;0;99;99;0;1
150457;43,916;3;99;0;0;0;99;99;0;0
151957;44,082;2;99;0;0;0;99;99;0;7
153457;44,217;1;99;0;0;0;99;99;0;6
154957;46,021;0;99;0;0;0;99;99;0;5
156457;46,314;0;99;4;0;0;99;99;0;4
157957;46,448;0;99;3;0;0;99;99;0;3
159457;46,569;0;99;2;0;0;99;99;0;2
160957;46,689;0;99;1;0;0;99;99;0;1
162489;46,842;0;99;0;0;0;99;99;0;0
163989;46,963;0;99;0;0;0;99;99;0;8
165489;47,102;0;99;0;4;0;99;99;0;99
166989;47,255;0;99;0;3;0;99;99;0;99
168489;47,438;0;99;0;2;0;99;99;0;99
169989;47,598;0;99;0;1;0;99;99;0;99
171489;53,447;0;99;0;0;0;99;99;0;99
172989;53,645;0;99;0;0;4;99;99;0;99
174489;53,754;0;99;0;0;3;99;99;0;99
175989;53,92;0;99;0;0;2;99;99;0;99
177489;60,976;0;99;0;0;1;99;99;0;99
179019;72,866;0;99;0;0;0;99;99;0;99
180519;73,025;0;99;0;4;0;99;99;0;99
182019;73,185;0;99;0;3;0;99;99;0;99
183519;73,347;0;99;0;2;0;99;99;0;99
185019;73,645;0;99;0;1;0;99;99;0;99
186519;73,906;0;99;0;0;0;99;99;0;99
188019;74,098;0;99;4;0;0;99;99;0;99
189519;74,522;0;99;3;0;0;99;99;0;99
191019;74,703;0;99;2;0;0;99;99;0;99
192519;74,993;0;99;1;0;0;99;99;0;99
194019;75,893;0;99;0;0;0;99;99;0;99
195546;76,686;0;99;0;0;4;99;99;0;99
197046;76,82;0;99;0;0;3;99;99;0;99
198546;77,068;0;99;0;0;2;99;99;0;99
200046;77,305;0;99;0;0;1;99;99;0;99
201546;83,098;0;99;0;0;0;99;99;0;99
203046;83,61;0;99;0;0;5;99;99;0;99
204546;83,831;0;99;0;0;4;99;99;0;99
206046;84,826;0;99;0;0;3;99;99;0;99
207546;99,45;0;99;0;0;2;99;99;0;99
209046;99,668;0;99;0;0;1;99;99;0;99
210546;99,917;0;99;0;0;0;99;99;0;99
212083;101,14;0;99;4;0;0;99;99;0;99
213583;104,581;0;99;3;0;0;99;99;0;99
215083;104,862;0;99;2;0;0;99;99;0;99
216583;105,085;0;99;1;0;0;99;99;0;99
218083;105,184;0;99;0;0;0;99;99;0;99
219583;105,412;0;99;0;4;0;99;99;0;99
221083;108,71;0;99;0;3;0;99;99;0;99
222583;108,999;0;99;0;2;0;99;99;0;99
224083;158,814;0;99;4;1;0;99;99;0;99
225083;158,901;0;99;3;0;0;99;99;0;99
226583;159,089;0;99;2;0;0;99;99;0;99
228109;159,601;0;99;1;0;0;99;99;0;99
229609;159,861;0;99;0;0;0;99;99;0;99
231109;189,394;0;99;0;0;4;99;99;0;99
232609;292,035;0;99;0;0;3;99;99;0;99
234109;292,419;0;99;0;0;2;99;99;0;99
235609;292,737;0;99;0;0;1;99;99;0;99
237109;292,86;0;99;0;0;0;99;99;0;99
238609;293,24;0;99;0;4;0;99;99;0;99
240109;293,579;0;99;0;3;0;99;99;0;99
241609;293,836;0;99;0;2;0;99;99;0;99
243109;294,156;0;99;0;1;0;99;99;0;99
244638;294,544;0;99;0;0;0;99;99;0;99
246138;294,727;0;99;4;0;0;99;99;0;99
247638;294,915;0;99;3;0;0;99;99;0;99
249138;295,155;0;99;2;0;0;99;99;0;99
250638;295,46;0;99;1;0;0;99;99;0;99
252138;474,532;0;99;0;0;0;99;99;0;99
253638;474,871;0;99;0;0;0;99;99;4;99
255138;475,57;0;99;0;0;0;99;99;3;99
256638;475,725;0;99;0;0;0;99;99;2;99
258138;476,077;0;99;0;0;0;99;99;1;99
259638;476,281;0;99;0;0;0;99;99;0;99
261165;476,569;0;99;4;0;0;99;99;0;99
262665;478,934;0;99;3;0;0;99;99;0;99
264165;604,133;0;99;2;0;0;99;99;0;99
265665;604,739;0;99;1;0;0;99;99;0;99
267165;605,235;0;99;0;0;0;99;99;0;99
268665;612,909;0;99;0;4;0;99;99;0;99
270165;613,277;0;99;0;3;0;99;99;0;99
271665;613,999;0;99;0;2;0;99;99;0;99
273165;614,52;0;99;0;1;0;99;99;0;99
274665;615,034;0;99;0;0;0;99;99;0;99
276165;618,417;0;99;4;0;0;99;99;0;99
277693;648,223;0;99;3;0;0;99;99;0;99
279193;650,168;0;99;2;0;0;99;99;0;99
280693;650,798;0;99;1;0;0;99;99;0;99
282193;654,712;0;99;0;0;0;99;99;0;99
283693;655,651;0;99;0;4;0;99;99;0;99
285193;656,055;0;99;0;3;0;99;99;0;99
286693;657,215;0;99;0;2;0;99;99;0;99
288193;657,613;0;99;0;1;0;99;99;0;99
289693;657,9;0;99;0;0;0;99;99;0;99
291193;658,439;4;99;0;0;0;99;99;0;99
292693;659,985;3;99;0;0;0;99;99;0;99
294224;661,79;2;99;0;0;0;99;99;0;99
295724;661,908;1;99;0;0;0;99;99;0;99
297224;662,023;0;99;0;0;0;99;99;0;99
298724;662,165;0;99;0;0;0;99;99;4;99
300224;662,324;0;99;0;0;0;99;99;3;99
301724;664,283;0;99;0;0;0;99;99;2;99
303224;664,433;0;99;0;0;0;99;99;1;99
304724;664,633;0;99;0;0;0;99;99;0;99
306224;751,734;0;99;0;0;0;99;99;5;99
307724;755,436;0;99;0;0;0;99;99;4;99
309224;756,596;0;99;0;0;0;99;99;3;99
310752;756,893;0;99;0;0;0;99;99;2;99
312252;757,032;0;99;0;0;0;99;99;1;99
313752;757,552;0;99;0;0;0;99;99;0;99
315252;761,579;0;99;0;0;0;99;99;6;99
316752;761,799;0;99;0;0;0;99;99;5;99
318252;792,92;0;99;0;0;0;99;99;4;99
319752;810,683;0;99;0;0;0;99;99;3;99
321252;814,167;0;99;0;0;0;99;99;2;99
322752;821,54;0;99;0;0;0;99;99;1;99
324252;824,931;0;99;0;0;0;99;99;0;99
325752;825,559;0;99;0;4;0;99;99;0;99
327282;840,7;0;99;0;3;0;99;99;0;99
328782;925,377;0;99;0;2;0;99;99;0;99
330282;938,109;0;99;0;1;0;99;99;0;99
331782;941,329;0;99;0;0;0;99;99;0;99
333282;944,268;0;99;0;0;0;99;99;4;99
334782;963,001;0;99;0;0;0;99;99;3;99
336282;964,763;0;99;0;0;0;99;99;2;99
337782;967,558;0;99;0;0;0;99;99;1;99
339282;973,866;0;99;0;0;0;99;99;0;99
340782;974,313;0;99;0;0;0;99;99;5;99
342282;974,639;0;99;0;0;0;99;99;4;99
343806;976,066;0;99;0;0;0;99;99;3;99
345306;976,469;0;99;0;0;0;99;99;2;99
346806;976,775;0;99;0;0;0;99;99;1;99
348306;977,435;0;99;0;0;0;99;99;0;99
349806;977,733;0;99;4;0;0;99;99;0;99
351306;978,067;0;99;3;0;0;99;99;0;99
352806;978,428;0;99;2;0;0;99;99;0;99
354306;978,635;0;99;1;0;0;99;99;0;99
355806;979,492;0;99;0;0;0;99;99;0;99
357306;979,672;0;99;5;0;0;99;99;0;99
358806;980,391;0;99;4;0;0;99;99;0;99
360334;980,785;0;99;3;0;0;99;99;0;99
361834;981,039;0;99;2;0;0;99;99;0;99
363334;981,236;0;99;1;0;0;99;99;0;99
364834;981,451;0;99;0;0;0;99;99;0;99
366334;982,116;4;99;0;0;0;99;99;0;99
367834;982,274;3;99;0;0;0;99;99;0;99
369334;982,451;2;99;0;0;0;99;99;0;99
370834;982,956;1;99;0;0;0;99;99;0;99
372334;983,102;0;99;0;0;0;99;99;0;99
373834;983,27;5;99;0;0;0;99;99;0;99
375334;984,905;4;99;0;0;0;99;99;0;99
376861;985,115;3;99;0;0;0;99;99;0;99
378361;985,23;2;99;0;0;0;99;99;0;99
379861;985,342;1;99;0;0;0;99;99;0;99
381361;985,462;0;99;0;0;0;99;99;0;99
382861;985,733;0;99;0;0;4;99;99;0;99
384361;986,309;0;99;0;0;3;99;99;0;99
385861;986,492;0;99;0;0;2;99;99;0;99
387361;995,062;0;99;0;0;1;99;99;0;99
388861;995,511;0;99;0;0;0;99;99;0;99
390361;995,717;0;99;0;0;0;99;99;4;99
391861;997,409;0;99;0;0;0;99;99;3;99
393393;997,671;0;99;0;0;0;99;99;2;99
394893;999,054;0;99;0;0;0;99;99;1;99
396393;999,25;0;99;0;0;0;99;99;0;99
397893;1000,077;0;99;0;4;0;99;99;0;99
399393;1000,328;0;99;0;3;0;99;99;0;99
400893;1002,297;0;99;0;2;0;99;99;0;99
402393;1008,062;0;99;0;1;0;99;99;0;99
403893;1013,019;0;99;0;0;0;99;99;0;99
405393;1013,262;0;99;0;0;0;99;99;4;99
406893;1013,483;0;99;0;0;0;99;99;3;99
408393;1013,657;0;99;0;0;0;99;99;2;99
409920;1014,348;0;99;0;0;0;99;99;1;99
411420;1014,702;0;99;0;0;0;99;99;0;99
412920;1015,525;0;99;0;4;0;99;99;0;99
414420;1018,355;0;99;0;3;0;99;99;0;99
415920;1018,691;0;99;0;2;0;99;99;0;99
417420;1019,463;0;99;0;1;0;99;99;0;99
418920;1020,137;0;99;0;0;0;99;99;0;99
420420;1020,704;0;99;0;0;0;99;99;4;99
421920;1021,345;0;99;0;0;0;99;99;3;99
423420;1021,958;0;99;0;0;0;99;99;2;99
424920;1034,419;0;99;0;0;0;99;99;1;99
426452;1034,647;0;99;0;0;0;99;99;0;99
427952;1037,789;4;99;0;0;0;99;99;0;99
429452;1038,028;3;99;0;0;0;99;99;0;99
430952;1038,295;2;99;0;0;0;99;99;0;99
432452;1039,002;1;99;0;0;0;99;99;0;99
433952;1039,273;0;99;0;0;0;99;99;0;99
435452;1041,061;0;99;4;0;0;99;99;0;99
436952;1053,374;0;99;3;0;0;99;99;0;99
438452;1054,003;0;99;2;0;0;99;99;0;99
439952;1055,845;0;99;1;0;0;99;99;0;99
441452;1057,263;0;99;0;0;0;99;99;0;99
442989;1065,104;4;99;0;0;0;99;99;0;99
444489;1065,548;3;99;0;0;0;99;99;0;99
445989;1065,951;2;99;0;0;0;99;99;0;99
447489;1067,716;1;99;0;0;0;99;99;0;99
448989;1068,134;0;99;0;0;0;99;99;0;99
450489;1081,25;0;99;0;0;0;99;99;4;99
451989;1113,762;0;99;0;0;0;99;99;3;99
453489;1114,416;0;99;0;0;0;99;99;2;99
454989;1123,655;0;99;0;0;0;99;99;1;99
456489;1129,085;0;99;0;0;0;99;99;0;99
457989;1151,639;0;99;4;0;0;99;99;0;99
459519;1153,778;0;99;3;0;0;99;99;0;99
461019;1154,314;0;99;2;0;0;99;99;0;99
462519;1155,095;0;99;1;0;0;99;99;0;99
464019;1155,333;0;99;0;0;0;99;99;0;99
465519;1157,122;0;99;0;4;0;99;99;0;99
467019;1157,506;0;99;0;3;0;99;99;0;99
468519;1157,957;0;99;0;2;0;99;99;0;99
470019;1159,428;0;99;0;1;0;99;99;0;99
471519;1159,928;0;99;0;0;0;99;99;0;99
473019;1160,131;0;99;0;0;4;99;99;0;99
474519;1160,382;0;99;0;0;3;99;99;0;99
476053;1160,568;0;99;0;0;2;99;99;0;99
477553;1161,857;0;99;0;0;1;99;99;0;99
479053;1162,218;0;99;0;0;0;99;99;0;99
480553;1162,328;0;99;4;0;0;99;99;0;99
482053;1162,673;0;99;3;0;0;99;99;0;99
483553;1162,9;0;99;2;0;0;99;99;0;99
485053;1163,126;0;99;1;0;0;99;99;0;99
486553;1163,94;0;99;0;0;0;99;99;0;99
488053;1164,663;0;99;0;0;0;99;99;4;99
489553;1165,409;0;99;0;0;0;99;99;3;99
491053;1165,841;0;99;0;0;0;99;99;2;99
492587;1170,982;0;99;0;0;0;99;99;1;99
494087;1171,086;0;99;0;0;0;99;99;0;99
495587;1171,233;0;99;4;0;0;99;99;0;99
497087;1171,396;0;99;3;0;0;99;99;0;99
498587;1171,665;0;99;2;0;0;99;99;0;99
500087;1174,694;0;99;1;0;0;99;99;0;99
501587;1175,325;0;99;0;0;0;99;99;0;99
503087;1175,623;4;99;0;0;0;99;99;0;99
504587;1176,128;3;99;0;0;0;99;99;0;99
506087;1176,673;2;99;0;0;0;99;99;0;99
507587;1177,409;1;99;0;0;0;99;99;0;99
509116;1178,114;0;99;0;0;0;99;99;0;99
510616;1178,282;0;99;4;0;0;99;99;0;99
512116;1178,453;0;99;3;0;0;99;99;0;99
513616;1179,329;0;99;2;0;0;99;99;0;99
515116;1179,589;0;99;1;0;0;99;99;0;99
516616;1180,098;0;99;0;0;0;99;99;0;99
518116;1180,361;0;99;0;0;0;99;99;4;99
519616;1180,779;0;99;0;0;0;99;99;3;99
521116;1181,386;0;99;0;0;0;99;99;2;99
522616;1181,98;0;99;0;0;0;99;99;1;99
524116;1182,954;0;99;0;0;0;99;99;0;99
525643;1183,065;0;99;0;4;0;99;99;0;99
527143;1183,272;0;99;0;3;0;99;99;0;99
528643;1183,542;0;99;0;2;0;99;99;0;99
530143;1183,928;0;99;0;1;0;99;99;0;99
531643;1185,097;0;99;0;0;0;99;99;0;99
533143;1185,426;0;99;4;0;0;99;99;0;99
534643;1188,946;0;99;3;0;0;99;99;0;99
536143;1189,076;0;99;2;0;0;99;99;0;99
537643;1190,29;0;99;1;0;0;99;99;0;99
539143;1190,483;0;99;0;0;0;99;99;0;99
540643;1190,794;0;99;5;0;0;99;99;0;99
542174;1192,354;0;99;4;0;0;99;99;0;99
543674;1192,462;0;99;3;0;0;99;99;0;99
545174;1192,655;0;99;2;0;0;99;99;0;99
546674;1193,141;0;99;1;0;0;99;99;0;99
548174;1193,255;0;99;0;0;0;99;99;0;99
549674;1194,248;4;99;0;0;0;99;99;0;99
551174;1194,411;3;99;0;0;0;99;99;0;99
552674;1194,585;2;99;0;0;0;99;99;0;99
554174;1194,89;1;99;0;0;0;99;99;0;99
555674;1195,06;0;99;0;0;0;99;99;0;99
557174;1195,263;0;99;4;0;0;99;99;0;99
558708;1196,193;0;99;3;0;0;99;99;0;99
560208;1196,653;0;99;2;0;0;99;99;0;99
561708;1197,421;0;99;1;0;0;99;99;0;99
563208;1197,635;0;99;0;0;0;99;99;0;99
564708;1197,804;0;99;5;0;0;99;99;0;99
566208;1197,991;0;99;4;0;0;99;99;0;99
567708;1198,208;0;99;3;0;0;99;99;0;99
569208;1198,423;0;99;2;0;0;99;99;0;99
570708;1198,593;0;99;1;0;0;99;99;0;99
572208;1198,808;0;99;0;0;0;99;99;0;99
573708;1198,992;4;99;0;0;0;99;99;0;99
575237;1199,182;3;99;0;0;0;99;99;0;99
576737;1199,422;2;99;0;0;0;99;99;0;99
578237;1199,662;1;99;0;0;0;99;99;0;99
579737;1199,939;0;99;0;0;0;99;99;0;99
581237;1201,43;0;99;0;0;0;99;99;4;99
582737;1201,84;0;99;0;0;0;99;99;3;99
584237;1202,067;0;99;0;0;0;99;99;2;99
585737;1202,627;0;99;0;0;0;99;99;1;99
587237;1203,328;0;99;0;0;0;99;99;0;99
588737;1203,6;0;99;4;0;0;99;99;0;99
590237;1203,786;0;99;3;0;0;99;99;0;99
591763;1204,81;0;99;2;0;0;99;99;0;99
593263;1204,943;0;99;1;0;0;99;99;0;99
594763;1205,967;0;99;0;0;0;99;99;0;99
596263;1206,33;0;99;0;0;4;99;99;0;99
597763;1206,528;0;99;0;0;3;99;99;0;99
599263;1206,915;0;99;0;0;2;99;99;0;99
600763;1207,128;0;99;0;0;1;99;99;0;99
602263;1212,085;0;99;0;0;0;99;99;0;99
603763;1212,271;0;99;0;4;0;99;99;0;99
605263;1212,486;0;99;0;3;0;99;99;0;99
606763;1212,875;0;99;0;2;0;99;99;0;99
608296;1213,38;0;99;0;1;0;99;99;0;99
609796;1230,817;0;99;0;0;0;99;99;0;99
611296;1231,402;4;99;0;0;0;99;99;0;99
612796;1231,572;3;99;0;0;0;99;99;0;99
614296;1231,737;2;99;0;0;0;99;99;0;99
615796;1231,992;1;99;0;0;0;99;99;0;99
617296;1232,138;0;99;0;0;0;99;99;0;99
618796;1232,299;5;99;0;0;0;99;99;0;99
620296;1232,46;4;99;0;0;0;99;99;0;99
621796;1232,813;3;99;0;0;0;99;99;0;99
623296;1233,271;2;99;0;0;0;99;99;0;99
624828;1233,527;1;99;0;0;0;99;99;0;99
626328;1233,802;0;99;0;0;0;99;99;0;99
627828;1233,988;0;99;4;0;0;99;99;0;99
629328;1234,414;0;99;3;0;0;99;99;0;99
630828;1234,679;0;99;2;0;0;99;99;0;99
632328;1235,366;0;99;1;0;0;99;99;0;99
633828;1235,808;0;99;0;0;0;99;99;0;99
635328;1236,017;4;99;0;0;0;99;99;0;99
636828;1236,252;3;99;0;0;0;99;99;0;99
638328;1236,531;2;99;0;0;0;99;99;0;99
639828;1236,763;1;99;0;0;0;99;99;0;99
641359;1236,961;0;99;0;0;0;99;99;0;99
642859;1239,475;0;99;0;0;0;99;99;4;99
644359;1240,226;0;99;0;0;0;99;99;3;99
645859;1240,407;0;99;0;0;0;99;99;2;99
647359;1240,76;0;99;0;0;0;99;99;1;99
648859;1241,057;0;99;0;0;0;99;99;0;99
650359;1241,309;0;99;0;0;4;99;99;0;99
651859;1241,747;0;99;0;0;3;99;99;0;99
653359;1241,934;0;99;0;0;2;99;99;0;99
654859;1242,215;0;99;0;0;1;99;99;0;99
656359;1242,475;0;99;0;0;0;99;99;0;99
657889;1244,596;0;99;4;0;0;99;99;0;99
659389;1245,796;0;99;3;0;0;99;99;0;99
660889;1246,182;0;99;2;0;0;99;99;0;99
662389;1246,422;0;99;1;0;0;99;99;0;99
663889;1246,632;0;99;0;0;0;99;99;0;99
665389;1247,25;4;99;0;0;0;99;99;0;99
666889;1247,399;3;99;0;0;0;99;99;0;99
668389;1247,669;2;99;0;0;0;99;99;0;99
669889;1247,832;1;99;0;0;0;99;99;0;99
671389;1248,035;0;99;0;0;0;99;99;0;99
672889;1248,632;5;99;0;0;0;99;99;0;99
674418;1248,79;4;99;0;0;0;99;99;0;99
67