Iteration;Time;TD-0;TD-1;TD-2;TD-3;TD-4;TD-5;TD-6;TD-7;TD-8;
2108;1,32;4;0;0;4;0;0;4;4;0
3608;12,972;3;4;0;3;0;0;3;3;0
5171;14,262;2;3;0;2;4;0;2;2;0
6171;14,332;1;2;0;1;3;0;1;1;4
7171;14,437;0;1;0;0;2;0;0;0;3
8715;14,76;0;0;0;5;1;0;0;0;2
10092;18,93;0;5;0;4;0;0;4;0;1
11592;19,357;0;4;4;3;5;0;3;0;0
13092;19,685;0;3;3;2;4;0;2;0;0
14626;19,828;0;2;2;1;3;0;1;0;0
16126;19,955;0;1;1;0;2;0;0;0;0
17626;20,18;0;0;0;0;1;0;0;4;0
18995;20,302;0;6;5;0;0;0;0;3;4
20495;21,344;0;5;4;4;0;0;0;2;3
22023;21,49;0;4;3;3;0;0;0;1;2
23523;21,647;0;3;2;2;4;0;0;0;1
25023;21,781;0;2;1;1;3;0;4;0;0
26523;21,913;0;1;0;0;2;0;3;0;0
28023;22,041;0;0;6;0;1;0;2;0;0
29337;22,169;0;7;5;0;0;0;1;0;0
30862;22,596;0;6;4;0;0;4;0;0;0
32362;22,82;0;5;3;0;4;3;0;0;4
33862;22,986;0;4;2;0;3;2;4;0;3
34862;23,263;4;3;1;0;2;1;3;0;2
35862;23,35;3;2;0;0;1;0;2;0;1
37362;23,477;2;1;0;0;0;0;1;0;0
38862;23,602;1;0;0;0;5;0;0;4;0
40158;24,779;0;8;0;0;4;0;0;3;0
41658;24,916;0;99;0;0;3;0;4;2;0
43158;25,034;4;99;4;0;2;0;3;1;0
44158;25,119;3;99;3;0;1;0;2;0;0
45658;25,345;2;99;2;0;0;0;1;0;0
47158;25,917;1;99;1;4;0;0;0;0;0
48658;26,1;0;99;0;3;4;0;0;4;0
50158;26,238;0;99;5;2;3;0;4;3;0
51179;26,627;0;99;4;1;2;0;3;2;0
52179;26,71;0;99;3;0;1;0;2;1;0
53679;26,864;0;99;2;0;0;0;1;0;0
55179;26,999;0;99;1;0;5;0;0;0;0
56679;27,163;4;99;0;0;4;0;5;0;0
58179;27,301;3;99;6;0;3;0;4;0;0
59679;27,488;2;99;5;0;2;0;3;0;0
61179;27,645;1;99;4;0;1;0;2;0;0
62679;27,786;0;99;3;0;0;0;1;0;0
64209;27,923;0;99;2;0;0;4;0;0;0
65709;28,325;0;99;1;0;4;3;0;0;4
67209;28,459;0;99;0;0;3;2;4;0;3
68709;28,587;0;99;0;0;2;1;3;0;2
70209;28,699;4;99;0;0;1;0;2;0;1
71709;28,802;3;99;0;0;0;0;1;0;0
73209;28,918;2;99;4;0;5;0;0;0;0
74709;29,037;1;99;3;0;4;0;0;0;0
76209;29,158;0;99;2;0;3;0;4;4;0
77709;29,291;0;99;1;0;2;0;3;3;0
79236;29,416;4;99;0;0;1;0;2;2;0
80736;29,545;3;99;0;0;0;0;1;1;0
82236;29,718;2;99;4;0;6;0;0;0;0
83736;29,897;1;99;3;0;5;0;0;0;0
85236;30,029;0;99;2;0;4;0;4;0;0
86736;30,168;0;99;1;0;3;0;3;4;0
88236;30,298;4;99;0;0;2;0;2;3;0
89736;30,458;3;99;0;0;1;0;1;2;0
91236;30,701;2;99;0;0;0;0;0;1;0
92736;31,035;1;99;4;0;0;0;5;0;4
94236;31,333;0;99;3;0;4;0;4;0;3
95773;31,611;0;99;2;0;3;0;3;0;2
97273;31,929;4;99;1;0;2;0;2;0;1
98273;32,136;3;99;0;0;1;0;1;0;0
99773;33,042;2;99;5;0;0;0;0;0;0
101273;33,293;1;99;4;0;5;0;6;0;0
102773;33,512;0;99;3;0;4;0;5;0;0
104273;33,804;5;99;2;0;3;0;4;0;0
105773;33,983;4;99;1;0;2;0;3;0;0
107273;34,198;3;99;0;0;1;0;2;0;0
108773;34,347;2;99;6;0;0;0;1;0;0
110273;34,645;1;99;5;0;6;0;0;0;4
111797;34,806;0;99;4;0;5;0;0;0;3
113297;34,944;0;99;3;0;4;0;4;0;2
114797;35,053;4;99;2;0;3;0;3;0;1
115797;35,128;3;99;1;0;2;0;2;0;0
117297;35,259;2;99;0;0;1;0;1;0;0
118797;35,394;1;99;7;0;0;0;0;0;0
120297;35,513;0;99;6;0;0;0;0;0;0
122297;35,788;5;99;5;0;4;0;4;0;4
123297;35,87;4;99;4;0;3;0;3;0;3
124297;35,958;3;99;3;0;2;0;2;0;2
125297;36,043;2;99;2;0;1;0;1;0;1
126318;36,427;1;99;1;0;0;0;0;0;0
127818;67,136;0;99;0;0;0;4;0;0;0
129818;67,287;0;99;8;0;4;3;0;4;0
131318;67,403;0;99;7;0;3;2;4;3;0
132318;67,483;0;99;6;0;2;1;3;2;0
133318;67,559;0;99;5;0;1;0;2;1;0
134818;67,662;0;99;4;0;0;0;1;0;0
136318;67,769;0;99;3;0;5;0;0;5;0
137818;67,888;0;99;2;0;4;0;0;4;4
139318;68,006;0;99;1;0;3;0;4;3;3
140318;68,079;0;99;0;0;2;0;3;2;2
141847;68,191;0;99;0;0;1;0;2;1;1
143347;68,298;0;99;0;0;0;0;1;0;0
145347;68,497;0;99;4;0;0;4;0;0;0
146847;68,733;4;99;3;0;4;3;5;0;0
147847;68,792;3;99;2;0;3;2;4;0;4
148847;68,844;2;99;1;0;2;1;3;0;3
149847;68,914;1;99;0;0;1;0;2;0;2
151347;69,023;0;99;0;0;0;0;1;0;1
152847;69,132;0;99;4;0;5;0;0;0;0
154347;69,245;4;99;3;0;4;0;6;0;0
155847;69,351;3;99;2;0;3;0;5;0;0
157370;69,459;2;99;1;0;2;0;4;0;0
158870;69,589;1;99;0;0;1;0;3;0;0
160370;69,704;0;99;5;0;0;0;2;0;0
161870;69,812;5;99;4;0;6;0;1;0;0
163370;69,925;4;99;3;0;5;0;0;0;0
164870;70,031;3;99;2;0;4;0;7;0;0
166370;70,133;2;99;1;0;3;0;6;0;0
167870;70,235;1;99;0;0;2;0;5;0;0
169370;70,337;0;99;6;0;1;0;4;0;0
170870;70,44;0;99;5;0;0;0;3;4;0
172370;70,551;0;99;4;0;7;0;2;3;4
173388;70,632;0;99;3;0;6;0;1;2;3
174388;70,708;0;99;2;0;5;0;0;1;2
175888;70,818;0;99;1;0;4;0;0;0;1
177388;70,939;0;99;0;0;3;0;4;0;0
178888;71,263;4;99;7;0;2;4;3;0;0
179888;71,319;3;99;6;0;1;3;2;0;0
180888;71,374;2;99;5;0;0;2;1;0;0
182388;71,455;1;99;4;0;0;1;0;0;0
183888;71,529;0;99;3;0;4;0;0;0;0
185388;71,603;0;99;2;0;3;0;4;4;0
186888;71,694;0;99;1;0;2;0;3;3;0
188413;71,779;0;99;0;0;1;0;2;2;0
189913;71,854;0;99;8;0;0;0;1;1;0
191413;71,934;0;99;99;0;0;0;0;0;0
193413;72,079;0;99;99;0;4;0;5;5;0
194913;72,189;0;99;99;0;3;0;4;4;0
196413;72,303;0;99;99;0;2;0;3;3;0
197913;72,41;0;99;99;0;1;0;2;2;0
199413;72,537;0;99;99;0;0;0;1;1;0
200913;72,67;0;99;99;0;5;0;0;0;0
202413;72,81;4;99;99;0;4;0;6;0;0
203913;72,948;3;99;99;0;3;0;5;0;0
205440;73,186;2;99;99;0;2;0;4;0;0
206940;73,306;1;99;99;0;1;0;3;0;0
208440;73,422;0;99;99;0;0;0;2;0;0
209940;73,542;0;99;99;0;6;0;1;0;0
211440;73,695;0;99;99;0;5;4;0;0;0
212940;73,801;4;99;99;0;4;3;7;0;0
213940;73,87;3;99;99;0;3;2;6;0;0
214940;73,945;2;99;99;0;2;1;5;0;0
215940;74,02;1;99;99;0;1;0;4;0;0
217440;164,138;0;99;99;0;0;0;3;4;0
218940;164,228;0;99;99;0;0;0;2;3;4
220471;164,313;0;99;99;0;4;0;1;2;3
221471;164,37;0;99;99;0;3;0;0;1;2
222971;164,485;0;99;99;0;2;0;0;0;1
224471;164,608;0;99;99;0;1;0;4;5;0
225971;164,722;0;99;99;0;0;0;3;4;0
227471;164,856;0;99;99;0;0;0;2;3;4
228971;164,979;0;99;99;0;4;0;1;2;3
229971;165,056;0;99;99;0;3;0;0;1;2
231471;165,173;0;99;99;0;2;0;0;0;1
232971;165,289;0;99;99;0;1;0;4;6;0
234471;165,394;0;99;99;0;0;0;3;5;0
236001;165,529;0;99;99;0;0;4;2;4;0
237501;165,86;0;99;99;0;4;3;1;3;0
238501;165,936;0;99;99;0;3;2;0;2;0
240001;166,067;0;99;99;0;2;1;0;1;0
241501;166,183;0;99;99;0;1;0;0;0;0
243001;166,425;0;99;99;0;0;0;0;7;0
244501;166,688;0;99;99;0;0;0;0;6;4
246001;166,809;0;99;99;0;4;4;0;5;3
247001;166,927;0;99;99;0;3;3;0;4;2
248001;167,091;0;99;99;0;2;2;4;3;1
249001;167,173;0;99;99;0;1;1;3;2;0
250018;167,268;0;99;99;0;0;0;2;1;0
251518;167,403;0;99;99;0;5;0;1;0;0
253018;167,524;0;99;99;0;4;0;0;0;0
254518;167,644;0;99;99;0;3;0;5;4;0
256018;167,766;0;99;99;0;2;0;4;3;0
257518;167,869;0;99;99;0;1;0;3;2;0
259018;168,655;0;99;99;0;0;0;2;1;0
260518;168,787;0;99;99;4;0;0;1;0;0
262018;168,99;0;99;99;3;4;0;0;5;4
263018;169,082;0;99;99;2;3;0;0;4;3
264018;169,195;0;99;99;1;2;0;0;3;2
265035;169,338;0;99;99;0;1;0;4;2;1
266035;169,449;0;99;99;0;0;0;3;1;0
267535;169,668;0;99;99;0;5;0;2;0;0
269035;169,825;0;99;99;0;4;0;1;6;0
270535;169,95;0;99;99;0;3;0;0;5;0
272035;176,133;0;99;99;0;2;4;0;4;0
273535;176,328;0;99;99;0;1;3;4;3;0
274535;176,399;0;99;99;0;0;2;3;2;0
276035;176,662;0;99;99;0;0;1;2;1;0
277535;176,803;0;99;99;0;0;0;1;0;0
279035;177,118;0;99;99;0;4;0;0;7;0
280562;177,519;0;99;99;0;3;0;5;6;0
282062;177,63;0;99;99;0;2;0;4;5;0
283562;179,569;0;99;99;0;1;0;3;4;0
285062;179,677;0;99;99;0;0;0;2;3;0
286562;179,788;4;99;99;0;0;0;1;2;0
288062;179,893;3;99;99;0;4;0;0;1;0
289562;180,002;2;99;99;0;3;0;0;0;0
291062;180,09;1;99;99;0;2;0;4;8;4
292062;180,244;0;99;99;0;1;0;3;99;3
293062;180,732;0;99;99;0;0;0;2;99;2
294562;181,823;0;99;99;0;0;0;1;99;1
296095;182,06;0;99;99;0;4;0;0;99;0
297595;182,324;0;99;99;4;3;0;0;99;0
299095;182,439;0;99;99;3;2;0;4;99;0
300095;182,518;0;99;99;2;1;0;3;99;0
301095;182,589;0;99;99;1;0;0;2;99;0
302595;182,838;0;99;99;0;0;0;1;99;0
304095;183,06;0;99;99;0;4;0;0;99;0
305595;183,175;4;99;99;0;3;0;0;99;0
307095;183,281;3;99;99;0;2;0;4;99;0
308095;183,357;2;99;99;0;1;0;3;99;0
309095;183,428;1;99;99;0;0;0;2;99;0
310628;183,544;0;99;99;0;0;0;1;99;0
312128;183,694;0;99;99;0;4;4;0;99;0
313628;183,808;0;99;99;0;3;3;0;99;0
315128;183,937;0;99;99;0;2;2;4;99;0
316128;184,027;0;99;99;0;1;1;3;99;0
317128;184,169;0;99;99;0;0;0;2;99;0
318628;184,489;0;99;99;4;0;0;1;99;0
320128;184,906;0;99;99;3;4;0;0;99;0
321628;191,419;0;99;99;2;3;0;0;99;0
323128;191,61;0;99;99;1;2;0;0;99;0
324628;191,919;0;99;99;0;1;0;4;99;0
326149;192,045;0;99;99;0;0;0;3;99;0
327649;192,178;0;99;99;0;0;0;2;99;4
329149;192,31;0;99;99;0;4;0;1;99;3
330149;192,426;0;99;99;0;3;0;0;99;2
331649;192,545;0;99;99;0;2;0;0;99;1
333149;192,729;0;99;99;0;1;0;4;99;0
334649;192,859;0;99;99;0;0;0;3;99;0
336149;193,052;0;99;99;0;0;0;2;99;4
337649;193,248;0;99;99;0;4;0;1;99;3
338649;193,417;0;99;99;0;3;0;0;99;2
340149;193,651;0;99;99;0;2;0;0;99;1
341688;193,78;0;99;99;0;1;0;4;99;0
343188;193,999;0;99;99;0;0;0;3;99;0
3446