Iteration;Time;BestFitness;LastCalledHeur;IsRelay;NumOfMoves-LLH0;NumOfMoves-LLH1;NumOfMoves-LLH2;NumOfMoves-LLH3;NumOfMoves-LLH4;NumOfMoves-LLH5;NumOfMoves-LLH6;NumOfMoves-LLH7;NumOfMoves-LLH8;LAProb-LLH0;LAProb-LLH1;LAProb-LLH2;LAProb-LLH3;LAProb-LLH4;LAProb-LLH5;LAProb-LLH6;LAProb-LLH7;LAProb-LLH8;
2000;1,171;-38,0;-1;-1;75;308;438;65;350;456;46;95;275;0;0,1825011095100876;0,22691406914939807;0;0,19900497550282517;0,35227362982120314;0;0;0,03930621601648596
3500;12,824;-41,0;-1;-1;75;414;785;65;411;1352;46;95;365;0;0;0,20659771923471149;0;5,804503321712786E-4;0,7917521388461102;0;0;0,0010696915870070706
5000;14,115;-42,0;-1;-1;81;418;1122;71;422;2523;61;98;375;0;0;0,22856465751995575;0;0;0,7685916117769735;0;0;0,0028437307030706096
6000;14,184;-42,0;-1;-1;81;418;1360;71;422;3282;61;98;378;0;0;0,2453540320286307;0;0;0,7546459679713693;0;0;0
7000;14,284;-42,0;-1;-1;81;418;1605;71;422;4037;61;98;378;0,12402952036412226;0;0,08816393909650592;0,13385167754274363;0;0,33157825841744043;0,06101391553441859;0,26136268904476917;0
8500;14,613;-29,0;-1;-1;550;422;1711;139;427;4406;266;414;380;0,7638512469554684;5,252928257373076E-9;0,010152476533652003;0;0;0,03203029539526435;0,09346017832574983;0,10050579753693713;0
9877;18,783;-29,0;-1;-1;882;422;1723;139;427;4480;333;1306;380;0,025864119081884133;0;0,002331494338494728;0;0,0031416054406478797;0,1427424839383153;0;0,825920297200658;0
11377;19,21;-31,0;-1;-1;885;422;1723;139;427;4516;333;2767;380;0,008753826242106164;0;0;0;0;0,09098938667426758;0;0,8485650452581871;0,05169174182543923
12877;19,538;-25,0;-1;-1;904;422;1723;139;427;4779;333;3852;513;0,007832270876006504;0;0;0;0;0,3408442095805624;0;0,6092475434527705;0,0420759760906607
14377;19,68;-33,0;-1;-1;921;427;1729;142;429;5529;337;4538;574;0,005921295450254806;0;0;0;0;0,5768587206086481;0;0,386222019025674;0,03099796491542319
15877;19,807;-37,0;-1;-1;930;427;1729;142;429;6444;337;5052;636;0,004685671845851022;0;0;0,08190113235634325;0;0,6260595303686891;0,0024913461769642286;0,2609915676958123;0,02387075155634004
17377;20,033;-39,0;-1;-1;940;427;1729;235;429;7441;340;5416;669;0,006603893985978486;5,054556186049097E-7;6,06057385891281E-4;0,09013232551564053;0;0,8660145631942643;0,0035097020461677007;0;0,033132952416439154
18746;20,154;-39,0;-1;-1;953;427;1729;343;429;8632;345;5416;721;0,008331632726917195;0;0;0,08520586397051796;0,0010350639987994196;0,9010025066590691;0,0044249326446962915;0;0
20246;21,197;-35,0;-1;-1;958;427;1729;1046;431;9420;347;5416;721;0,007062069688275475;0;0;0;8,807044591387533E-4;0,9883072060335834;0,003750019819002474;0;0
21746;21,342;-21,0;-1;-1;971;431;1732;1050;435;10905;355;5419;725;0,007021477457650298;0;0;0;0,0017866796583075907;0,9874718510271189;0,0037199918569232374;0;0
23246;21,5;-33,0;-1;-1;976;431;1732;1050;436;12395;359;5419;725;0,002062300980824012;0;0;0;0;0,9142364663789327;0,001171370840355096;0,08252986179988815;0
24746;21,634;-35,0;-1;-1;979;431;1732;1050;436;13797;360;5513;725;0,001154586208644327;0;0;0;0;0,939241871352222;0;0,045091172761911595;0,014512369677222052
26246;21,764;-37,0;-1;-1;979;431;1732;1050;436;15209;360;5576;750;0,0011974154604404525;0;1,1983754166794118E-4;0,051087665327745745;0;0,8868966281778464;0;0,04585935838407712;0,014839095108222294
27746;21,89;-42,0;-1;-1;980;431;1732;1157;436;16522;360;5639;766;0,0011783387724210131;1,000971110504655E-7;0;0,07992194108730205;0;0,8600519597885232;0;0,04446173207853781;0,014385928176104875
29060;22,019;-34,0;-1;-1;983;431;1732;1261;436;17661;360;5698;775;9,92208182149326E-4;0;0;0,06375486469153861;2,7231045229274086E-4;0,8861019820769159;0;0,0368533167492006;0,01202531784790284
30560;22,448;-37,0;-1;-1;985;433;1733;1369;439;18974;362;5771;796;0,00945740630818694;0;0;0,5208341608674685;0,0026147906177449534;0;0,005411578407399527;0,3473751826052985;0,11430688119390153
32060;22,673;-25,0;-1;-1;996;433;1733;2112;444;18974;374;6326;970;0,007306673515983682;0;0;0,6018385008651614;0;0;0,004143708343610266;0,38671111727524454;0
33560;22,839;-34,0;-1;-1;1014;433;1733;3182;444;18974;376;6736;970;0,0069703384141853895;0;0;0,8343093531592989;0;0;0;0,1587203084265157;0
34560;23,116;-34,0;-1;-1;1021;433;1733;4035;444;18974;376;6876;970;0;0;0;0,8558514074712278;0;0;0;0,1441485925287721;0
35560;23,202;-34,0;-1;-1;1021;433;1733;4880;444;18974;376;7031;970;0;0;1,2706493959510932E-4;0,16450162045866776;0;0,8016105900789098;0;0,033760724522827405;0
37060;23,33;-40,0;-1;-1;1021;433;1733;5094;444;20222;376;7069;970;0;0;1,1410738058463488E-4;0,13885601846325685;3,105249557646751E-4;0,8215230198816061;0;0,030058256968758253;0,00913807235002935
38560;23,455;-40,0;-1;-1;1021;433;1734;5305;444;21443;376;7119;987;0;1,1114243115693018E-7;1,291758039495016E-4;0,1482083975253036;0;0,8406965850458615;7,155289620251058E-4;0;0,010250201520429013
39832;24,632;-35,0;-1;-1;1027;433;1737;5606;446;22386;380;7125;1018;0,003628390269346733;0;1,8497809293970528E-4;0,23038828459137803;0;0,7504085028085933;0,0010192579014126637;0;0,014370586336329661
41332;24,769;-37,0;-1;-1;1031;433;1738;5945;446;23516;380;7125;1044;0,0037015971396197095;0;1,889561167039893E-4;0,21500325347128205;0;0,7665945932854954;0;0;0,014511599986898811
42832;24,887;-40,0;-1;-1;1037;433;1738;6263;446;24679;380;7125;1057;0;0;0;0,2076036669371055;0;0,7773434069111553;0;0;0,015052926151739152
43832;24,972;-40,0;-1;-1;1037;433;1738;6476;446;25456;380;7125;1067;0;0;0;0,21403694944961396;0;0,7406049010773152;0;0,03504069549841833;0,010317453974652543
45332;25,198;-30,0;-1;-1;1037;433;1738;6792;446;26569;380;7180;1083;0;0;0;0,15719852648085167;3,0594734086157295E-4;0,8053053206084704;0;0,028708440821423233;0,008481764748393104
46832;25,77;-39,0;-1;-1;1037;433;1738;6977;447;27835;380;7219;1092;0;0;0;0;3,542728217355139E-4;0,9562797191127534;7,175033184228321E-4;0,03289037006312501;0,009758134683963273
48332;25,953;-40,0;-1;-1;1037;433;1738;6977;448;29277;382;7268;1098;0,001765752528270891;0;9,066908210692497E-5;0;0;0,990891911731808;4,973726779580732E-4;0;0,006754293979856078
49832;26,091;-40,0;-1;-1;1038;433;1738;6977;448;30763;386;7268;1107;0,0013185621380704371;0;0;0;0;0,9936577649189668;0;0;0,005023672942962716
50832;26,479;-40,0;-1;-1;1043;434;1740;6979;450;31759;389;7272;1113;0,0016885966838675532;0;0;0;0;0,9918905323451664;0;0;0,006420870970966047
51832;26,563;-38,0;-1;-1;1044;434;1740;6979;450;32753;389;7272;1118;0,0011802355347411587;0;0;0,03889986020432448;0;0,9554430697316354;0;0;0,004476834529298985
53332;26,715;-36,0;-1;-1;1046;434;1740;7035;450;34188;389;7272;1125;9,521831878834079E-4;0;0;0,030986743659837727;1,329340008518753E-4;0,9523426649256406;0;0,011984867501287964;0,003600606724498584
54832;26,852;-38,0;-1;-1;1047;434;1740;7082;450;35616;389;7287;1134;0,0010013091576055754;0;0;0,03226194843442678;0;0,9501254505055857;2,8127622470072456E-4;0,012558578436589475;0,0037714372410916496
56332;27,016;-39,0;-1;-1;1048;434;1740;7129;450;37043;389;7308;1138;0;0;4,2877852074996914E-5;0,03900596998422021;0;0,9474647340432375;0;0,010365872239778017;0,0031205458806891485
57832;27,154;-33,0;-1;-1;1048;434;1740;7197;450;38461;389;7321;1139;0;0;0;0,04310100240680866;0;0,94629432224462;0;0,00814654151548491;0,0024581338330863724
59332;27,34;-35,0;-1;-1;1048;434;1740;7264;450;39886;389;7329;1139;0;0;0;0,038953606156103944;0;0,95119981354256;0;0,007557694589147516;0,0022888857121885235
60832;27,498;-39,0;-1;-1;1048;434;1740;7318;450;41320;389;7340;1140;0;0;0;0,03377630418651792;0;0,9576140953563427;0;0,006605370576775899;0,0020042298803634117
62332;27,638;-38,0;-1;-1;1048;434;1740;7363;450;42762;389;7348;1145;4,722429350837293E-4;0;0;0,02959657939078998;6,611206887459686E-5;0,9622670684513459;0;0,005829906970399081;0,0017680901835067026
63832;27,776;-41,0;-1;-1;1051;438;1742;7412;454;44209;392;7360;1151;0,012571397922499339;0;0;0,7802989474466238;0,0017609305949728585;0;0,003531375047041845;0,1548833527771654;0,04695399621169689
65332;28,178;-30,0;-1;-1;1066;438;1742;8540;457;44209;394;7646;1217;0,009778584203161769;0;0;0,7676543654257282;0;0;0,002754540539829176;0,21981250983128073;0
66832;28,312;-33,0;-1;-1;1086;438;1742;9695;457;44209;401;7964;1217;0,010415940691330436;0;5,457220423961313E-4;0,7675502836449055;0;0;0;0,22148805362136792;0
68332;28,44;-33,0;-1;-1;1105;438;1744;10838;457;44209;401;8300;1217;0,011916748041959774;0;6,273749408069953E-4;0,7523214025716074;0;0;0;0,23513447444562577;0
69832;28,552;-34,0;-1;-1;1109;438;1746;12079;457;44209;401;8553;1217;0;0;2,484183130044151E-5;0,05606635318698547;0;0,9330909243055222;0;0,010817880676191707;0
71332;28,655;-37,0;-1;-1;1109;438;1746;12149;457;45628;401;8564;1217;0;0;2,4954922458964434E-5;0,05584211725443965;6,739119173291445E-5;0,931509603758467;0;0,010841893577249661;0,0017140392956514906
72832;28,771;-41,0;-1;-1;1109;438;1746;12225;457;47039;401;8572;1222;0;0;0;0,05515155777921349;0;0,9322330832182506;1,33830174361937E-4;0,010775993458550083;0,0017055353696237554
74332;28,89;-41,0;-1;-1;1109;438;1746;12301;457;48444;401;8590;1223;0;0;0;0,05755082459268167;0;0,9291956081109911;1,410827168582092E-4;0,01131590634947798;0,0017965782299909072
75832;29,011;-41,0;-1;-1;1109;438;1746;12391;457;49833;402;8608;1225;5,30631594035044E-4;0;0;0,06061930987046867;0;0,9369362558963074;0;0;0,0019138026391888757
77332;29,144;-36,0;-1;-1;1111;438;1746;12477;457;51244;402;8608;1226;5,052842845893734E-4;0;0;0,057075924029456965;0;0,9405965577381301;0;0;0,001822233947823501
78832;29,269;-39,0;-1;-1;1115;439;1748;12567;462;52660;404;8611;1230;0;0;2,707533642985732E-5;0,05718560584774755;0;0,9409427213920927;0;0;0,0018445974237300065
80332;29,398;-39,0;-1;-1;1115;439;1748;12657;462;54067;404;8611;1233;0;0;2,8615138534643555E-5;0,05965955295446049;7,71794091495182E-5;0,9382889911750157;0;0;0,0019456613228396246
81832;29,571;-40,0;-1;-1;1115;439;1748;12760;462;55463;404;8611;1234;0;0;0;0,06130534041351257;0;0,9236777290774754;1,606593153748835E-4;0,012819184687705206;0,0020370865059320077
83332;29,75;-40,0;-1;-1;1115;439;1748;12851;462;56850;404;8630;1237;0;0;0;0,06494582277605962;0;0,9189783259254773;1,7283058462016894E-4;0,013715791150753187;0,002187229563089691
84832;29,882;-43,0;-1;-1;1115;439;1748;12924;462;58251;404;8652;1241;6,175349703824173E-4;0;0;0,06513251191408076;0;0,9181991460752797;0;0,01383826653181417;0,002212540508442877
86332;30,02;-43,0;-1;-1;1116;439;1748;13025;462;59626;404;8672;1244;6,60438895862413E-4;0;0;0,06862643349542762;0;0,9283497877387877;0;0;0,002363339869922198
87832;30,15;-43,0;-1;-1;1116;439;1748;13132;462;61014;404;8672;1249;0;0;3,6880499716284505E-5;0,07108394593968917;0;0,9263987807160452;0;0;0,0024803928445494058
89332;30,311;-28,0;-1;-1;1116;439;1748;13231;462;62413;404;8672;1251;0;0;3,495907503792607E-5;0,0663610888691486;0;0,9312566370966809;0;0;0,0023473149591324268
90832;30,553;-36,0;-1;-1;1116;439;1748;13317;462;63825;404;8672;1253;0;0;3,616662952273175E-5;0,06751700644874092;9,740684744219199E-5;0,9297332216622047;1,9328930277222661E-4;0;0,0024229091093173785
92332;30,887;-38,0;-1;-1;1116;439;1748;13417;463;65224;404;8672;1253;0;0;0;0,07247335855323028;1,0659306213960935E-4;0,9108833170826522;0;0,016536731301977796;0
93832;31,186;-39,0;-1;-1;1116;439;1748;13523;463;66595;404;8695;1253;8,17452633551069E-4;0;0;0,07793502129125775;0;0,9031831070818456;0;0,018064418993345554;0
95332;31,464;-39,0;-1;-1;1122;445;1751;13662;468;67931;409;8727;1258;8,954008159515334E-4;0;0;0,08354439854336074;0;0,8959287086054861;0;0,0196314920352016;0
96832;31,781;-39,0;-1;-1;1122;445;1751;13765;468;69303;409;8752;1258;0;0;0;0,09173571998687849;0;0,8865852977332308;0;0,021678982279890784;0
97832;31,988;-37,0;-1;-1;1122;445;1751;13858;468;70190;409;8772;1258;0;0;4,756808368979865E-5;0,08080934800168203;0;0,8967469688143096;0;0,019237900056482182;0,0031582150438364534
99332;32,895;-39,0;-1;-1;1122;445;1751;13998;468;71517;409;8799;1264;0;0;0;0,11248017917807204;1,6513183617157613E-4;0,859157672989601;3,258083148700182E-4;0,02459120494464344;0,003280002736641855
100832;33,146;-32,0;-1;-1;1122;445;1751;14212;468;72758;409;8839;1269;0;0;0;0,1250277197038756;0;0,8469408329767506;0;0,025294795218306965;0,002736652101066795
102332;33,365;-31,0;-1;-1;1122;445;1751;14419;468;74004;409;8882;1273;8,372564547606353E-4;0;0;0,1324652617412353;0;0,8430538805412076;0;0,021322780401021386;0,00232082086177521
103832;33,657;-38,0;-1;-1;1122;445;1751;14659;468;75232;409;8913;1274;0;0;0;0,16743957716038593;0;0,8086938045562351;0;0,021511616925931096;0,002355001357447953
105332;33,836;-44,0;-1;-1;1122;445;1751;14932;468;76423;409;8947;1276;0;0;0;0,1607226863438663;0;0,8185377078763048;0;0,01868362217006689;0,0020559836097619635
106832;34,051;-44,0;-1;-1;1122;445;1751;15171;468;77650;409;8978;1279;0;0;4,232541007611546E-5;0,1653625833545213;0;0,812794680333204;0;0,019630424681974273;0,0021699862202242005
108332;34,199;-41,0;-1;-1;1122;445;1751;15438;468;78851;409;9005;1284;0;0;0;0,17548413973628488;1,0159321807117802E-4;0,8051392038879;0;0,01748547013379641;0,00178959302394774
109832;34,498;-23,0;-1;-1;1122;445;1751;15713;468;80047;409;9034;1284;0;0;0;0,18884964816347352;0;0,7942023122174022;1,9305375985673187E-4;0,016754985859267383;0
111332;34,657;-38,0;-1;-1;1124;447;1755;15991;472;81250;416;9056;1286;6,374981278106155E-4;0;0;0,1846563474379113;0;0,7988082654775918;1,8075226435551803E-4;0,015717136692330838;0
112832;34,797;-38,0;-1;-1;1125;447;1755;16270;472;82443;416;9083;1286;6,070607647079058E-4;0;0;0,17097585303885407;0;0,8135173014701332;0;0,014899784726304686;0
114332;34,906;-42,0;-1;-1;1126;447;1755;16533;472;83654;416;9108;1286;0;0;0;0,16600792389588734;0;0,819201198981619;0;0,014790877122493664;0
115332;34,981;-39,0;-1;-1;1126;447;1755;16720;472;84451;416;9124;1286;0;0;0;0,17383723913385754;0;0,8119100519037477;0;0,012905192817033147;0,0013475161453615986
116832;35,111;-34,0;-1;-1;1126;447;1755;16987;472;85665;416;9143;1286;0;0;2,763751258208727E-5;0,1739595087943054;0;0,8123112277908421;0;0,01240217163611035;0,0012994542661600521
118332;35,247;-39,0;-1;-1;1126;447;1755;17240;472;86884;416;9168;1289;0;0;0;0,16832703284645342;7,379410304031526E-5;0,8178591680279766;1,4451521783712248E-4;0,012301977733965973;0,0012935120707266595
119832;35,366;-39,0;-1;-1;1126;447;1755;17476;472;88130;416;9186;1289;5,230074935434618E-4;0;0;0,16843230690774133;7,585392949969144E-5;0,8168922861073306;1,4853417549289915E-4;0,012598962188335065;0,0013290491980569594
121832;35,641;-38,0;-1;-1;1126;447;1755;17787;472;89796;416;9208;1290;0;0;0;0,1544348132250973;0;0,8334721969036248;0;0,012092989871277783;0
122832;35,723;-39,0;-1;-1;1126;447;1755;17945;472;90625;416;9221;1290;0;0;0;0,1537297763599659;0;0,8340809411710246;0;0,012189282469009473;0
123832;35,807;-39,0;-1;-1;1126;447;1755;18086;472;91475;416;9230;1290;0;0;0;0,1543251789457685;0;0,83328659199383;0;0,012388229060401431;0
124832;35,896;-34,0;-1;-1;1126;447;1755;18236;472;92311;416;9244;1290;0;0;0;0,14755090422792533;0;0,8404443917257134;0;0,01200470404636126;0
125832;36,28;-36,0;-1;-1;1131;451;1758;18391;472;93140;421;9263;1291;0;0;0;0,15321818511914728;7,907865640137571E-5;0,8322892062294969;1,541798727449526E-4;0,012879274720244787;0,0013800754019647266
127332;66,989;-13,0;-1;-1;1131;451;1758;19060;473;93879;422;9347;1297;0,0033735514295140817;0;2,048487730790564E-4;0,9166175409633408;5,279947474694353E-4;0;0,0010031831777798247;0,07002222560592311;0,00825065530289371
129332;67,14;-31,0;-1;-1;1135;451;1758;20902;474;93879;423;9487;1309;0,002518596852509189;0;0;0,9905964208589205;0;0;7,491665947032119E-4;0;0,006135815693867243
130832;67,256;-31,0;-1;-1;1139;451;1758;22386;474;93879;423;9487;1321;0,0028832946084306446;0;0;0,9901172935834675;0;0;0;0;0,006999411808101991
131832;67,336;-34,0;-1;-1;1142;451;1758;23372;474;93879;423;9487;1332;0,0028647437856503116;0;0;0,9902063384355124;0;0;0;0;0,006928917778837251
132832;67,412;-35,0;-1;-1;1144;451;1758;24362;474;93879;423;9487;1340;0,0028365716865555693;0;0;0,9444276435661824;0;0,045891541459475306;0;0;0,006844243287786772
134332;67,515;-39,0;-1;-1;1152;451;1758;25771;474;93952;423;9487;1350;0,0027586034659639303;0;0;0,8671003905090474;4,342777205853443E-4;0,04536475824760763;0;0,07769831937260278;0,00664365068419298
135832;67,622;-39,0;-1;-1;1154;451;1758;27043;474;94030;423;9624;1361;0,0032695464746446455;0;0;0,9341629184193995;0;0,0537466995239794;9,774045599206097E-4;0;0,007843431022055815
137332;67,74;-39,0;-1;-1;1161;451;1758;28433;474;94117;425;9624;1375;0,0036605654470333454;0;0;0,9350142785829438;0;0,06023053721771695;0,001094618752305931;0;0
138832;67,859;-37,0;-1;-1;1168;451;1758;29839;474;94199;430;9624;1375;0,0023534089800208353;0;0;0,9583034464486649;0;0,0393431445713142;0;0;0
139832;67,932;-39,0;-1;-1;1168;451;1758;30797;474;94241;430;9624;1375;0,0024210906114225913;0;1,4878510595030646E-4;0,9566659673903742;0;0,04076415689225291;0;0;0
141332;68,044;-39,0;-1;-1;1172;455;1760;32239;475;94307;435;9626;1378;0,002659490423552589;0;1,6357511856383074E-4;0,9523904897105069;0;0,044786444747376676;0;0;0
142832;68,151;-34,0;-1;-1;1175;455;1760;33691;475;94352;435;9626;1378;0,0018511846033744592;0;1,1397754440496204E-4;0,9109515811622675;2,934293597774514E-4;0,031174964770036062;0;0,051188040251981724;0,004426822308157894
144832;68,35;-35,0;-1;-1;1178;455;1760;35504;476;94415;435;9736;1388;0,0016002825535417894;0;0;0,9438251465494795;2,539364994160172E-4;0;4,758938375177849E-4;0,05002887310178267;0,003815867458262278
146332;68,586;-29,0;-1;-1;1182;455;1760;36900;476;94415;435;9828;1396;0;0;0;0,9479670030639622;0;0;0;0,04873413982629746;0,0032988571097404304
147332;68,644;-26,0;-1;-1;1182;455;1760;37854;476;94415;435;9870;1400;0;0;0;0,9518491053237237;0;0;0;0,048150894676276375;0
148332;68,697;-32,0;-1;-1;1182;455;1760;38814;476;94415;435;9910;1400;0;0;0;0,9562408434674394;0;0;0;0,04375915653256064;0
149332;68,767;-34,0;-1;-1;1182;455;1760;39777;476;94415;435;9947;1400;0;0;5,1927584254371967E-5;0,952202924262887;0;0,014135926246708822;0;0,03360922190614984;0
150832;68,875;-36,0;-1;-1;1182;455;1760;41206;476;94434;435;9999;1400;8,674913954407981E-4;0;5,364122131985035E-5;0,9499231403250952;1,3795887028793567E-4;0,014589684716521337;0;0,03442808347133488;0
152332;68,984;-24,0;-1;-1;1183;455;1760;42623;476;94460;435;10055;1400;8,063607871964492E-4;0;0;0,9419514317836425;0;0,013557297298195378;2,4031802517433776E-4;0,0415279093998094;0,00191668270598185
153832;69,098;-33,0;-1;-1;1183;455;1760;44042;476;94472;435;10120;1404;0;0;0;0,9474574873834931;0;0,012598403110168617;0;0,03816476614197383;0,0017793433643643526
155332;69,204;-34,0;-1;-1;1183;455;1760;45461;476;94495;435;10176;1406;0;0;0;0,9562333648736658;0;0,010560313123063353;0;0,031715339090372316;0,0014909829128985689
156832;69,312;-34,0;-1;-1;1186;457;1762;46906;478;94506;435;10229;1411;0;0;0;0,953286791515941;0;0,011333944614387843;0;0,03378131372096986;0,00159795014870127
158332;69,442;-34,0;-1;-1;1186;457;1762;48340;478;94526;435;10272;1414;0;0;3,6281778878300696E-5;0,9597069762484743;0;0,009826452616718166;0;0,029045549502455394;0,0013847398534737134
159832;69,557;-36,0;-1;-1;1186;457;1762;49778;478;94546;435;10310;1418;6,072684839338191E-4;0;0;0,9577378409988898;9,678290753800073E-5;0,010189745044988718;0;0,02993969932814653;0,0014286632365028537
161332;69,665;-40,0;-1;-1;1186;457;1762;51211;478;94567;435;10354;1420;0;0;0;0,958063245638015;0;0,010330652996052033;0;0,03015807276934422;0,0014480285965886772
162832;69,778;-41,0;-1;-1;1186;457;1762;52660;478;94579;435;10391;1422;0;0;0;0,9558785979164511;0;0,010863400373738666;1,9349284535675958E-4;0,03154245049072833;0,0015220583737254282
164332;69,884;-42,0;-1;-1;1186;457;1762;54107;478;94587;435;10435;1423;0;0;0;0,954136933856881;0;0,011393658365596127;0;0,03287303058551504;0,0015963771920080151
165832;69,986;-43,0;-1;-1;1186;457;1762;55534;478;94605;435;10486;1427;0;0;0;0,9523757101120612;0;0,01188998540766805;0;0,034070255096577004;0,0016640493836937462
167332;70,088;-43,0;-1;-1;1186;457;1762;56957;478;94620;435;10546;1429;0;0;4,680960998654153E-5;0,9497597780821944;0;0,012613219815999936;0;0,035815414607298326;0,001764777884520777
168832;70,188;-44,0;-1;-1;1186;457;1762;58374;478;94642;435;10605;1431;7,831418904142998E-4;0;0;0,9473581640211143;0;0,013104249318280482;0;0,03692143546559449;0,0018330093045965622
170332;70,293;-44,0;-1;-1;1188;457;1762;59796;478;94661;435;10660;1433;8,632290835837123E-4;0;0;0,9825358367648924;1,3786802969570906E-4;0,014443418503374087;0;0;0,002019647618454063
171832;70,403;-44,0;-1;-1;1190;457;1762;61262;478;94690;435;10660;1436;9,234905235288359E-4;0;0;0,9836263567540048;0;0,015450152722466375;0;0;0
172832;70,485;-44,0;-1;-1;1194;458;1763;62244;480;94713;437;10661;1438;9,665840931908313E-4;0;0;0,9828532318187205;0;0,01618018408808859;0;0;0
173832;70,561;-44,0;-1;-1;1195;458;1763;63223;480;94733;437;10661;1438;0,0010096037053368824;0;0;0,9817910054410096;0;0,016897688820551628;3,01702033101933E-4;0;0
175332;70,671;-44,0;-1;-1;1199;458;1763;64690;480;94762;437;10661;1438;0,0010224425344791033;0;0;0,9336805328156147;0;0,017118061303989542;3,058619155005013E-4;0,04787310143041626;0
176832;70,792;-44,0;-1;-1;1199;458;1763;66099;480;94783;437;10731;1438;0,0010848015098809901;0;6,77459844907626E-5;0,9281306734850502;0;0,018151842847857008;0;0,050026255649479164;0,0025386805232417587
178332;71,116;-44,0;-1;-1;1201;458;1763;67487;480;94814;437;10809;1439;0;0;0;0,9584291262181771;0;0;0;0,03876120784885263;0,0028096659329701888
179332;71,172;-30,0;-1;-1;1201;458;1763;68454;480;94814;437;10839;1442;0;0;0;0,963574439078717;0;0;0;0,03395783043486596;0,0024677304864170685
180332;71,227;-35,0;-1;-1;1201;458;1763;69420;480;94814;437;10872;1443;0;0;0;0,9643661808612687;1,6554879265299306E-4;0;0;0,0330578229401981;0,0024104474058803445
181832;71,307;-36,0;-1;-1;1201;458;1763;70858;480;94814;437;10930;1447;0;0;0;0,9633906543147974;1,6958908781349285E-4;0;3,164994701902392E-4;0,033657272664540855;0,0024659844626580517
183332;71,382;-36,0;-1;-1;1201;458;1763;72304;480;94814;437;10979;1452;0,0010762230110491924;0;0;0,9439883415207864;0;0,01797674068099342;3,224812046517663E-4;0,03412730860267516;0,0025089049798440333
184832;71,456;-36,0;-1;-1;1207;458;1763;73709;480;94841;437;11036;1457;0,0011549854094803976;0;0;0,9768545809141257;0;0,019303358545605026;0;0;0,0026870751307889553
186332;71,547;-36,0;-1;-1;1209;458;1763;75176;480;94865;437;11036;1464;0,0012104744191928736;0;0;0,9757504594165554;0;0,020228494510347344;0;0;0,0028105716539043677
187832;71,632;-36,0;-1;-1;1213;461;1765;76638;483;94901;440;11038;1474;0,00126054031697113;0;7,912858065098966E-5;0,974670714893334;0;0,021070841704936002;0;0;0,002918774504107833
189332;71,707;-39,0;-1;-1;1215;461;1765;78105;483;94925;440;11038;1481;0,0012643652210179374;0;0;0,9744830303721552;2,035699022517916E-4;0,02113363435969552;0;0;0,0029154001448793493
190832;71,787;-39,0;-1;-1;1215;461;1765;79563;483;94965;440;11038;1483;0,0012617720495056756;0;0;0,9343556693455989;2,0318981712090614E-4;0,021080355263991126;3,786789899202993E-4;0,03981251369466667;0,0029078208391961034
192832;71,932;-39,0;-1;-1;1217;461;1765;81411;483;95009;440;11133;1494;0,0014047180238049935;0;0;0,9719077141825372;0;0,023460775098680626;0;0;0,003226792694977102
194332;72,042;-39,0;-1;-1;1220;461;1765;82877;483;95036;440;11133;1498;0,001480303035464576;0;0;0,9703958168701828;0;0,0247264320731532;0;0;0,003397448021199409
195832;72,156;-35,0;-1;-1;1221;461;1765;84328;483;95077;440;11133;1505;0,0013219506941052391;0;0;0,9736076315596643;0;0,022073216478219308;0;0;0,002997201268011095
197332;72,262;-35,0;-1;-1;1222;461;1765;85786;483;95114;440;11133;1509;0,0013883461350038928;0;0;0,9722948352332585;0;0,02317318128603065;0;0;0,0031436373457069343
198832;72,39;-32,0;-1;-1;1224;461;1765;87249;483;95146;440;11133;1512;0,001276156338304897;0;0;0,9743337743768453;2,062094598333152E-4;0,02129627350000313;0;0;0,0028875863250133237
200332;72,523;-38,0;-1;-1;1226;461;1765;88708;483;95180;440;11133;1517;0,001239646153810482;0;0;0,9362224535185159;0;0,020841361112298472;3,734196669834596E-4;0,03858986318031688;0,0027332563680751124
201832;72,663;-39,0;-1;-1;1228;461;1765;90101;483;95212;440;11203;1520;0;0;0;0,9344325276902176;0;0,02225625234313906;0;0,04041637745002764;0,0028948425166158806
203332;72,801;-39,0;-1;-1;1228;461;1765;91497;483;95244;440;11269;1526;0;0;0;0,9311963217849996;0;0,02351202537998576;0;0,04223925928480082;0,0030523935502138827
204832;73,039;-29,0;-1;-1;1231;462;1768;92911;483;95273;444;11338;1530;0;0;0;0,9300155687524388;0;0,02240967293740591;0;0,04469034283524128;0,002884415474913804
206332;73,158;-32,0;-1;-1;1231;462;1768;94301;483;95313;444;11406;1532;0;0;0;0,9302172773012962;0;0,0224800643814283;0;0,04441053257359657;0,0028921257436788817
207832;73,274;-32,0;-1;-1;1231;462;1768;95686;483;95346;444;11484;1536;0,0013765538013381297;0;0;0,9260976288422142;2,2333765813262876E-4;0,023437250293242198;0;0,04585300285149298;0,0030122265535797972
209332;73,395;-35,0;-1;-1;1234;462;1768;97065;483;95391;444;11554;1539;0,0024539076673091675;0;0;0,9244884443479839;0;0,02381147079581627;0;0,04618701307378036;0,0030591641151102842
210832;73,548;-35,0;-1;-1;1239;462;1768;98451;483;95421;444;11630;1542;0,002640800116765096;0;0;0,9462796389724512;0;0;4,540470666927964E-4;0,04733347916104478;0,0032920346830461068
212332;73,654;-37,0;-1;-1;1246;462;1768;99857;483;95421;444;11707;1552;0;0;0;0,9484386030325559;0;0;0;0,04818437007851872;0,003377026888925314
213332;73,723;-37,0;-1;-1;1246;462;1768;100804;483;95421;444;11757;1555;0;0;0;0,947386789314915;0;0;0;0,04915003983918491;0,0034631708459001214
214332;73,798;-37,0;-1;-1;1246;462;1768;101749;483;95421;444;11808;1559;0;0;0;0,9462093845459829;0;0;0;0,050233420977926685;0,00355719447609026
215332;73,873;-26,0;-1;-1;1246;462;1768;102690;483;95421;444;11861;1565;0;0;0;0,9270441215033264;0;0,024982442645767468;0;0,044786830338030804;0,003186605512875291
216832;163,991;-32,0;-1;-1;1246;462;1768;104097;483;95491;444;11872;1577;0,004989798591232198;0;0;0,9499561368894881;5,990962149645659E-4;0,03843109202023908;0;0;0,006023876284076023
218332;164,08;-32,0;-1;-1;1250;462;1768;105548;485;95527;444;11872;1584;0,005167332944047205;0;0;0,9544059891211167;6,208330452756967E-4;0,03980584488956043;0;0;0
219832;164,166;-32,0;-1;-1;1262;465;1774;106974;487;95600;446;11874;1589;0,005298507206725009;0;0;0,9538197510108843;0;0,04088174178239072;0;0;0
220832;164,223;-34,0;-1;-1;1268;465;1774;107927;487;95641;446;11874;1589;0,005253773179717258;0;0;0,9530796269365479;0;0,04056864397107658;0,0010979559126583147;0;0
222332;164,338;-35,0;-1;-1;1277;465;1774;109354;487;95704;447;11874;1589;0,005365633647482404;0;0;0,9520236088345095;0;0,0414874779206394;0,001122866928117173;4,1266925149203306E-7;0
223832;164,461;-37,0;-1;-1;1285;465;1774;110775;487;95771;451;11874;1589;0,005466716122195675;0;0;0,9453029278105337;0;0,04260013130476314;0;0;0,006630224762507411
225332;164,575;-37,0;-1;-1;1293;465;1774;112194;487;95835;451;11874;1598;0,005645105087292025;0;0;0,9428128860665798;6,849613274637373E-4;0,04403527405319701;0;0;0,006821773465467443
226832;164,709;-37,0;-1;-1;1302;465;1774;113594;490;95910;451;11874;1611;0,005875966327621128;0;0;0,9475457790748214;7,144458184528121E-4;0,04586380877910469;0;0;0
228332;164,832;-30,0;-1;-1;1312;465;1774;115019;491;95974;451;11874;1611;0,005298535547731397;0;0;0,9524587276209782;0;0,04224273683129047;0;0;0
229332;164,909;-34,0;-1;-1;1315;465;1774;115971;491;96019;451;11874;1611;0,005291524674128739;0;0;0,9513929355013486;0;0,04220047534090152;0,0011150644836210302;0;0
230832;165,026;-39,0;-1;-1;1325;465;1774;117402;491;96077;452;11874;1611;0,0053459843601222305;0;0;0,9505505723015688;0;0,04297472295764199;0,0011283015460409084;4,1883462606067445E-7;0
232332;165,13;-42,0;-1;-1;1330;465;1774;118831;491;96143;452;11874;1611;0,005413241949179603;0;0;0,9442031919957442;0;0,043819838558710876;0;0;0,006563727496365261
233832;165,247;-23,0;-1;-1;1339;465;1774;120236;491;96221;452;11874;1619;0,005207046381951076;0;0;0,9456470963264068;6,386194964537998E-4;0,04219636497024665;0;0;0,006310872824941764
235332;165,382;-34,0;-1;-1;1348;465;1776;121657;495;96289;457;11879;1635;0,005276115541386009;0;0;0,9872801595163724;0,001069187968913124;0;0;0;0,006374536973328497
236832;165,713;-34,0;-1;-1;1361;465;1776;123126;496;96289;457;11879;1652;0,005831386173114942;0;0;0,9873188094832189;0;0;0;0;0,006849804343666247
237832;165,789;-30,0;-1;-1;1366;465;1776;124110;496;96289;457;11879;1663;0,005170958172845041;0;0;0,9876790268033507;0;0;0,0010986504296682247;0;0,006051364594135981
239332;165,92;-33,0;-1;-1;1371;465;1776;125597;496;96289;459;11879;1669;0,005257224867886529;0;0;0,9874987635091835;0;0;0,001116080695427884;0;0,00612793092750204
240832;166,036;-34,0;-1;-1;1375;465;1776;127085;496;96289;460;11879;1676;0,0044045680667520026;0;0;0,9536617037811735;0;0,035870139494331786;9,354951460586641E-4;3,528350476683139E-7;0,0051277406766363325
242332;166,278;-37,0;-1;-1;1382;465;1776;128495;496;96361;461;11879;1686;0,007213928632327253;0;0;0,9467807363715087;9,565117306950915E-4;0,038617658500411205;9,95083914138703E-4;0;0,005436080850919145
243832;166,541;-37,0;-1;-1;1393;465;1776;129906;498;96424;462;11879;1698;0,00776812533590879;0;0;0,9484772613773148;0,0010330562480336488;0,04164747021565037;0,001074086823092301;0;0
245332;166,662;-35,0;-1;-1;1404;465;1776;131328;499;96489;463;11879;1698;0,007364470140822122;0;0;0,9916152939822879;0;0;0,0010202358768900167;0;0
246332;166,779;-28,0;-1;-1;1408;465;1776;132324;499;96489;463;11879;1698;0,007461393838170324;0;0;0,9915037513977667;0;0;0,0010348547640629479;0;0
247332;166,944;-30,0;-1;-1;1417;465;1776;133315;499;96489;463;11879;1698;0,007659077802490562;0;0;0,9923409221975094;0;0;0;0;0
248332;167,026;-31,0;-1;-1;1426;465;1776;134306;499;96489;463;11879;1698;0,015018234344829538;0;0;0,9794578020894062;0;0;0;0;0,005523963565764208
249332;167,121;-32,0;-1;-1;1447;466;1777;135284;502;96491;466;11881;1704;0,01454992150710982;0;0;0,9406571598137748;9,506475279106608E-4;0,03847750663536242;0;0;0,0053647645158423
250832;167,255;-34,0;-1;-1;1466;466;1777;136704;502;96546;466;11881;1710;0,014842849320834899;0;0;0,9403359629115361;0;0,039397134184216434;0;3,874018892701889E-7;0,005423666181523371
252332;167,374;-34,0;-1;-1;1496;466;1777;138105;502;96607;466;11881;1718;0,015143368003534163;0;0;0,9378257496699728;0;0,04043819136456603;0,0010383487232095868;3,9847477144147134E-7;0,005553943763946111
253832;167,497;-23,0;-1;-1;1516;466;1777;139512;502;96669;466;11881;1729;0,01485391589789586;0;0;0,9396916972834741;0;0,04006346703941703;0;0;0,005390919779212964
255332;167,618;-32,0;-1;-1;1535;466;1777;140932;502;96720;466;11881;1739;0,014581721657061248;0;0;0,9406483475825611;0;0,03947255068413959;0;0;0,0052973800762380376
256832;167,722;-32,0;-1;-1;1554;466;1777;142343;502;96783;466;11881;1746;0,014866721037792414;0;0;0,9394890198121785;0;0,04035898722594523;0;0;0,005285271924083792
258332;168,508;-34,0;-1;-1;1575;466;1777;143736;502;96858;466;11881;1757;0,016975634452567664;0;0;0,9293190313074522;0,0011442206879755676;0,046513925289634134;0;0;0,006047188262370332
259832;168,64;-36,0;-1;-1;1591;466;1777;145139;503;96922;466;11881;1773;0,23974610610124691;0;0;0;0,016223462239480877;0,6589326992259935;0;6,54125336284374E-6;0,08509119117991587
261332;168,842;-36,0;-1;-1;1961;466;1777;145139;530;97917;466;11881;1881;0,24975851468035787;0;0;0;0;0,7313862181735452;0,0188552671460969;0;0
262332;168,934;-31,0;-1;-1;2220;466;1777;145139;530;98642;482;11881;1881;0,29180547845680355;0;0;0;0;0,6913077657142678;0,016886755828928724;0;0
263332;169,048;-32,0;-1;-1;2541;466;1777;145139;530;99308;495;11881;1881;0,3346851880825342;0;0;0;0;0,6495571470541441;0,015757664863321592;0;0
264332;169,191;-32,0;-1;-1;2875;468;1779;145143;531;99961;513;11881;1884;0,0227653159949088;0;0;0,9290096120229403;0;0,04822507198215091;0;0;0
265332;169,302;-30,0;-1;-1;2892;468;1779;146072;531;100015;513;11881;1884;0,022290848031970165;0;0;0,9237801311761622;0,0011395003495867511;0,047346212822623766;0;0;0,0054433076196572575
266832;169,521;-31,0;-1;-1;2923;468;1779;147441;531;100109;513;11881;1890;0,022890006435414525;0;0;0,9222588507263781;0;0,04919789638097172;0;4,840381624797225E-7;0,005652762419073081
268332;169,678;-34,0;-1;-1;2952;468;1779;148832;531;100178;513;11881;1901;0,02308821011049438;0;0;0,9212080038130951;0;0,04997470529030271;0;0;0,00572908078610775
269832;169,803;-36,0;-1;-1;3001;468;1779;150184;531;100264;513;11881;1914;0,030100971278773817;0;0;0,9118025861338289;0;0,051073380156778626;0,0012229855127094162;0;0,00580007691790923
271332;175,984;-36,0;-1;-1;3068;468;1779;151483;531;100378;515;11881;1932;0,09608554765805977;0;0;0,8807722341346574;0;0;0,0040874216999460585;0;0,01905479650733693
272832;176,18;-31,0;-1;-1;3197;468;1779;152819;531;100378;520;11881;1962;0,09354296161380315;0;0;0,8876586897351584;0;0;0;0;0,01879834865103836
273832;176,252;-32,0;-1;-1;3297;468;1779;153703;531;100378;520;11881;1978;0,09200335235781813;0;0;0,8852334817213853;0,004078491678249312;0;0;0;0,018684674242547234
275332;176,515;-32,0;-1;-1;3435;468;1779;155039;538;100378;520;11881;1997;0,09221289904999576;0;0;0,892001742401781;0,0041781703366047945;0;0;0;0,011607188211618496
276832;176,655;-18,0;-1;-1;3573;468;1779;156381;541;100378;520;11881;2014;0,09548294538598208;0;0;0,7503258707291094;0,003495765917151366;0,14107282341801852;0;1,5328278522664852E-6;0,009621061721886372
278332;176,971;-34,0;-1;-1;3714;468;1779;157528;546;100571;520;11881;2028;0,1325568438482594;0;0;0,7248942157758783;0;0,13034855912693685;0,003247542477801093;0;0,008952838771124454
279832;177,372;-34,0;-1;-1;3903;472;1780;158650;549;100759;526;11883;2040;0,12323641563436623;0;0;0,729934340627504;0;0,13739998634133804;0;0;0,009429257396791776
281332;177,483;-36,0;-1;-1;4131;472;1780;159700;549;100973;526;11883;2048;0,13902280959507063;0;0;0,7180706293202523;0;0,1338381932150364;0;0;0,009068367869640697
282832;179,422;-36,0;-1;-1;4333;472;1780;160765;549;101190;526;11883;2064;0,18945812559202269;0;0;0,6521589093445621;0;0,14978072108624255;0;0;0,00860224397717271
284332;179,53;-24,0;-1;-1;4642;472;1780;161721;549;101412;526;11883;2077;0,1802759769258183;0;0;0,6555716781498865;0,0036671484497149756;0,15198112253505502;0;0;0,008504073939525247
285832;179,641;-33,0;-1;-1;4936;472;1780;162697;552;101628;526;11883;2088;0;0;0;0,8025849353843385;0,0043918711950457386;0,18289596727902038;0;0;0,01012722614159539
287332;179,746;-36,0;-1;-1;4936;472;1780;163872;558;101925;526;11883;2110;0;0;0;0,7960711797297543;0;0,18989426242243937;0,004235318465233983;0;0,009799239382572416
288832;179,855;-40,0;-1;-1;4936;472;1780;165048;558;102218;538;11883;2129;0;0;0;0,7917157077385015;0;0,1942323108977739;0,004228230162385084;1,94806800959805E-6;0,009821803133329981
290332;179,943;-40,0;-1;-1;4936;472;1780;166227;558;102517;550;11883;2139;0;0;0;0,8017158408567122;0;0,1982841591432878;0;0;0
291332;180,097;-33,0;-1;-1;4936;472;1780;167047;558;102697;550;11883;2139;0,18905423231405863;0;0;0,6532934034558088;0;0,15765236423013262;0;0;0
292332;180,585;-34,0;-1;-1;5119;472;1780;167694;558;102867;550;11883;2139;0,19285045957870176;0;0;0,6400687661475091;0,003574826252089807;0,16350594802169938;0;0;0
293832;181,676;-34,0;-1;-1;5391;472;1780;168623;563;103161;550;11883;2139;0,1979491666140818;0;0;0,6201004205545039;0,0038271259938830937;0,17812328683753123;0;0;0
295332;181,913;-29,0;-1;-1;5704;479;1784;169547;571;103433;551;11886;2141;0,21584863996630202;0;0;0,5967197961306512;0;0,17521973846885003;0,003668576557736734;0;0,00854324887646016
296832;182,177;-30,0;-1;-1;6067;479;1784;170415;571;103688;557;11886;2149;0,5532256673771936;0;0;0;0;0,4176617218612501;0,00873315167029584;0;0,02037945909126034
298332;182,292;-27,0;-1;-1;6901;479;1784;170415;571;104321;570;11886;2169;0,5610308798569644;0;0;0;0;0,4190173102146695;0;0;0,019951809928366163
299332;182,371;-29,0;-1;-1;7443;479;1784;170415;571;104766;570;11886;2182;0,575050019875023;0;0;0;0;0,405643419728389;0;0;0,019306560396587867
300332;182,442;-29,0;-1;-1;8026;479;1784;170415;571;105164;570;11886;2201;0,5546547406962121;0;0;0;0,00880813684894794;0,41673651618469754;0;0;0,019800606270142455
301832;182,691;-29,0;-1;-1;8830;479;1784;170415;597;105805;570;11886;2230;0,23394362043106412;0;0;0,5747047044725513;0,003667133868640858;0,17978500016038745;0;0;0,00789954106735639
303332;182,913;-29,0;-1;-1;9172;479;1784;171282;603;106070;570;11886;2250;0,21622739090987741;0;0;0,5861867826646024;0;0,18572920268080767;0,003710876572320554;0;0,008145747172391755
304832;183,028;-32,0;-1;-1;9492;479;1784;172155;603;106361;574;11886;2262;0;0;0;0,7470215659742984;0;0,237896140091395;0,00471998726406546;0;0,010362306670241333
306332;183,134;-32,0;-1;-1;9492;479;1784;173253;603;106737;581;11886;2281;0;0;0;0,7491274441166501;0;0,24042493221209646;0;0;0,01044762367125346
307332;183,21;-36,0;-1;-1;9492;479;1784;173976;603;107000;581;11886;2295;0;0;0;0,7512051070463533;0;0,23850465622754768;0;0;0,010290236726099002
308332;183,281;-37,0;-1;-1;9492;479;1784;174718;603;107246;581;11886;2307;0;0;0;0,7480003802408823;0,004824828643218336;0,23697615164838673;0;0;0,010198639467512646
309832;183,397;-37,0;-1;-1;9500;480;1788;175834;606;107619;587;11888;2327;0,21057913456563096;0;0;0,589269462514115;0,003840155996116653;0,18822695149702248;0;0;0,008084295427114916
311332;183,547;-37,0;-1;-1;9803;480;1788;176744;610;107895;587;11888;2334;0,25292819775564845;0;0;0,732275434907391;0;0;0,0046657881373903054;0;0,010130579199570146
312832;183,661;-24,0;-1;-1;10169;480;1788;177848;610;107895;599;11888;2352;0,258490352205822;0;0;0,6947946213669601;0;0;0,004375836895050381;0;0,042339189532167525
314332;183,79;-30,0;-1;-1;10706;480;1788;178736;610;107895;606;11888;2420;0,3593092638228424;0;0;0,6044570693100183;0;0;0;0;0,03623366686713919
315332;183,88;-30,0;-1;-1;11079;480;1788;179333;610;107895;606;11888;2450;0,351301512257602;0;0;0,6119915649528871;0;0;0;0;0,036706922789510994
316332;184,022;-26,0;-1;-1;11416;480;1788;179950;610;107895;606;11888;2496;0,26692701201879115;0;0;0,5208522882350893;0,003386339429896413;0,16528914750443224;0;0;0,043545212811790864
317832;184,342;-34,0;-1;-1;11799;480;1788;180781;615;108128;606;11888;2544;0,5631514842170202;0;0;0;0,006787308313737417;0,3440501189718869;0;0;0,08601108849735548
319332;184,759;-24,0;-1;-1;12651;480;1788;180781;623;108569;606;11888;2743;0,5198259037768378;0;0;0;0;0,3062479902432277;0,00573848894453997;0;0,16818761703539473
320832;191,266;-29,0;-1;-1;13146;480;1788;180781;623;109425;629;11888;2869;0,18706473035762902;0;0;0;0;0,7023702932443725;0,01595174851936126;0;0,0946132278786372
322332;191,462;-36,0;-1;-1;13407;480;1788;180781;623;110533;654;11888;2975;0,1833774270436473;0;0;0;0;0,7081512235341378;0,015601369692336541;0;0,09286997972987832
323832;191,772;-29,0;-1;-1;13701;480;1788;180781;623;111596;672;11888;3100;0,05694404762336584;0;0;0,7096523758030795;0;0,21296829730678407;0;0;0,02043527926677051
325332;191,898;-38,0;-1;-1;13786;482;1791;181846;624;111928;673;11888;3132;0,06468473659527263;0;0;0,6994624300617152;0,0048370493981154256;0,2110333604673135;0;0;0,01998242347758312
326832;192,031;-38,0;-1;-1;13881;482;1791;182874;631;112265;673;11888;3165;0,06624662768099629;0;0;0,7120556564312113;0,004974942750908896;0,21672277313688368;0;0;0
328332;192,162;-31,0;-1;-1;13967;482;1791;183929;638;112617;673;11888;3165;0,06547795681082082;0;0;0,7139844023027437;0;0,22053764088643535;0;0;0
329332;192,279;-36,0;-1;-1;14028;482;1791;184652;638;112833;673;11888;3165;0,06913077668597509;0;0;0,7078019986956405;0;0,2186151803001802;0,004452044318204161;0;0
330832;192,397;-36,0;-1;-1;14121;482;1791;185728;638;113158;679;11888;3165;0,06939704882027711;0;0;0,7061877953020019;0;0,2199428468918452;0,0044723089858757685;0;0
332332;192,582;-32,0;-1;-1;14235;482;1791;186771;638;113492;688;11888;3165;0,07552768346365614;0;0;0,6909476654551054;0;0,2142600402208398;0;0;0,019264610860398504
333832;192,712;-26,0;-1;-1;14352;482;1791;187824;638;113787;688;11888;3200;0,07640843283120571;0;0;0,6868533483932641;0,004453749186632683;0,2088319762041664;0;0;0,02345249338473113
335332;192,905;-27,0;-1;-1;14465;482;1791;188839;647;114115;688;11888;3235;0,08101010913764173;0;0;0,7020445929055725;0,004445212222085732;0,21250008573470006;0;0;0
336832;193,101;-28,0;-1;-1;14592;482;1791;189859;656;114459;688;11888;3235;0,08181378448430986;0;0;0,7015200148086184;0;0,2166662007070717;0;0;0
337832;193,27;-31,0;-1;-1;14674;482;1791;190560;656;114676;688;11888;3235;0,08163808875916596;0;0;0,6963331670203696;0;0,21792313644805003;0,004105607772414398;0;0
339332;193,504;-20,0;-1;-1;14805;482;1791;191598;656;115003;692;11888;3235;0,08105254281919767;0;0;0,6946182612407279;0;0,2202151188358792;0,004114077104195143;0;0
340832;193,633;-34,0;-1;-1;14961;483;1797;192609;662;115343;703;11892;3239;0,09352756678736486;0;0;0,6702195839376398;0;0,21335998559836608;0;0;0,022892863676629346
342332;193,852;-32,0;-1;-1;15111;483;1797;193615;662;115645;703;11892;3281;0,09168771301120898;0;0;0,6682443609681564;0,004320124338280876;0,21325444833273313;0;0;0,022493353349620552
343832;195,831;-34,0;-1;-1;15248;483;1797;194595;672;115981;703;11892;3318;0,25295382203426575;0;0;0;0,013775967578602161;0,662604708529537;0;0;0,0706655018575951
345332;195,964;-32,0;-1;-1;15651;483;1797;194595;699;116956;703;11892;3413;0,2617076092672228;0;0;0;0;0,6693785977119313;0;0;0,06891379302084584
346332;196,117;-32,0;-1;-1;15906;483;1797;194595;699;117625;703;11892;3489;0,2580760626305322;0;0;0;0;0,6624317191974625;0,012251006617825945;0;0,06724121155417936
347832;196,282;-27,0;-1;-1;16330;483;1797;194595;699;118598;715;11892;3580;0,28734469296803694;0;0;0;0;0,626176614763554;0,010953740015422014;0;0,07552495225298694
349332;196,662;-32,0;-1;-1;16752;483;1797;194595;699;119509;732;11892;3730;0,10851417386506151;0;0;0,6192920855458188;0;0,23672825372311118;0;0;0,035465486866008436
350832;196,81;-30,0;-1;-1;16930;483;1797;195501;699;119864;732;11892;3791;0,11131473774742646;0;0;0,6151267435177289;0,004642601618309565;0,23438874191172418;0;0;0,034527175204810995
352332;197,071;-25,0;-1;-1;17112;483;1797;196445;710;120187;732;11892;3831;0,12358263124049676;0;0;0,631880627275948;0,007071816352838344;0,23746492513071696;0;0;0
353832;197,257;-35,0;-1;-1;17315;483;1797;197373;715;120551;732;11892;3831;0,12306347535092883;0;0;0,6328140795819185;0;0,24412244506715272;0;0;0
354832;197,458;-35,0;-1;-1;17434;483;1797;198018;715;120787;732;11892;3831;0,12307725651454919;0;0;0,6271854759692848;0;0,24554972035866213;0,004187547157503833;0;0
356332;197,575;-30,0;-1;-1;17623;486;1800;198941;718;121184;739;11894;3837;0,1324296976744133;0;0;0,6203885150774183;0;0,2431071339524641;0,004074653295704157;0;0
357832;197,712;-34,0;-1;-1;17831;486;1800;199866;718;121545;745;11894;3837;0,12674494317814353;0;0;0,600357421759125;0;0,2399488201975378;0;0;0,032948814865193674
359332;200,703;-29,0;-1;-1;18012;486;1800;200787;718;121880;745;11894;3900;0,11321214990334033;0;0;0,5759518448586562;0,007787419957686452;0,26848386053408474;0;0;0,034564724746232164
360832;201,837;-33,0;-1;-1;18205;486;1800;201619;737;122278;745;11894;3958;0,1647979252194207;0;0;0,7763203339308061;0,010875332857734234;0;0;0;0,048006407992039125
362332;201,986;-29,0;-1;-1;18437;486;1800;202798;757;122278;745;11894;4027;0,17344158355996178;0;0;0,7689178336711932;0,014359710772149113;0;0;0;0,04328087199669577
363832;202,156;-26,0;-1;-1;18686;486;1800;203967;779;122278;745;11894;4087;0,18459338958635577;0;0;0,7674985169550244;0;0;0,00572322172820281;0;0,042184871730417066
365332;229,69;-30,0;-1;-1;18953;486;1800;205005;779;122278;773;11894;4254;0,173396284232519;0;0;0,6141508568652577;0;0;0,02686142699275465;0;0,18559143190946872
366832;229,933;-27,0;-1;-1;19199;486;1800;205914;779;122278;805;11894;4567;0,07163551205343907;0;0;0,26016963067365073;0;0,5626753936780098;0,010937407688173936;0;0,09458205590672623
368332;230,059;-28,0;-1;-1;19300;486;1800;206323;779;123125;820;11894;4695;0,0793650969484894;0;0;0,2793756920700074;0;0,6297357567793533;0,011523454202149813;0;0
369832;230,592;-35,0;-1;-1;19430;486;1800;206747;779;124054;837;11894;4695;0,07562182495327191;0;0;0,2749443147528058;0,028437447198234194;0,6097716357810813;0,011224777314606874;0;0
371332;230,72;-35,0;-1;-1;19547;486;1800;207152;834;124961;853;11894;4695;0;0;0;0,2904190691211228;0,03965695150220834;0,6585170520325709;0,01140692734409789;0;0
372832;230,799;-32,0;-1;-1;19554;492;1801;207546;904;125984;882;11897;4699;0;0;0;0,27815586531058606;0,06413338290863545;0,647074105158826;0,010636646621952376;0;0
374332;231,019;-37,0;-1;-1;19554;492;1801;207970;1100;126849;897;11897;4699;0;0;0;0,21122459394032997;0,18604252636072294;0,5241742798679575;0,007931774246097215;0;0,07062682558489242
375832;231,126;-33,0;-1;-1;19554;492;1801;208257;1478;127574;907;11897;4799;0;0;0;0,1817164581782249;0,3458196823650943;0,4657774896047148;0,0066863698519659814;0;0
377332;231,216;-38,0;-1;-1;19554;492;1801;208545;1987;128264;920;11897;4799;0,04642695818993092;0;0;0,17456666803722254;0,3182740225497518;0,454335383454658;0,0063969677684367655;0;0
378832;231,305;-31,0;-1;-1;19617;492;1801;208806;2449;128963;935;11897;4799;0,06685465575411109;0;0;0,2513853246871672;0;0,672590180951873;0,009169838606848855;0;0
380332;231,408;-27,0;-1;-1;19734;492;1801;209219;2449;129921;947;11897;4799;0,06451232610816104;0;0;0,24670825437483074;0;0,6799558233812434;0,008823596135764947;0;0
381832;231,497;-33,0;-1;-1;19832;492;1801;209594;2449;130936;959;11897;4799;0,06397728007634558;0;0;0,2460811363669681;0;0,6812194435133572;0,008722140043329205;0;0
383332;231,624;-30,0;-1;-1;19924;492;1801;209950;2449;131977;970;11897;4799;0,05783370405420923;0;0;0,2224765274934988;0;0,6406642220371672;0,00786350787730868;0;0,07116203853781614
384832;231,714;-36,0;-1;-1;20006;492;1801;210283;2449;132953;983;11897;4895;0,05015212462410984;0;0;0;0,3179359715857177;0,5665244305136246;0,00651428576015449;0;0,05887318751639332
386332;231,814;-34,0;-1;-1;20078;492;1801;210283;2951;133764;994;11897;4999;0,07418841626104164;0;0;0;0;0,8188818698947075;0,009224946056629553;0;0,09770476778762147
387832;231,942;-34,0;-1;-1;20181;492;1801;210283;2951;135011;1004;11897;5139;0,0745220468865396;0;0;0;0;0,8125390802913126;0,008524553294969662;0;0,104414319527178
389332;232,234;-37,0;-1;-1;20293;494;1804;210287;2953;136249;1026;11897;5280;0,07486293627926355;0;0;0;0;0,8164075780176735;0,00851577390532209;0;0,10021371179774094
390832;232,696;-31,0;-1;-1;20409;494;1804;210287;2953;137493;1036;11897;5410;0,06223734153976752;0;0;0,19726302070577276;0;0,67511067061392;0,006793041470294214;0;0,05859592567024548
392332;233,514;-31,0;-1;-1;20504;494;1804;210558;2953;138537;1043;11897;5493;0,0733847066858917;0;0;0;0;0,8499368542038971;0,008015580393335674;0;0,06866285871687566
393832;233,603;-39,0;-1;-1;20598;494;1804;210558;2953;139805;1054;11897;5620;0,04946586474920964;0;0;0;0,28752743504794037;0,5965009419231457;0,005385308948495449;0;0,061120449331208956
395332;233,69;-34,0;-1;-1;20666;494;1804;210558;3533;140565;1061;11897;5705;0,0396397429249096;0;0;0;0,47213216744862535;0,4840833551497964;0,00414473447666859;0;0
396832;234,628;-29,0;-1;-1;20745;494;1804;210558;4135;141377;1068;11897;5705;0,050339561988788466;0;0;0;0,32403522654139644;0,6203894515747027;0,005235759895112285;0;0
398332;234,764;-31,0;-1;-1;20822;494;1804;210558;4636;142292;1075;11897;5705;0,046710129224495266;0;0;0;0,3645652155558163;0,5838787683178006;0,004845886901887719;0;0
399832;234,931;-33,0;-1;-1;20905;494;1804;210558;5162;143175;1083;11897;5705;0,03991258390661789;0;0;0,11515029882464645;0,3577434487870815;0,4832155240763791;0,003978144405275219;0;0
401332;235,787;-34,0;-1;-1;20976;494;1804;210744;5653;143919;1091;11897;5705;0,058425056231912596;0;0;0,1703220255696013;0;0,6985688579127949;0,00582207206784687;0;0,06686198821784456
402832;236,2;-31,0;-1;-1;21076;494;1804;210992;5653;144963;1095;11897;5809;0,06906386816739794;0;0;0;0;0,8373706043759663;0,0069353123743170365;0;0,08663021508231884
404332;236,424;-36,0;-1;-1;21175;494;1804;210992;5653;146211;1109;11897;5948;0,06889968537508455;0;0;0;0;0,8392389917314447;0,006878757977442385;0;0,08498256491602844
405832;236,56;-28,0;-1;-1;21281;494;1808;210993;5657;147449;1135;11900;6094;0,06508009055091289;0;0;0;0;0,8383223997839904;0,006419555210365869;0;0,09017795445473098
407332;236,678;-37,0;-1;-1;21397;494;1808;210993;5657;148686;1141;11900;6235;0,043702728657523233;0;0;0;0,3448403950485872;0,5494460460189825;0,004148246226449742;0;0,057862584048457344
408832;236,987;-36,0;-1;-1;21452;494;1808;210993;6207;149476;1149;11900;6332;0,036425805847596394;0;0;0,1033126532805615;0,3821012920421596;0,4747105449862947;0,0034497038433876706;0;0
410332;237,193;-37,0;-1;-1;21494;494;1808;211143;6799;150189;1152;11900;6332;0,05799067147837922;0;0;0,16625739263689543;0;0,7702618778756671;0,005490058009058251;0;0
411832;237,359;-32,0;-1;-1;21585;494;1808;211373;6799;151357;1163;11900;6332;0,05572984894327787;0;0;0,16167624057383354;0;0,7773562703618021;0,005237640121086512;0;0
413332;237,542;-30,0;-1;-1;21666;494;1808;211622;6799;152519;1171;11900;6332;0,05704518984106972;0;0;0,1595107466452319;0;0,7782915998783827;0,005152463635315631;0;0
414832;238,124;-33,0;-1;-1;21745;494;1808;211860;6799;153694;1179;11900;6332;0,0536602304759044;0;0;0,15003081085472042;0;0,718191740046382;0,004842917727567826;0;0,07327430089542529
416332;238,531;-31,0;-1;-1;21819;494;1808;212077;6799;154798;1183;11900;6433;0,03557330164340602;0;0;0,09589156331492296;0,39581567426123476;0,4696214471564653;0,0030980136239709393;0;0
417832;238,66;-34,0;-1;-1;21864;494;1808;212238;7343;155543;1188;11900;6433;0,05815883555060172;0;0;0,1567755674688285;0;0,7800074870863861;0,005058109894183697;0;0
419332;238,787;-29,0;-1;-1;21944;494;1808;212470;7343;156721;1198;11900;6433;0,057633787748815106;0;0;0,1554499788599254;0;0,7819220181221541;0,004994215269105388;0;0
420832;238,939;-27,0;-1;-1;22031;494;1808;212704;7343;157891;1207;11900;6433;0,056952757889692084;0;0;0,15381765369783038;0;0,784302073839413;0,0049275145730643755;0;0
422332;239,121;-34,0;-1;-1;22135;498;1811;212897;7343;159093;1218;11906;6436;0,05845830828650128;0;0;0,15245229295919505;0;0,7842333496127003;0,004856049141603407;0;0
423832;241,251;-30,0;-1;-1;22240;498;1811;213145;7343;160229;1229;11906;6436;0,05894834380806908;0;0;0,1534524205221765;0;0,7164229052827399;0,004908515340080704;0;0,06626781504693388
425332;241,363;-31,0;-1;-1;22337;498;1811;213378;7343;161298;1237;11906;6529;0,04019225182093127;0;0;0;0,4153382184608652;0,4961411645278905;0,0033245128956117874;0;0,04500385229470116
426832;241,529;-28,0;-1;-1;22401;498;1811;213378;8023;161990;1242;11906;6588;0,039272596114197346;0;0;0;0,483746848100542;0,4738479624648074;0,0031325933204532554;0;0
428332;242,134;-29,0;-1;-1;22462;498;1811;213378;8710;162734;1250;11906;6588;0,03306727558738869;0;0;0;0,5528269269321618;0,41138671076500927;0,0027190867154400556;0;0
429832;242,312;-37,0;-1;-1;22520;498;1811;213378;9567;163314;1255;11906;6588;0,032742737642114106;0;0;0;0,5535344748155232;0,41103408495557336;0,002688702586789211;0;0
431332;242,509;-35,0;-1;-1;22567;498;1811;213378;10427;163904;1258;11906;6588;0,028875400818504846;0;0;0,07531654001036846;0,526426619685841;0,36700990995948896;0,0023715295257967527;0;0
432832;242,657;-35,0;-1;-1;22603;498;1811;213508;11213;164450;1260;11906;6588;0,056552623259330505;0;0;0,1475686976682913;0;0,7279486227306088;0,00464836764739764;0;0,06328168869437194
434332;242,807;-31,0;-1;-1;22682;498;1811;213722;11213;165543;1270;11906;6692;0,06444306273962305;0;0;0;0;0,8503914773061042;0,005270859136895733;0;0,07989460081737697
435832;243,078;-31,0;-1;-1;22789;498;1811;213722;11213;166823;1275;11906;6800;0,06724267010648381;0;0;0;0;0,849761291730698;0,005129366569832524;0;0,07786667159298563
437332;243,223;-32,0;-1;-1;22895;498;1811;213722;11213;168093;1287;11906;6912;0,06918657737594368;0;0;0;0;0,8487714501486805;0,005072910173749497;0;0,07696906230162635
438832;243,465;-28,0;-1;-1;23009;501;1811;213727;11221;169346;1296;11908;7046;0,03282916590508715;0;0;0;0,5178498907899083;0,4041749456476733;0,0023294197210955592;0;0,04281657793623568
440332;243,731;-29,0;-1;-1;23062;501;1811;213727;12008;169943;1298;11908;7107;0;0;0;0,07028010049914706;0,5065529164535435;0,3812539831561913;0,0021660591211661614;0;0,039746940769952034
441832;244,078;-38,0;-1;-1;23062;501;1811;213836;12746;170526;1305;11908;7170;0;0;0;0;0,5483726207227406;0,40707030928372145;0,0023068882206099864;0;0,0422501817729278
443332;244,239;-40,0;-1;-1;23062;501;1811;213836;13604;171102;1309;11908;7232;0;0;0;0;0,5847692232058426;0,37493868570470984;0,002093488599732778;0;0,03819860248971494
444832;244,385;-35,0;-1;-1;23062;501;1811;213836;14505;171640;1312;11908;7290;0;0;0;0;0,6072011720166448;0,35558525475769837;0,0019404393584040505;0;0,03527313386725276
446332;244,518;-39,0;-1;-1;23062;501;1811;213836;15408;172187;1313;11908;7339;0,0250379816183102;0;0;0;0,6123754565398446;0,32892147695992624;0,001760619619069149;0;0,03190446526284987
447832;245,203;-34,0;-1;-1;23099;501;1811;213836;16338;172663;1314;11908;7395;0,03594198036904682;0;0;0;0,9158955962979883;0;0,00253402491449542;0;0,04562839841846941
449332;245,369;-36,0;-1;-1;23147;501;1811;213836;17710;172663;1321;11908;7468;0,03426373087639579;0;0;0,07872416086505894;0,8413059203551372;0;0,002408324294577406;0;0,04329786360883056
450832;250,037;-26,0;-1;-1;23219;501;1811;213970;18914;172663;1325;11908;7554;0,22244998408492322;0;0;0,4923838350611794;0;0;0,015346288812600497;0;0,26981989204129697
452332;250,265;-30,0;-1;-1;23579;501;1811;214692;18914;172663;1350;11908;7947;0,22515014091422045;0;0;0,48715485902769784;0;0;0,014790690747316343;0;0,2729043093107653
453832;250,553;-30,0;-1;-1;23907;501;1811;215384;18914;172663;1370;11908;8407;0,0619792002742166;0;0;0,12820732872407506;0;0,7153565074146548;0,0038236403668228335;0;0,09063332322023059
455332;251,317;-32,0;-1;-1;24006;505;1812;215586;18921;173737;1377;11913;8541;0,21763473198276181;0;0;0,4519931483351041;0;0;0,013510996583068;0;0,31686112309906594
456832;251,471;-32,0;-1;-1;24313;505;1812;216290;18921;173737;1395;11913;9012;0,12552576126998305;0;0;0,2605979230073613;0,4338135301264338;0;0,007526222858178871;0;0,172536562738043
458332;251,611;-34,0;-1;-1;24490;505;1812;216685;19598;173737;1408;11913;9250;0,14857432040361573;0;0;0,3090217412130194;0,5335223839638937;0;0,008881554419471199;0;0
459832;251,86;-20,0;-1;-1;24716;505;1812;217142;20401;173737;1422;11913;9250;0,15055900695403568;0;0;0,3062301894757467;0,5345054564903268;0;0,008705347079890841;0;0
461332;252,086;-29,0;-1;-1;24952;505;1812;217607;21193;173737;1429;11913;9250;0,15599011082118086;0;0;0,3012567629160498;0,534219721616084;0;0,008533404646685366;0;0
462832;252,786;-27,0;-1;-1;25196;505;1812;218052;21993;173737;1440;11913;9250;0,0610948452542881;0;0;0,11500080851737204;0,2080597606819607;0,6125701016781062;0,0032744838682729634;0;0
464332;253,192;-30,0;-1;-1;25297;505;1812;218236;22296;174646;1443;11913;9250;0;0;0;0,11266195920195278;0,20303196997836473;0,608246189714873;0,003194686531787329;0;0,07286519457302215
465832;253,41;-39,0;-1;-1;25297;505;1812;218408;22623;175538;1447;11913;9355;0;0;0;0,1181997401342932;0,23260422205341272;0,6458459729689254;0,0033500648433687236;0;0
467332;253,89;-36,0;-1;-1;25297;505;1812;218576;22973;176515;1452;11913;9355;0;0;0;0,11723480362929804;0,23148208534443906;0,6479749210155131;0,0033081900107498484;0;0
468832;254,054;-39,0;-1;-1;25297;505;1812;218759;23326;177477;1454;11913;9355;0;0;0;0,11741879571874074;0,229996022830248;0,6492703601110821;0,0033148213399291334;0;0
470332;254,226;-34,0;-1;-1;25297;505;1812;218916;23688;178452;1460;11913;9355;0,05555843267168345;0;0;0,10473739768136638;0,22586778888454162;0,610899044550131;0,002937336212277553;0;0
471832;254,368;-41,0;-1;-1;25378;507;1815;219046;24036;179401;1471;11917;9358;0,055529168712502505;0;0;0,10327296216621736;0,23676573607977228;0,6044321330415079;0;0;0
473332;254,563;-30,0;-1;-1;25453;507;1815;219195;24386;180327;1471;11917;9358;0,05167213306189253;0;0;0,09614987366163896;0,22227036269091016;0,5695837451971139;0;0;0,06032388538844443
474832;254,925;-33,0;-1;-1;25549;507;1815;219342;24741;181136;1471;11917;9451;0,05614618356040201;0;0;0;0,2538221905162797;0,6247299130981351;0;0;0,06530171282518318
476332;255,359;-32,0;-1;-1;25625;507;1815;219342;25119;182099;1471;11917;9534;0,05538468380623665;0;0;0;0,2683652975663457;0,6122482125357298;0;0;0,0640018060916878
477832;255,527;-28,0;-1;-1;25706;507;1815;219342;25540;183014;1471;11917;9617;0,05475078264720691;0;0;0;0,2711291904982978;0,6082467593958462;0,0028326241202734615;0;0,0630406433383756
479332;255,68;-32,0;-1;-1;25795;507;1815;219342;25948;183912;1473;11917;9720;0,07500515183638572;0;0;0;0;0,8351885927812708;0,0038849817559988664;0;0,08592127362634477
480832;255,956;-32,0;-1;-1;25904;507;1815;219342;25948;185174;1478;11917;9844;0,06522605774542088;0;0;0,12225554487683205;0;0,7407620486246504;0,003379097307504501;0;0,06837725144559208
482332;256,095;-38,0;-1;-1;25987;507;1815;219534;25948;186308;1483;11917;9930;0,07269582850424983;0;0;0;0;0,8475335357873887;0,0037676178239503286;0;0,0760030178844113
483832;256,258;-30,0;-1;-1;26089;507;1815;219534;25948;187581;1487;11917;10051;0,07368625319054567;0;0;0;0;0,8423818332675844;0,003710309101770985;0;0,08022160444009899
485332;259,707;-33,0;-1;-1;26209;507;1815;219534;25948;188836;1492;11917;10171;0,059242626461859675;0;0;0;0,2814850830335843;0,5934253167950965;0,0029583000031038306;0;0,06288867370635573
486832;259,825;-34,0;-1;-1;26311;507;1815;219534;26388;189690;1499;11917;10268;0,06375616454176788;0;0;0;0,3179774709030224;0,6152644045363703;0,003001960018839417;0;0
488332;260,133;-23,0;-1;-1;26403;510;1821;219536;26840;190648;1509;11918;10272;0,06494352035194223;0;0;0;0,324252672893038;0,6079136354510016;0,0028901713040180546;0;0
489832;260,428;-33,0;-1;-1;26528;510;1821;219536;27318;191539;1515;11918;10272;0,06040057883793765;0;0;0,09445738699777735;0,2843095445867833;0,5582171598805972;0,0026153296969044287;0;0
491332;307,316;-39,0;-1;-1;26610;510;1821;219804;27630;192363;1529;11918;10272;0;0;0;0,20834783641339952;0,2168454073801032;0,5658117753970451;0,008994980809452269;0;0
492832;308,096;-32,0;-1;-1;26610;510;1821;220121;27950;193205;1550;11918;10272;0;0;0;0,17805082409570902;0,1826192116904457;0,4831795555367082;0,007608393974208471;0;0,1485420147029286
494332;308,303;-36,0;-1;-1;26610;510;1821;220360;28253;193919;1564;11918;10502;0;0;0;0,20089137363835907;0,22440664094676355;0,5662392190170434;0,008462766397833875;0;0
495832;308,451;-36,0;-1;-1;26610;510;1821;220643;28591;194788;1574;11918;10502;0;0;0;0,198948090343936;0,22992050019665533;0,5629756890126134;0,008155720446795281;0;0
497332;308,682;-31,0;-1;-1;26610;510;1821;220962;28929;195624;1581;11918;10502;0,046131605790148814;0;0;0,1882229267362217;0,2248844711829267;0,5331288742374723;0,007632122053230416;0;0
498832;308,827;-32,0;-1;-1;26666;510;1821;221253;29259;196433;1595;11918;10502;0,05483777317770336;0;0;0;0,2956867273621802;0,6404515873883847;0,009023912071731715;0;0
500332;309,012;-31,0;-1;-1;26751;510;1821;221253;29699;197394;1609;11918;10502;0,054597480569845834;0;0;0;0,3031879111340444;0,6334959642736793;0,008718644022430399;0;0
501832;309,143;-32,0;-1;-1;26835;510;1821;221253;30168;198323;1627;11918;10502;0,046923606185620616;0;0;0;0,2563874445287231;0,5417890051700167;0,007252898054743381;0;0,1476470460608962
503332;328,803;-31,0;-1;-1;26904;510;1821;221253;30441;199196;1643;11918;10771;0,06631452496112462;0;0;0;0;0,7141171316874918;0,010412083287835883;0;0,20915626006354768
504832;329,0;-34,0;-1;-1;27010;512;1825;221255;30442;200291;1653;11921;11073;0,05168571868342475;0;0;0,19094291484979223;0;0,577360667811737;0,008104880791133175;0;0,17190581786391282
506332;329,202;-32,0;-1;-1;27089;512;1825;221538;30442;201164;1664;11921;11327;0,06340999559872887;0;0;0,2295866255784603;0;0,6973312142098429;0,009672164612967975;0;0
507832;329,329;-35,0;-1;-1;27184;512;1825;221902;30442;202201;1668;11921;11327;0,0640494277167845;0;0;0,22939904025226873;0;0,6970217028026283;0,009529829228318363;0;0
509332;329,796;-37,0;-1;-1;27295;512;1825;222251;30442;203224;1685;11921;11327;0,060247058968593996;0;0;0,21676899833977425;0,04335054765091746;0,6707165831579565;0,00891681188275776;0;0
510832;334,493;-35,0;-1;-1;27380;512;1825;222587;30504;204222;1704;11921;11327;0,07819789740644933;0;0;0;0,055845623772782196;0,8546183170494601;0,011338161771308308;0;0
512332;337,365;-38,0;-1;-1;27514;512;1825;222587;30612;205467;1717;11921;11327;0,06386737052159298;0;0;0;0,04712995558246379;0,6827563806062736;0,009590461801811853;0;0,19665583148785779
513832;337,636;-33,0;-1;-1;27611;512;1825;222587;30680;206486;1736;11921;11624;0,08076676292626188;0;0;0;0,05884249735198958;0,8486488567780576;0,011741882943690971;0;0
515332;337,843;-38,0;-1;-1;27723;512;1825;222587;30763;207770;1757;11921;11624;0,08348701176382872;0;0;0;0,058908117999181234;0,8460887341148773;0,011516136122112683;0;0
516832;340,527;-29,0;-1;-1;27836;512;1825;222587;30840;209067;1770;11921;11624;0,07033979869188511;0;0;0,19906548168136526;0,04971793833376522;0,6711461772235233;0,009730604069461076;0;0
518332;340,62;-31,0;-1;-1;27932;512;1825;222877;30918;210087;1786;11921;11624;0,21335588457878876;0;0;0,6064720136325513;0,15077540427294708;0;0,029396697515712764;0;0
519832;340,79;-31,0;-1;-1;28250;512;1825;223795;31146;210087;1822;11921;11624;0,21328457094368175;0;0;0,6066190912330575;0,15105032495557102;0;0,029046012867689694;0;0
521332;340,935;-30,0;-1;-1;28547;518;1827;224714;31403;210089;1860;11926;11629;0,131484169111006;0;0;0,3824288490054659;0,09708342392013869;0;0,01764806581895167;0;0,37135549214443775
522832;341,287;-30,0;-1;-1;28743;518;1827;225280;31556;210089;1883;11926;12191;0,1358912814720248;0;0;0,39184779355115823;0,10046475650427017;0;0;0;0,37179616847254665
524332;341,441;-32,0;-1;-1;28961;518;1827;225837;31729;210089;1883;11926;12743;0,05962802163166724;0;0;0,16953789388934914;0,043745714109660265;0,5613118668148813;0;0;0,16577650355444207
525832;341,977;-40,0;-1;-1;29055;518;1827;226093;31781;210929;1883;11926;13001;0,07253045200404082;0;0;0;0,05207553432387222;0,6803728322126121;0;0;0,19502118145947492
527332;342,093;-34,0;-1;-1;29174;518;1827;226093;31850;211947;1883;11926;13295;0,07530282349233466;0;0;0;0,050635743605606916;0,6639533843065424;0;0;0,21010804859551607
528832;342,277;-16,0;-1;-1;29292;518;1827;226093;31912;212935;1883;11926;13627;0,07351121955898128;0;0;0;0,04947253605239222;0,6624431656087193;0,008842238792190486;0;0,2057308399877167
530332;343,035;-35,0;-1;-1;29402;518;1827;226093;31979;213935;1897;11926;13936;0,09292800732605311;0;0;0;0,06288181603540655;0,8332853615973367;0,010904815041203551;0;0
531832;343,445;-34,0;-1;-1;29536;518;1827;226093;32083;215181;1913;11926;13936;0,0743851573027532;0;0;0,18777622394439167;0,05042836560963746;0,6787133005644347;0,008696952578782939;0;0
533332;343,561;-32,0;-1;-1;29646;518;1827;226409;32169;216156;1926;11926;13936;0,07928341617444486;0;0;0,19845094863740256;0;0,7132254104726391;0,009040224715513514;0;0
534832;343,69;-29,0;-1;-1;29759;518;1827;226731;32169;217206;1941;11926;13936;0,0783831788520746;0;0;0,19788299905792076;0;0,7148370786150711;0,008896743474933567;0;0
536332;343,816;-31,0;-1;-1;29901;518;1827;227028;32169;218253;1955;11926;13936;0,06378664218333577;0;0;0,16109095581586247;0;0,5910723784662465;0,0072106751304856775;0;0,1768393484040695
537832;343,988;-37,0;-1;-1;30000;523;1829;227289;32172;219108;1970;11926;14221;0,07683052851175452;0;0;0;0;0,6908945238112794;0,008287860710388086;0;0,22398708696657815
539332;345,049;-39,0;-1;-1;30113;523;1829;227289;32172;220180;1980;11926;14526;0,07266943738853643;0;0;0;0,046485670790850045;0,6441939196113922;0,007840770184570267;0;0,22881020202465116
540832;346,318;-32,0;-1;-1;30241;523;1829;227289;32235;221124;1987;11926;14884;0,09718928048139751;0;0;0;0,06101243422011562;0,831502578187713;0,01029570711077389;0;0
542332;346,441;-28,0;-1;-1;30372;523;1829;227289;32346;222369;2000;11926;14884;0,09505238306434444;0;0;0;0,06127032532761251;0,8336475670399797;0,010029724568063482;0;0
543832;346,759;-33,0;-1;-1;30508;523;1829;227289;32440;223621;2018;11926;14884;0,07666174900916545;0;0;0,18322427342835515;0,04958472732456292;0,6824614902032122;0,008067760034704259;0;0
545332;346,91;-32,0;-1;-1;30631;523;1829;227571;32520;224622;2032;11926;14884;0,08136255920948227;0;0;0,1913733348709615;0;0,7189104100533128;0,008353695866243412;0;0
546832;347,15;-34,0;-1;-1;30758;523;1829;227847;32520;225707;2044;11926;14884;0,06755284857379293;0;0;0,15452053519203993;0;0,5770275281762042;0,0066329581637150446;0;0,19426612989424794
548332;347,307;-35,0;-1;-1;30865;523;1829;228094;32520;226538;2057;11926;15186;0,07901287513403278;0;0;0;0;0,6702778291753739;0,007567663450640874;0;0,2431416322399524
549832;347,467;-28,0;-1;-1;31007;523;1829;228094;32520;227529;2069;11926;15541;0,0771547388501045;0;0;0;0;0,6729891830504386;0,007369036714859013;0;0,24248704138459787
551332;347,621;-33,0;-1;-1;31106;523;1829;228094;32520;228546;2078;11926;15916;0,07114760400112186;0;0;0;0,04276715684806639;0,6363152861884692;0,00679111232015165;0;0,24297884064219097
552832;347,764;-27,0;-1;-1;31220;523;1829;228094;32569;229514;2087;11926;16276;0,09592426687691762;0;0;0;0,05545385587012005;0,8398423144134461;0,008779562839516142;0;0
554332;347,908;-32,0;-1;-1;31375;528;1833;228095;32654;230763;2107;11929;16280;0,08039389856245668;0;0;0,16831905589103346;0,04647150164247893;0,6977781654049382;0,007037378499092663;0;0
555832;348,053;-22,0;-1;-1;31498;528;1833;228326;32720;231832;2118;11929;16280;0,09780501000338207;0;0;0;0,05620393368850134;0,837617668375268;0,008373387932848635;0;0
557332;348,353;-30,0;-1;-1;31624;528;1833;228326;32803;233112;2129;11929;16280;0,09394049837342891;0;0;0;0,053548986792901966;0,8444856672177806;0,008024847615888429;0;0
558832;348,513;-31,0;-1;-1;31774;528;1833;228326;32881;234364;2149;11929;16280;0,07223428955852162;0;0;0;0,040451136424256795;0,6430724252632268;0,0059634482059635835;0;0,2382787005480312
560332;348,717;-36,0;-1;-1;31869;528;1833;228326;32947;235309;2160;11929;16663;0;0;0;0;0,043143655930208434;0,6918774179883582;0,00633895605565342;0;0,25863997002578015
561832;349,002;-38,0;-1;-1;31869;528;1833;228326;33011;236336;2174;11929;17058;0;0;0;0;0,042986624950419;0,6996108166910587;0,006283042203315642;0;0,2511195161552066
563332;349,304;-37,0;-1;-1;31869;528;1833;228326;33078;237390;2183;11929;17428;0;0;0;0,13114226422711647;0,036790666011164284;0,599619659593463;0,005297739788562414;0;0,22714967037969389
564832;349,522;-30,0;-1;-1;31869;528;1833;228535;33131;238278;2192;11929;17769;0;0;0;0,16723900747054543;0,046959560898598936;0,779057593969057;0,006743837661798551;0;0
566332;349,707;-36,0;-1;-1;31869;528;1833;228790;33208;239434;2204;11929;17769;0,07638955146037082;0;0;0,1543214285228479;0,04336050309297152;0,7197257566196212;0,006202760304188475;0;0
567832;349,837;-38,0;-1;-1;31963;528;1833;229022;33283;240523;2214;11929;17769;0;0;0;0,16589426839017798;0,04719996290988786;0,7803395636358443;0,006566205064089855;0;0
569332;350,001;-38,0;-1;-1;31963;528;1833;229269;33358;241694;2221;11929;17769;0;0;0;0,16557569709355602;0,04674159302886292;0,7811922114636148;0,006490498413966268;0;0
570832;350,438;-39,0;-1;-1;31967;530;1836;229524;33430;242864;2234;11936;17771;0;0;0;0,12961361281231398;0,03633730915476153;0,6112250321588716;0,005031600268234523;0;0,2177924456058184
572332;350,542;-36,0;-1;-1;31967;530;1836;229718;33482;243789;2242;11936;18092;0;0;0;0,164907805194096;0,046432974917087075;0,7823213435835776;0,00633787630523914;0;0
573832;350,67;-38,0;-1;-1;31967;530;1836;229953;33541;244983;2254;11936;18092;0;0;0;0,16476224934633055;0,04642344624997383;0,7825080081776805;0,006306296226015038;0;0
575332;350,844;-36,0;-1;-1;31967;530;1836;230182;33622;246168;2259;11936;18092;0,0724878241686261;0;0;0,14916084824129247;0,042389383049810485;0,7302789329298054;0,005683011610465503;0;0
576832;351,008;-27,0;-1;-1;32080;530;1836;230401;33675;247277;2265;11936;18092;0,27746249567036835;0;0;0,5466047741837549;0,15539190000426414;0;0,02054083014161267;0;0
578332;351,279;-28,0;-1;-1;32514;530;1836;231232;33879;247277;2296;11936;18092;0,2800770813393181;0;0;0,5442735452878149;0,15539094884296473;0;0,020258424529902286;0;0
579832;351,473;-29,0;-1;-1;32933;530;1836;232036;34133;247277;2319;11936;18092;0,14901851756610981;0;0;0,28912830498467357;0,08357603014629938;0;0,010562363781470208;0;0,46771478352144696
581332;351,626;-27,0;-1;-1;33165;530;1836;232473;34263;247277;2334;11936;18778;0,15701925833357225;0;0;0,3020843111322225;0;0;0,010902010619156296;0;0,5299944199150488
582832;353,16;-32,0;-1;-1;33477;530;1836;233024;34263;247277;2351;11936;19398;0,07225607062872873;0;0;0,13657100071118428;0;0,6536921235666692;0,0049340785851879985;0;0,1325467265082299
584332;356,295;-29,0;-1;-1;33586;530;1836;233265;34263;248280;2357;11936;19539;0,08225330208778461;0;0;0,15647140429545348;0;0,7556024499230429;0,005672843693718996;0;0
585832;356,403;-34,0;-1;-1;33706;530;1836;233507;34263;249409;2366;11936;19539;0,08257930195717952;0;0;0,1543621685291682;0;0,757472788916905;0,00558574059674731;0;0
587332;356,556;-32,0;-1;-1;33801;533;1840;233745;34265;250571;2380;11940;19541;0,07842257418467742;0;0;0,14659988634273158;0,042210383946948364;0,7274988410670103;0,005268314458632403;0;0
588832;356,665;-33,0;-1;-1;33900;533;1840;233946;34321;251705;2390;11940;19541;0,0810455694531536;0;0;0,15008713509828586;0;0,7635522531750841;0,005315042273476366;0;0
590332;356,858;-32,0;-1;-1;34007;533;1840;234170;34321;252869;2395;11940;19541;0,07550332803456122;0;0;0,13986129089560498;0;0,7249347813182769;0,004949260240425408;0;0,0547513395111315
591832;357,415;-27,0;-1;-1;34127;533;1840;234389;34321;253941;2396;11940;19629;0,08761196938559628;0;0;0;0;0,8395178320404002;0,005667611381093003;0;0,06720258719291049
593332;357,637;-34,0;-1;-1;34266;533;1840;234389;34321;255190;2409;11940;19728;0,08597478547714311;0;0;0;0;0,8366093569774862;0,011522944220447022;0;0,0658929133249237
594832;357,761;-31,0;-1;-1;34428;533;1840;234389;34321;256431;2419;11940;19815;0,08739499666254784;0;0;0;0;0,8341052367983308;0,011289596495809398;0;0,06721017004331192
596332;357,883;-33,0;-1;-1;34573;533;1840;234389;34321;257683;2442;11940;19895;0,08284800807728436;0;0;0;0,04196844552176734;0,8008665433899208;0,010622715659131782;0;0,06369428735189571
597832;358,016;-27,0;-1;-1;34713;533;1840;234389;34381;258872;2463;11940;19985;0,07466462171341351;0;0;0,13005629318356454;0;0,7250911164945331;0,00934393618523567;0;0,06084403242325322
599332;358,17;-33,0;-1;-1;34833;533;1840;234574;34381;259957;2480;11940;20078;0,07988268645739119;0;0;0,13851028989831665;0;0,7718258144846258;0,00978120915966646;0;0
600832;359,393;-32,0;-1;-1;34953;533;1840;234775;34381;261117;2499;11940;20078;0,07950541615261328;0;0;0,13837179192703544;0;0,7724089979025679;0,009713794017783453;0;0
602332;359,595;-30,0;-1;-1;35072;533;1840;234991;34381;262267;2514;11940;20078;0,07817422872408798;0;0;0,13615702685775105;0;0,776158876611339;0,009509867806821965;0;0
603832;360,148;-44,0;-1;-1;35204;536;1847;235213;34384;263409;2527;11942;20081;0,07473276813750178;0;0;0,13792959127128437;0;0,7778785811263395;0,009459059464874341;0;0
605332;360,32;-44,0;-1;-1;35313;536;1847;235400;34384;264599;2541;11942;20081;0,07040546618866036;0;0;0,12999663793170088;0;0,7316296648625382;0,008874720103988952;0;0,059093510913111484
606832;360,475;-44,0;-1;-1;35436;536;1847;235611;34384;265670;2561;11942;20156;0,07211443649254996;0;0;0,13324078014440435;0,03722633175248361;0,7483959403885215;0,009022511222040583;0;0
608332;360,649;-44,0;-1;-1;35564;536;1847;235791;34437;266797;2573;11942;20156;0,08334740444304348;0;0;0;0,0430672733584023;0,8631869368243669;0,010398385374187337;0;0
609832;360,863;-44,0;-1;-1;35695;536;1847;235791;34497;268090;2589;11942;20156;0,08352912083241046;0;0;0;0,04321638475993989;0,8628823513944935;0,010372143013156213;0;0
611332;361,168;-44,0;-1;-1;35827;536;1847;235791;34571;269370;2603;11942;20156;0,08381711578626604;0;0;0;0,04340075554973911;0,8624038294423344;0,010378299221660475;0;0
612832;361,819;-44,0;-1;-1;35967;536;1847;235791;34626;270658;2620;11942;20156;0,08379779139912609;0;0;0;0,043962105013898155;0,861788247162375;0,010451856424600727;0;0
614332;361,947;-44,0;-1;-1;36093;536;1847;235791;34694;271953;2631;11942;20156;0,06824245316639306;0;0;0,12824668327376926;0,03583597222560889;0,7008132942060386;0,008489801634491964;0;0,05837179549369832
615832;362,32;-44,0;-1;-1;36193;536;1847;235985;34742;273013;2640;11942;20245;0,07111932454804716;0;0;0,13365547186425586;0;0,7258454295699234;0,008836331436847696;0;0,06054344258092594
617332;362,912;-44,0;-1;-1;36295;536;1847;236192;34742;274122;2651;11942;20316;0;0;0;0,14525438641684732;0;0,7796493570026113;0,009589318883479858;0;0,0655069376970614
618832;416,452;-44,0;-1;-1;36295;536;1847;236477;34742;275167;2671;11942;20466;0;0;0;0,28397010372642967;0;0,5593361220733558;0,02222557272054695;0;0,13446820147966754
620332;458,814;-44,0;-1;-1;36300;540;1851;237024;34744;275842;2717;11944;20706;0;0;0;0,3655435051926042;0;0,42302763084776607;0,03216177051485242;0;0,17926709344477734
621832;459,172;-44,0;-1;-1;36300;540;1851;237593;34744;276465;2764;11944;20967;0;0;0;0,3281877437060542;0,10666866677697484;0,37964960139260145;0,028499515473692102;0;0,1569944726506773
623332;459,385;-44,0;-1;-1;36300;540;1851;238074;34908;277059;2798;11944;21194;0,2194238562484303;0;0;0;0,12420580517727632;0,4417682577568006;0,03282779123503281;0;0,1817742895824598
624832;460,073;-44,0;-1;-1;36625;540;1851;238074;35097;277735;2852;11944;21450;0,254636586885415;0;0;0;0;0,5131453032043591;0,03711261025700273;0;0,19510549965322305
626332;462,351;-44,0;-1;-1;36999;540;1851;238074;35097;278522;2918;11944;21723;0,2721339999470673;0;0;0;0;0,5490184131250863;0,03922258722401688;0;0,13962499970382974
627832;462,584;-44,0;-1;-1;37407;540;1851;238074;35097;279335;2973;11944;21947;0,2702679730260843;0;0;0;0;0,5513314760786043;0,03872261378738654;0;0,1396779371079248
629332;463,17;-44,0;-1;-1;37810;540;1851;238074;35097;280149;3037;11944;22166;0,18145900276950477;0;0;0,3269449844790585;0;0,3759035980252251;0,024143129268754258;0;0,09154928545745741
630832;463,552;-44,0;-1;-1;38101;540;1851;238528;35097;280736;3080;11944;22291;0,1773720373773877;0;0;0,32205457986308694;0,10571065371817936;0,37153866293570814;0,023324066105637715;0;0
632332;463,715;-44,0;-1;-1;38348;540;1851;239038;35275;281265;3116;11944;22291;0;0;0;0,3914726283934921;0,1284132521595924;0,45202976146543905;0,02808435798147624;0;0
633832;464,661;-44,0;-1;-1;38348;540;1851;239641;35459;281934;3160;11944;22291;0;0;0;0,3936503472609354;0,12368072352301314;0,4546623524772979;0,02800657673875349;0;0
635332;465,638;-44,0;-1;-1;38348;540;1851;240219;35649;282619;3207;11944;22291;0;0;0;0,39584232978458483;0,11892579711620042;0,4573221295426253;0,027909743556589307;0;0
636832;466,485;-44,0;-1;-1;38349;542;1857;240862;35832;283262;3247;11946;22296;0;0;0;0,35718550856780434;0,10380520466732099;0,4126887678053357;0,02499681076576675;0;0,1013237081937723
638332;466,772;-44,0;-1;-1;38349;542;1857;241378;35992;283900;3284;11946;22445;0,2360821005686035;0;0;0;0,1237861682327427;0,49174533156060335;0,02953640172577397;0;0,11884999791227654
639832;467,219;-44,0;-1;-1;38701;542;1857;241378;36163;284651;3326;11946;22629;0,2659450956169696;0;0;0;0,14105360971053857;0,5597085867568384;0,03329270791565316;0;0
641332;467,404;-44,0;-1;-1;39083;542;1857;241378;36394;285483;3381;11946;22629;0,26556236032978525;0;0;0;0,14124285699095165;0,5603443063626443;0,03285047631661861;0;0
642832;467,609;-44,0;-1;-1;39486;542;1857;241378;36595;286335;3425;11946;22629;0,2649389487794155;0;0;0;0,14152081526159596;0,5612939744301474;0,03224626152884106;0;0
644332;467,763;-44,0;-1;-1;39887;542;1857;241378;36826;287160;3468;11946;22629;0,17748817444363074;0;0;0,32853469660246215;0,09514019552540526;0,3773976108836346;0,021439322544867394;0;0
645832;467,962;-44,0;-1;-1;40143;542;1857;241848;36970;287754;3504;11946;22629;0,23229936193561332;0;0;0;0,12472778660904771;0,4948225048488606;0,027848172102539332;0;0,12030217450393892
647332;468,175;-44,0;-1;-1;40518;542;1857;241848;37156;288476;3540;11946;22810;0,26511674680383196;0;0;0;0;0,5666668125317972;0,031479654177300885;0;0,13673678648706986
648832;473,446;-44,0;-1;-1;40925;542;1857;241848;37156;289308;3599;11946;23012;0,2713856535352581;0;0;0;0;0,5544552652660165;0,03246694997914518;0;0,14169213121958013
650332;473,941;-44,0;-1;-1;41334;542;1857;241848;37156;290162;3646;11946;23202;0,2729085832362829;0;0;0;0;0,5587163563675573;0,032182541652225796;0;0,136192518743934
651832;474,536;-44,0;-1;-1;41733;542;1857;241848;37156;291008;3697;11946;23406;0,27298777908087474;0;0;0;0;0,5587349260337001;0,031832713146141854;0;0,13644458173928312
653332;486,252;-44,0;-1;-1;42140;544;1862;241850;37156;291954;3748;11946;23517;0,1731943204519372;0;0;0,3292532351453117;0,09795617655164429;0,35465703894374073;0,020867800586780567;0;0,024071428320585633
654832;487,347;-44,0;-1;-1;42397;544;1862;242350;37299;292486;3780;11946;23553;0;0;0;0,3993074313206599;0,11915500721236114;0,4269570094202767;0,02524586797592084;0;0,02933468407078146
656332;487,48;-44,0;-1;-1;42397;544;1862;242948;37470;293132;3814;11946;23604;0;0;0;0,6968784252061582;0,20813829279909926;0;0,04371276245191914;0;0,051270519542823474
657832;487,616;-44,0;-1;-1;42397;544;1862;243982;37800;293132;3877;11946;23677;0;0;0;0,697065977340323;0,20839581177050454;0;0,04313735546401329;0;0,051400855425158994
659332;487,761;-44,0;-1;-1;42397;544;1862;245054;38083;293132;3939;11946;23760;0;0;0;0,6972610529599172;0,20871791083601285;0;0,042530727469743415;0;0,051490308734326654
660832;487,933;-44,0;-1;-1;42397;544;1862;246127;38363;293132;4004;11946;23842;0,27039059006280264;0;0;0,5089142117290922;0,15254341990755785;0;0,03058377855138187;0;0,03756799974916534
662332;488,165;-44,0;-1;-1;42773;544;1862;246916;38614;293132;4039;11946;23891;0,259359230803366;0;0;0;0,14640366874087538;0,5288105895105121;0,029216396081937115;0;0,036210114863309426
663832;488,434;-44,0;-1;-1;43161;544;1862;246916;38830;293939;4080;11946;23939;0,26674246291957404;0;0;0;0,1525163044786857;0,5507196435759016;0,030021589025838683;0;0
665332;1599,886;-44,0;-1;-1;43459;544;1862;246916;39217;294708;4126;11946;23939;0,13216745651524378;0;0;0;0,3562116744025481;0,5116208690822082;0;0;0
666332;1600,072;-44,0;-1;-1;43602;544;1862;246916;39552;295230;4126;11946;23939;0,1321783616789082;0;0;0;0,3561876904464793;0,5116339478746124;0;0;0
667332;1600,159;-44,0;-1;-1;43727;544;1862;246916;39899;295758;4126;11946;23939;0,04274824339178044;0;0;0,6766054014220163;0,11518015377559368;0,1654662014106095;0;0;0
668832;1614,094;-44,0;-1;-1;43794;547;1864;247921;40087;296013;4129;11951;23943;0;0;0;0,553467780885034;0,10514084877151371;0,15375655293245077;0;0;0,18763481741100138
670332;1614,278;-44,0;-1;-1;43794;547;1864;248725;40252;296261;4129;11951;24226;0;0;0;0,5513382503697332;0,1048172744254795;0,15329349738331066;0,003705681160746337;0;0,18684529666073035
671503;1614,508;-44,0;-1;-1;43794;547;1864;249355;40376;296432;4131;11951;24470;0;0;0;0;0,23406832776039335;0,34233785383369303;0,008276057446564388;0;0,4153177609593492
672453;1614,627;-44,0;-1;-1;43794;547;1864;249355;40612;296744;4144;11951;24859;0;0;0;0;0,23616132029935433;0,34543254114109606;0;0;0,41840613855954956
673453;1614,905;-44,0;-1;-1;43794;547;1864;249355;40860;297091;4144;11951;25264;0,0819741644659643;0;0;0;0,21740133206783316;0,31801721554571993;0;0;0,3826072879204826
674953;1615,123;-44,0;-1;-1;43920;547;1864;249355;41195;297531;4144;11951;25863;0,0820714287057245;0;0;0;0,21760434570895834;0,3183970012335192;0;0;0,38192722435179804
676453;1615,473;-44,0;-1;-1;44050;547;1864;249355;41521;298029;4144;11951;26409;0;0;0;0,5551845164502378;0,105519663853775;0,15442001264870664;0;0;0,18487580704728057
677953;1616,57;-44,0;-1;-1;44050;547;1864;250196;41657;298272;4144;11951;26689;0;0;0;0,5566967930014217;0,10588454474481593;0,15496128039189927;0,003748861304689046;0;0,1787085205571741
679135;1616,702;-44,0;-1;-1;44050;547;1864;250844;41776;298442;4149;11951;26929;0;0;0;0;0,23895186026602852;0,34972022265890246;0,008460732571168531;0;0,4028671845039006
680094;1616,852;-44,0;-1;-1;44050;547;1864;250844;42020;298780;4159;11951;27296;0;0;0;0;0,2412401910405426;0,3531077424150014;0;0;0,40565206654445596
681094;1618,54;-44,0;-1;-1;44050;547;1864;250844;42239;299142;4159;11951;27715;0,08529234375004083;0;0;0;0,22594636271747273;0,3307399487892056;0;0;0,35802134474328084
682594;1625,332;-44,0;-1;-1;44177;548;1865;250845;42567;299647;4162;11954;28264;0,08524093491065429;0;0;0;0,22580825546011285;0,3303115203669295;0;0;0,3586392892623034
684094;1631,332;-44,0;-1;-1;44330;548;1865;250845;42873;300159;4162;11954;28793;0;0;0;0,5684227232509204;0,10349693877158865;0,15762579216074818;0;0;0,17045454581674274
685594;1631,707;-44,0;-1;-1;44330;548;1865;251685;43025;300407;4162;11954;29053;0;0;0;0,5657405744149976;0,10321871172099531;0,15727964645494305;0,003835161070278433;0;0,16992590633878574
686779;1632,022;-44,0;-1;-1;44330;548;1865;252385;43130;300594;4165;11954;29243;0;0;0;0,6709276843127445;0,12264159986784408;0;0,004558893068633626;0;0,2018718227507778
687861;1632,307;-44,0;-1;-1;44330;548;1865;253106;43277;300594;4169;11954;29453;0;0;0;0,673632156988385;0,12337440716091838;0;0;0;0,2029934358506966
688861;1632,554;-44,0;-1;-1;44330;548;1865;253784;43407;300594;4169;11954;29645;0,04638938290425365;0;0;0,6420556063680241;0,11780292813002238;0;0;0;0,19375208259769985
690361;1633,08;-44,0;-1;-1;44396;548;1865;254715;43594;300594;4169;11954;29961;0,04651217202311192;0;0;0,6415136020674791;0,11802224971043007;0;0;0;0,1939519761989789
691861;1641,695;-44,0;-1;-1;44463;548;1865;255654;43774;300594;4169;11954;30275;0;0;0;0,542424270303715;0,10968380625558402;0,1677160428136085;0;0;0,18017588062709244
693361;1641,898;-44,0;-1;-1;44463;548;1865;256489;43952;300830;4169;11954;30526;0;0;0;0,5401703996781069;0,10925424797998318;0,16712183687340526;0,004081542498874455;0;0,17937197296963026
694550;1642,115;-44,0;-1;-1;44463;548;1865;257087;44089;301038;4170;11954;30771;0;0;0;0;0,23781333991403483;0,3638629581698646;0,00888688446885443;0;0,3894368174472462
695516;1642,33;-44,0;-1;-1;44463;548;1865;257087;44327;301366;4177;11954;31164;0;0;0;0;0,23998513224377918;0,3674443006457662;0;0;0,39257056711045457
696516;1642,585;-44,0;-1;-1;44465;550;1865;257087;44560;301742;4181;11955;31560;0,08679069589609727;0;0;0;0,21939549573784556;0,3361020114705661;0;0;0,3577117968954912
698016;1647,3;-44,0;-1;-1;44594;550;1865;257087;44905;302233;4181;11955;32095;0,08753042486551382;0;0;0;0,21606187043521635;0,33856805246577293;0;0;0,3578396522334969
699516;1647,525;-44,0;-1;-1;44731;550;1865;257087;45226;302734;4181;11955;32636;0;0;0;0,5456463089912433;0,1076770632400835;0,16874668911376697;0;0;0,17792993865490603
701016;1647,696;-44,0;-1;-1;44731;550;1865;257890;45417;302966;4181;11955;32910;0;0;0;0,5433157434156176;0,10727984145972524;0,1681396277087317;0,004114266977709446;0;0,177150520438216
702212;1647,847;-44,0;-1;-1;44731;550;1865;258515;45555;303164;4183;11955;33143;0;0;0;0;0,23503543966386897;0,3683879308745902;0,009014508936472996;0;0,387562120525068
703183;1648,265;-44,0;-1;-1;44731;550;1865;258515;45772;303519;4194;11955;33531;0;0;0;0;0,23823995169049253;0,37343700347691994;0;0;0,3883230448325875
704183;1648,451;-44,0;-1;-1;44731;550;1865;258515;46026;303893;4194;11955;33903;0,08817269868385048;0;0;0;0,21751726963735954;0,3409894786513778;0;0;0,35332055302741217
705683;1648,937;-44,0;-1;-1;44856;550;1865;258515;46354;304411;4194;11955;34432;0,08837159178274102;0;0;0;0,21796423861622446;0,3416883828446726;0;0;0,3519757867563618
707183;1649,558;-44,0;-1;-1;45015;550;1865;258515;46654;304903;4194;11955;34981;0;0;0;0,5490365603943281;0,10833701473952133;0,1699456163923303;0;0;0,17268080847382025
708683;1649,843;-44,0;-1;-1;45015;550;1865;259326;46816;305175;4194;11955;35236;0;0;0;0,5467173077014084;0,10786249032367227;0,16933894260555388;0,004146193408680806;0;0,17193506596068478
709889;1650,015;-44,0;-1;-1;45015;550;1865;260004;46954;305361;4198;11955;35436;0;0;0;0;0,237998126994109;0,3736613872126731;0,009149567057874118;0;0,3791909187353438
710868;1650,262;-44,0;-1;-1;45017;550;1868;260008;47201;305691;4213;11956;35833;0;0;0;0;0,24019149961505903;0,3774219720253219;0;0;0,38238652835961917
711868;1650,444;-44,0;-1;-1;45017;550;1868;260008;47431;306068;4213;11956;36226;0,08905530553757943;0;0;0;0,21906853233599602;0,3442596271439493;0;0;0,3476165349824751
713368;1650,696;-44,0;-1;-1;45134;550;1868;260008;47747;306607;4213;11956;36754;0,08914664559440205;0;0;0;0,21922332513990064;0,34460554653373193;0;0;0,3470244827319655
714868;1651,495;-44,0;-1;-1;45271;550;1868;260008;48070;307116;4213;11956;37285;0;0;0;0,550419420461909;0,10810708731908339;0,1705525644621663;0;0;0,17092092775684128
716368;1651,687;-44,0;-1;-1;45271;550;1868;260838;48224;307356;4213;11956;37561;0;0;0;0,5480602334155265;0,1076795001619014;0,16992908894037972;0,004162360302315252;0;0,17016881717987714
717584;1651,98;-44,0;-1;-1;45271;550;1868;261488;48356;307572;4216;11956;37776;0;0;0;0;0,23811039701713885;0,37619179729293517;0,009215122320483276;0;0,3764826833694427
718572;1652,203;-44,0;-1;-1;45271;550;1868;261488;48576;307952;4224;11956;38156;0;0;0;0;0,24031604223224404;0,379961558574364;0;0;0,3797223991933919
719572;1652,399;-44,0;-1;-1;45271;550;1868;261488;48806;308342;4224;11956;38536;0,08956549891985599;0;0;0;0,2188380363325959;0,346159378061955;0;0;0,3454370866855931
721072;1655,385;-44,0;-1;-1;45387;550;1868;261488;49160;308849;4224;11956;39059;0,08974915463170405;0;0;0;0,21922465448834427;0,34582819685370625;0;0;0,3451979940262454
722572;1655,64;-44,0;-1;-1;45520;550;1868;261488;49501;309387;4224;11956;39547;0;0;0;0,551402045065333;0,10807923646859391;0,17053630084119353;0;0;0,16998241762487967
724072;1655,794;-44,0;-1;-1;45520;550;1868;262342;49663;309647;4224;11956;39771;0;0;0;0,5489968584021602;0,10767092678709259;0,16990088573218165;0,004176855650088771;0;0,16925447342847677
725297;1655,936;-44,0;-1;-1;45521;553;1869;263033;49801;309855;4231;11960;39965;0;0;0;0,5512365845805679;0,10815458493042601;0,17068288146252777;0;0;0,16992594902647842
726797;1656,107;-44,0;-1;-1;45521;553;1869;263849;49972;310113;4231;11960;40220;0;0;0;0,5512022856033716;0,10820714243884966;0,17077701276026286;0;0;0,16981355919751584
728297;1656,578;-44,0;-1;-1;45521;553;1869;264670;50116;310360;4231;11960;40508;0,04253486682088578;0;0;0,5286056381456775;0,10383132767176842;0,16387796268500188;0;0;0,16115020467666638
729797;1657,669;-44,0;-1;-1;45586;553;1869;265477;50255;310609;4231;11960;40748;0,05093509989855816;0;0;0,6286003837324624;0,1242215669020789;0,19624294946690055;0;0;0
731297;1658,058;-44,0;-1;-1;45678;553;1869;266428;50426;310895;4231;11960;40748;0,050976355984121556;0;0;0,628472684247063;0,12415203127936451;0,19639892848945087;0;0;0
732797;1660,895;-44,0;-1;-1;45742;553;1869;267412;50589;311184;4231;11960;40748;0,05166040788655209;0;0;0,6186556689428907;0,12579937111052927;0,19898814698991718;0,004896405070110614;0;0
733822;1661,082;-44,0;-1;-1;45803;553;1869;268044;50704;311393;4239;11960;40748;0;0;0;0,6521494134058238;0,13272163936439813;0,20996233074583281;0,005166616483945333;0;0
734839;1668,214;-44,0;-1;-1;45803;553;1869;268709;50831;311611;4246;11960;40748;0;0;0;0,5435208212790893;0,11073329966589271;0,1738839721084524;0;0;0,1718619069465656
736339;1668,448;-44,0;-1;-1;45803;553;1869;269529;50988;311860;4246;11960;41022;0;0;0;0,5433540663032997;0,1108058651054925;0,17400842236065514;0;0;0,17183164623055255
737839;1669,93;-44,0;-1;-1;45803;553;1869;270363;51160;312111;4246;11960;41265;0;0;0;0,5435150678926407;0,11094936960083036;0,17403192159968311;0;0;0,17150364090684583
739339;1670,608;-44,0;-1;-1;45803;553;1869;271182;51309;312378;4246;11960;41530;0,04363222883040504;0;0;0,5197694600245233;0,10616742438590447;0,16644787419830828;0;0;0,1639830125608589
740839;1673,796;-44,0;-1;-1;45874;556;1870;271956;51471;312632;4250;11963;41787;0;0;0;0,540565244154436;0,11075498882462316;0,17343840996868945;0,004323854899893928;0;0,17091750215235732
742075;1673,926;-44,0;-1;-1;45874;556;1870;272615;51603;312848;4258;11963;42008;0;0;0;0,6539831953101117;0,1340493903551501;0;0,005233529926384181;0;0,20673388440835386
743208;1674,448;-44,0;-1;-1;45874;556;1870;273344;51746;312848;4266;11963;42261;0;0;0;0,6581340884973899;0,13472861107223433;0;0;0;0,20713730043037587
744208;1674,556;-44,0;-1;-1;45874;556;1870;274005;51904;312848;4266;11963;42442;0;0;0;0,7606512714603624;0;0;0;0;0,23934872853963748
745208;1674,811;-44,0;-1;-1;45874;556;1870;274748;51904;312848;4266;11963;42699;0;0;0;0,7615530607678284;0;0;0;0;0,23844693923217153
746208;1674,92;-44,0;-1;-1;45874;556;1870;275489;51904;312848;4266;11963;42958;0,04916330915957387;0;0;0,5816581821037438;0;0,18711065187919565;0;0;0,1820678568574868
747708;1675,152;-44,0;-1;-1;45935;556;1870;276368;51904;313144;4266;11963;43222;0,04898209607158818;0;0;0,5789389535996646;0;0,18641836195182515;0,004648007412351995;0;0,1810125809645702
748825;1675,388;-44,0;-1;-1;45996;556;1870;277010;51904;313337;4268;11963;43441;0,052265207607793525;0;0;0,617072983470703;0,1267871543380419;0,1989147601502098;0,004959894433251706;0;0
749858;1675,603;-44,0;-1;-1;46047;556;1870;277649;52042;313538;4272;11963;43441;0;0;0;0,6541729700793869;0,13461647790473763;0,21121055201587538;0;0;0
750858;1675,697;-44,0;-1;-1;46047;556;1870;278288;52203;313738;4272;11963;43441;0;0;0;0,6540831623894727;0,13464682036565573;0,2112700172448716;0;0;0
751858;1675,793;-44,0;-1;-1;46047;556;1870;278949;52342;313938;4272;11963;43441;0;0;0;0,6539868015805508;0,13468034238318588;0,21133285603626342;0;0;0
752858;1675,895;-44,0;-1;-1;46051;556;1872;2