Iteration;Time;QI-0;QI-1;QI-2;QI-3;QI-4;QI-5;QI-6;QI-7;QI-8;
2108;1,32;2;7;6;3;8;9;1;4;5
3608;12,972;1;1;4;1;2;5;1;1;3
5171;14,262;1;1;2;1;1;3;1;1;4
6171;14,331;1;1;3;1;1;2;1;1;1
7171;14,437;1;1;1;1;1;2;1;1;1
8715;14,76;6;1;3;1;1;2;5;4;1
10092;18,93;4;1;2;1;1;5;1;6;1
11592;19,357;4;1;1;1;1;5;1;3;1
13092;19,685;3;1;1;1;1;4;1;1;2
14626;19,828;4;1;1;1;1;3;1;1;2
16126;19,954;4;1;1;1;1;3;1;1;2
17626;20,18;5;1;1;3;1;2;6;1;4
18995;20,302;2;1;1;3;1;7;4;1;1
20495;21,344;4;1;1;1;3;2;5;1;1
22023;21,49;3;1;1;1;4;1;2;1;1
23523;21,647;1;1;1;1;2;4;3;1;1
25023;21,781;3;1;1;1;1;4;2;1;1
26523;21,913;1;1;1;1;1;2;1;3;4
28023;22,04;6;1;1;5;1;2;1;3;4
29337;22,169;6;1;1;2;1;4;1;3;5
30862;22,596;4;1;1;2;6;1;1;3;5
32362;22,82;5;1;1;2;6;1;4;3;1
33862;22,986;4;1;1;2;1;1;3;1;1
34862;23,263;1;1;1;3;1;1;1;2;1
35862;23,35;1;1;1;1;1;1;1;2;1
37362;23,477;1;1;1;2;1;4;1;3;1
38862;23,602;1;1;3;5;1;6;1;1;2
40158;24,779;1;1;5;2;1;3;6;1;4
41658;24,916;5;1;6;2;1;3;1;1;4
43158;25,034;5;1;1;2;1;3;1;1;4
44158;25,119;1;1;1;1;1;3;1;1;2
45658;25,345;1;1;1;1;1;4;1;2;3
47158;25,917;1;1;1;1;5;2;1;3;4
48658;26,1;1;1;1;1;3;5;4;1;2
50158;26,238;3;1;1;1;1;5;3;1;2
51179;26,627;2;1;1;1;1;3;1;1;1
52179;26,71;2;1;1;1;1;3;1;1;1
53679;26,864;3;1;1;1;1;4;1;1;2
55179;26,999;6;1;1;3;1;2;1;4;5
56679;27,163;4;1;1;6;1;5;1;2;3
58179;27,301;1;1;1;4;1;5;1;2;3
59679;27,488;1;1;1;2;1;4;1;3;1
61179;27,645;1;1;1;1;1;4;1;2;3
62679;27,786;1;1;1;1;1;4;1;2;3
64209;27,923;6;1;1;2;5;1;1;3;4
65709;28,325;4;1;1;2;5;1;6;3;1
67209;28,459;3;1;1;2;1;1;4;1;1
68709;28,587;4;1;1;3;1;1;1;2;1
70209;28,699;4;1;3;2;1;1;1;1;1
71709;28,802;1;1;1;3;1;2;1;4;1
73209;28,918;1;1;1;3;1;4;1;5;6
74709;29,037;1;1;1;2;1;5;1;1;3
76209;29,158;1;1;1;2;1;5;4;1;3
77709;29,291;4;1;1;1;1;2;1;1;3
79236;29,416;4;1;1;2;1;1;1;1;3
80736;29,545;1;1;1;3;1;4;1;1;1
82236;29,718;1;1;1;4;1;3;1;1;5
83736;29,897;1;1;1;3;1;5;1;1;2
85236;30,029;1;1;1;3;1;2;1;4;5
86736;30,167;4;1;1;2;1;5;1;1;3
88236;30,298;1;1;1;2;1;1;1;1;3
89736;30,458;1;1;1;2;1;3;1;1;4
91236;30,701;1;1;1;2;1;3;1;1;4
92736;31,035;1;1;1;5;6;4;1;1;1
94236;31,333;1;1;1;3;1;2;1;4;1
95773;31,611;4;1;1;2;1;3;1;1;1
97273;31,929;1;1;1;2;1;4;1;1;1
98273;32,136;1;1;1;1;1;3;1;2;1
99773;33,042;1;1;1;4;1;2;1;5;3
101273;33,293;1;1;1;4;1;6;1;5;3
102773;33,512;1;1;1;2;1;4;1;1;3
104273;33,804;1;1;1;4;1;2;1;3;5
105773;33,983;1;1;1;1;1;4;1;2;3
107273;34,198;1;1;1;4;1;3;1;1;2
108773;34,347;1;1;1;3;1;5;1;4;2
110273;34,645;1;1;1;3;1;5;1;4;1
111797;34,806;1;1;1;1;1;4;3;2;1
113297;34,944;4;1;1;2;1;5;1;3;1
114797;35,053;4;1;1;1;1;2;1;3;1
115797;35,128;1;1;1;2;1;3;1;1;1
117297;35,259;1;1;1;2;1;4;1;3;1
118797;35,394;1;1;1;2;1;3;1;4;5
120297;35,513;1;1;1;2;1;6;1;1;1
122297;35,788;1;1;1;4;1;7;1;5;6
123297;35,87;1;1;1;2;1;1;1;3;1
124297;35,958;1;1;1;2;1;3;1;1;1
125297;36,043;1;1;1;1;1;3;1;2;1
126318;36,427;1;1;1;2;1;1;1;3;1
127818;67,136;1;1;1;3;6;1;5;2;4
129818;67,287;7;1;1;3;5;1;6;2;4
131318;67,403;2;1;1;4;1;1;1;1;1
132318;67,483;3;1;1;1;1;1;1;1;2
133318;67,559;3;1;1;1;1;1;1;1;2
134818;67,662;3;1;1;1;1;4;1;1;2
136318;67,769;5;1;1;4;1;3;1;1;2
137818;67,888;2;1;1;4;1;5;3;1;1
139318;68,006;2;1;1;4;1;3;1;1;1
140318;68,079;1;1;1;2;1;3;1;1;1
141847;68,191;4;1;1;2;1;3;1;1;1
143347;68,298;3;1;1;4;1;2;1;1;1
145347;68,497;6;1;1;4;7;2;1;3;5
146847;68,733;6;1;1;4;1;1;1;3;5
147847;68,791;1;1;1;2;1;1;1;3;1
148847;68,844;1;1;1;2;1;1;1;1;1
149847;68,914;1;1;1;2;1;1;1;1;1
151347;69,023;1;1;1;2;1;4;1;3;1
152847;69,132;5;1;1;3;1;4;1;6;1
154347;69,245;1;1;1;4;1;5;1;3;6
155847;69,351;1;1;1;4;1;2;1;1;3
157370;69,459;1;1;1;4;1;3;1;1;2
158870;69,589;1;1;1;4;1;2;1;1;3
160370;69,704;1;1;1;2;1;4;1;3;5
161870;69,812;1;1;1;3;1;5;1;4;6
163370;69,925;1;1;1;1;1;4;1;2;3
164870;70,031;1;1;1;2;1;5;1;3;4
166370;70,133;1;1;1;1;1;3;1;2;4
167870;70,235;1;1;1;4;1;2;1;1;3
169370;70,337;1;1;1;2;1;4;1;3;5
170870;70,44;5;1;1;3;1;2;1;1;4
172370;70,551;5;1;1;3;1;4;1;1;1
173388;70,632;3;1;1;2;1;1;1;1;1
174388;70,708;3;1;1;2;1;1;1;1;1
175888;70,818;4;1;1;3;1;1;1;1;1
177388;70,939;1;1;1;5;1;2;1;1;1
178888;71,263;6;1;1;5;1;1;1;3;2
179888;71,319;1;1;1;3;1;1;1;1;2
180888;71,374;1;1;1;1;1;1;1;2;3
182388;71,454;1;1;1;2;1;1;1;3;4
183888;71,529;1;1;1;5;1;1;1;1;2
185388;71,603;4;1;1;6;1;2;1;1;3
186888;71,694;3;1;1;4;1;1;1;1;2
188413;71,779;4;1;1;3;1;2;1;1;1
189913;71,854;5;1;1;2;1;3;1;1;4
191413;71,934;1;1;1;4;1;5;1;1;1
193413;72,079;3;1;1;6;1;7;1;1;2
194913;72,189;2;1;1;3;1;4;1;1;1
196413;72,303;3;1;1;4;1;1;1;1;2
197913;72,41;2;1;1;3;1;4;1;1;1
199413;72,537;4;1;1;2;1;1;1;1;3
200913;72,67;4;1;1;2;1;5;1;1;3
202413;72,81;5;1;1;2;1;6;1;3;4
203913;72,948;1;1;1;3;1;4;1;1;2
205440;73,186;1;1;1;2;1;3;1;1;4
206940;73,306;1;1;1;1;1;3;1;2;4
208440;73,422;1;1;1;3;1;4;1;1;2
209940;73,542;6;1;1;2;1;4;1;3;5
211440;73,695;2;1;1;5;1;1;1;4;3
212940;73,801;5;1;1;2;1;1;1;3;4
213940;73,87;1;1;1;1;1;1;1;2;3
214940;73,945;1;1;1;3;1;1;1;1;2
215940;74,02;1;1;1;3;1;1;1;1;2
217440;164,138;1;1;1;2;1;4;1;1;3
218940;164,228;2;1;1;4;3;5;1;1;1
220471;164,313;1;1;1;3;2;4;1;1;1
221471;164,37;3;1;1;1;1;2;1;1;1
222971;164,485;3;1;1;1;1;2;4;1;1
224471;164,608;5;1;1;2;1;3;4;1;1
225971;164,722;4;1;1;3;1;2;1;1;1
227471;164,856;5;1;1;4;3;2;1;1;1
228971;164,979;1;1;1;3;2;4;1;1;1
229971;165,056;3;1;1;1;1;2;1;1;1
231471;165,173;3;1;1;1;1;4;2;1;1
232971;165,289;5;1;1;3;1;4;1;1;1
234471;165,394;4;1;1;2;1;1;1;1;3
236001;165,529;4;1;1;2;5;1;1;1;3
237501;165,86;4;1;1;3;2;1;1;1;1
238501;165,936;2;1;1;3;1;1;1;1;1
240001;166,067;4;1;1;1;1;1;3;1;2
241501;166,183;2;1;1;4;1;1;3;1;1
243001;166,425;6;1;1;2;1;3;5;1;4
244501;166,688;6;1;1;4;2;5;3;1;1
246001;166,809;2;1;1;5;3;1;4;1;1
247001;166,927;3;1;1;2;1;1;1;1;1
248001;167,091;3;1;1;2;1;1;1;1;1
249001;167,173;2;1;1;1;1;1;1;1;1
250018;167,268;2;1;1;1;1;1;1;1;3
251518;167,403;5;1;1;2;1;3;1;1;4
253018;167,524;3;1;1;5;1;1;1;1;2
254518;167,644;5;1;1;4;1;6;1;1;3
256018;167,766;3;1;1;2;1;1;1;1;4
257518;167,869;4;1;1;2;1;3;1;1;1
259018;168,655;3;1;1;1;1;2;1;1;4
260518;168,787;4;1;1;1;5;2;1;1;3
262018;168,99;4;1;1;1;5;3;1;1;1
263018;169,082;1;1;1;1;1;3;2;1;1
264018;169,195;2;1;1;1;1;1;3;1;1
265035;169,338;2;1;1;1;1;3;1;1;1
266035;169,449;3;1;1;2;1;1;1;1;1
267535;169,668;4;1;1;2;1;3;1;1;5
269035;169,825;4;1;1;2;1;3;1;1;5
270535;169,95;4;1;1;1;1;2;1;1;3
272035;176,133;3;1;1;5;1;1;4;1;2
273535;176,328;1;1;1;2;1;1;4;1;3
274535;176,399;2;1;1;1;1;1;1;1;3
276035;176,662;4;1;1;3;1;1;1;1;2
277535;176,803;3;1;1;1;4;1;1;1;2
279035;177,118;4;1;1;3;6;2;1;1;5
280562;177,519;2;1;1;3;1;4;1;1;5
282062;177,63;1;1;1;2;1;3;1;1;4
283562;179,569;3;1;1;2;1;4;1;1;1
285062;179,677;1;1;1;2;1;4;1;1;3
286562;179,788;1;1;1;3;5;2;1;1;4
288062;179,893;1;1;1;1;3;4;1;1;2
289562;180,002;1;1;1;1;1;4;2;1;3
291062;180,09;1;1;1;4;1;5;3;1;1
292062;180,244;1;1;1;1;1;2;1;1;1
293062;180,732;3;1;1;1;1;2;1;1;1
294562;181,823;2;1;1;1;3;4;1;1;1
296095;182,06;2;1;1;1;4;3;1;1;1
297595;182,324;3;1;1;1;1;2;4;1;5
299095;182,439;1;1;1;1;1;3;2;1;4
300095;182,518;2;1;1;1;1;1;1;1;3
301095;182,589;2;1;1;1;1;3;1;1;1
302595;182,838;2;1;1;1;3;4;1;1;1
304095;183,06;3;1;1;2;1;4;1;1;5
305595;183,175;1;1;1;2;1;3;5;1;4
307095;183,281;1;1;1;3;1;4;2;1;1
308095;183,357;1;1;1;2;1;1;1;1;3
309095;183,428;1;1;1;2;1;1;1;1;3
310628;183,544;1;1;1;4;2;3;1;1;1
312128;183,694;5;1;1;2;4;1;1;1;3
313628;183,808;2;1;1;1;1;1;3;1;4
315128;183,937;4;1;1;1;1;1;3;1;2
316128;184,027;2;1;1;1;1;1;1;1;3
317128;184,169;1;1;1;2;1;1;1;1;3
318628;184,489;2;1;1;1;4;5;1;1;3
320128;184,906;1;1;1;1;4;2;1;1;3
321628;191,417;2;1;1;1;1;3;4;1;1
323128;191,61;1;1;1;1;1;3;4;1;2
324628;191,919;2;1;1;1;1;4;3;1;1
326149;192,045;4;1;1;1;1;3;1;1;2
327649;192,178;5;1;1;3;2;4;1;1;1
329149;192,31;1;1;1;2;3;4;1;1;1
330149;192,426;3;1;1;1;1;2;1;1;1
331649;192,545;3;1;1;2;1;4;1;1;1
333149;192,729;4;1;1;1;1;3;2;1;1
334649;192,859;1;1;1;2;1;3;1;1;4
336149;193,052;3;1;1;2;5;4;1;1;1
337649;193,248;2;1;1;1;4;3;1;1;1
338649;193,417;2;1;1;1;1;3;1;1;1
340149;193,651;1;1;1;2;1;3;4;1;1
341688;193,78;4;1;1;1;1;2;3;1;1
343188;193,999;1;1;1;2;1;4;1;1;3
344688;195,978;2;1;1;1;5;3;1;1;4
346188;196,111;2;1;1;1;4;3;1;1;1
347188;196,264;3;1;1;1;1;2;1;1;1
348688;196,429;3;1;1;1;1;4;1;1;2
350188;196,809;2;1;1;1;1;1;3;1;4
351688;196,957;2;1;1;3;1;4;1;1;1
353188;197,218;4;1;1;2;5;3;1;1;1
354688;197,404;2;1;1;1;4;3;1;1;1
355688;197,605;3;1;1;1;1;2;1;1;1
357221;197,722;3;1;1;1;1;2;4;1;1
358721;197,859;1;1;1;2;1;4;3;1;1
36022