Iteration;Time;QI-0;QI-1;QI-2;QI-3;QI-4;QI-5;QI-6;QI-7;QI-8;
2069;1,011;5;4;2;6;9;8;1;3;7
3569;1,286;4;1;1;2;3;1;1;1;5
4590;1,496;2;1;1;1;3;1;1;1;1
5590;1,708;1;1;1;3;2;1;1;1;1
6590;1,82;1;1;1;2;3;1;1;1;1
8638;2,676;4;2;6;7;5;1;1;3;1
10638;3,574;3;1;4;2;1;7;1;6;5
12138;19,916;3;1;4;1;1;1;1;1;2
13138;20,024;1;1;2;1;1;1;1;1;3
14156;20,144;2;1;1;1;1;1;1;1;1
15156;20,278;1;1;2;1;1;1;1;1;1
17156;20,442;2;1;4;6;7;1;5;3;1
18656;20,699;1;1;4;2;3;1;6;5;1
20156;20,928;1;1;2;1;3;1;5;4;6
21689;21,07;1;1;3;1;1;1;4;2;5
22689;21,192;1;1;3;1;1;1;2;1;1
24189;22,309;2;1;3;1;1;1;4;1;1
25189;23,004;2;1;3;1;1;1;1;1;1
26689;24,029;3;2;4;6;1;1;1;5;1
28689;24,213;3;1;7;5;2;1;1;6;4
30221;26,029;4;1;3;5;1;1;1;2;1
31721;26,161;2;1;4;1;1;1;5;3;1
33221;28,694;3;1;2;1;1;1;1;4;1
34221;29,087;2;1;1;1;1;1;1;3;1
35721;29,473;2;4;3;1;1;1;1;1;1
37721;29,783;7;6;5;1;3;1;1;4;1
39221;29,91;1;1;5;2;3;1;1;4;1
40752;30,049;1;1;3;5;2;1;4;1;1
42252;30,179;1;1;2;4;3;1;1;1;1
43252;30,264;1;1;1;3;2;1;1;1;1
44752;30,453;1;1;4;3;2;1;1;1;1
46252;30,585;5;1;6;3;4;1;1;1;1
47752;30,705;3;1;1;4;5;1;1;2;1
49252;30,823;5;1;1;6;3;1;1;4;1
50752;30,935;1;1;1;2;3;1;1;4;1
52279;31,052;4;1;1;2;1;1;1;3;1
53779;31,159;1;1;1;3;4;1;1;5;1
55279;31,266;1;1;1;4;3;1;1;1;1
56779;31,376;1;1;1;4;5;1;1;1;1
58279;31,483;1;1;1;6;1;1;1;2;1
59779;31,596;1;1;2;4;5;1;1;1;1
61279;31,727;3;1;4;5;1;1;1;2;1
62779;31,838;4;1;3;5;1;1;1;1;1
63779;31,91;3;1;1;2;1;1;1;1;1
65303;32,023;4;1;1;3;1;1;1;1;2
66803;32,125;1;1;2;5;1;1;1;1;1
68303;32,35;5;1;2;3;4;1;1;1;1
69803;32,467;3;1;2;4;5;1;1;1;1
71303;32,577;3;1;4;2;1;1;1;1;1
72803;32,686;5;1;1;3;4;1;1;1;1
74303;33,035;4;1;1;3;2;1;1;1;1
75803;33,169;5;1;1;3;4;1;1;1;1
76803;33,268;1;1;1;2;3;1;1;1;1
78303;33,388;4;1;1;2;3;1;1;1;1
79839;33,528;4;1;5;1;2;1;1;3;1
81339;33,654;4;1;3;1;2;1;1;1;1
82839;33,811;5;1;4;1;2;1;1;3;1
84339;33,981;6;1;5;1;4;1;1;3;1
85839;34,109;4;1;3;1;1;1;1;2;1
87339;34,227;5;1;4;2;3;1;1;1;1
88839;34,372;4;1;3;1;2;1;1;1;1
90339;35,013;4;1;3;1;2;1;1;1;1
91839;35,24;4;1;5;2;3;1;1;1;1
93339;35,371;4;1;3;1;2;1;1;1;1
94839;35,46;2;1;3;5;6;1;1;1;1
96364;35,581;3;1;2;1;4;1;1;1;1
97864;35,699;2;1;3;1;4;1;1;1;1
99364;35,832;4;1;2;3;1;1;1;1;1
100864;36,097;4;1;1;2;3;1;1;1;1
102364;36,993;5;1;1;4;3;1;1;1;1
103864;37,166;4;1;1;1;2;1;1;3;1
105364;37,3;4;1;1;1;2;1;1;3;1
106864;37,479;5;1;1;3;2;1;1;4;1
108364;37,607;3;1;1;1;2;1;1;4;1
109864;39,284;4;1;5;2;1;1;1;3;1
111364;39,387;4;1;3;1;1;1;1;2;1
112897;39,735;4;1;3;2;1;1;1;1;1
114397;39,838;5;1;1;4;1;1;1;2;1
115897;39,967;3;1;5;2;1;1;1;4;1
117397;40,153;4;1;3;2;1;1;1;5;1
118897;40,293;3;1;2;1;1;1;1;4;1
120397;40,484;4;1;2;1;1;1;1;3;1
121897;40,628;3;1;4;2;1;1;1;1;1
123397;40,735;5;1;2;4;1;1;1;1;1
124897;40,866;5;1;3;2;1;1;1;4;1
126397;40,989;5;1;4;2;1;1;1;3;1
127897;41,555;4;1;2;1;1;1;1;3;1
129424;41,682;2;1;4;1;1;1;1;3;1
130924;41,817;4;1;2;1;1;1;1;3;1
132424;41,936;5;1;4;2;1;1;1;3;1
133924;42,048;4;1;3;2;1;1;1;1;1
135424;42,16;4;1;1;3;1;1;1;2;1
136924;42,291;3;1;4;2;1;1;1;5;1
138424;42,405;3;1;4;1;1;1;1;2;1
139924;42,524;4;1;3;1;1;1;1;2;1
141424;42,643;3;1;4;2;1;1;1;5;1
142924;42,752;4;1;2;1;1;1;1;3;1
144424;42,863;4;1;2;3;1;1;1;1;1
145957;42,999;1;1;4;2;1;1;1;3;1
147457;43,129;2;1;4;1;1;1;1;3;1
148957;43,456;1;1;3;5;4;1;1;2;1
150457;43,916;1;1;4;2;1;1;1;3;1
151957;44,082;1;1;5;3;2;1;1;4;1
153457;44,217;1;1;2;4;3;1;1;1;1
154957;46,021;1;1;2;3;4;1;1;1;1
156457;46,314;4;1;1;2;3;1;1;5;1
157957;46,448;3;1;1;2;1;1;1;4;1
159457;46,569;4;1;1;3;2;1;1;1;1
160957;46,689;4;1;1;1;2;1;1;3;1
162489;46,842;2;1;1;1;4;1;1;3;1
163989;46,963;4;1;6;3;2;1;1;5;1
165489;47,102;4;1;3;1;5;1;1;2;1
166989;47,255;2;1;3;1;1;1;1;4;1
168489;47,438;2;1;4;1;1;1;1;3;1
169989;47,598;1;1;4;1;2;1;1;3;1
171489;53,447;2;1;3;1;1;1;1;4;1
172989;53,645;3;1;4;2;1;1;1;5;1
174489;53,754;2;1;3;4;1;1;1;1;1
175989;53,92;2;1;3;1;1;1;1;4;1
177489;60,976;3;1;2;1;1;1;1;4;1
179019;72,866;2;1;4;1;1;1;1;3;1
180519;73,025;4;1;3;1;5;1;1;2;1
182019;73,185;1;1;3;1;4;1;1;2;1
183519;73,347;4;1;2;1;3;1;1;1;1
185019;73,645;2;1;4;1;1;1;1;3;1
186519;73,906;4;1;3;1;1;1;1;2;1
188019;74,098;5;1;1;2;3;1;1;4;1
189519;74,522;4;1;1;2;3;1;1;1;1
191019;74,699;2;1;1;4;1;1;1;3;1
192519;74,993;1;1;1;2;4;1;1;3;1
194019;75,893;1;1;1;3;4;1;1;2;1
195546;76,686;4;1;5;3;1;1;1;2;1
197046;76,82;4;1;3;2;1;1;1;1;1
198546;77,068;2;1;4;1;1;1;1;3;1
200046;77,305;1;1;4;2;1;1;1;3;1
201546;83,098;3;1;2;1;1;1;1;4;1
203046;83,61;2;1;5;4;1;1;1;3;1
204546;83,831;1;1;2;3;1;1;1;4;1
206046;84,826;2;1;3;1;1;1;1;4;1
207546;99,45;2;1;3;1;1;1;1;4;1
209046;99,668;2;1;1;3;1;1;1;4;1
210546;99,917;4;1;1;3;1;1;1;2;1
212083;101,14;5;1;1;4;2;1;1;3;1
213583;104,581;3;1;1;1;2;1;1;4;1
215083;104,862;4;1;1;1;3;1;1;2;1
216583;105,085;3;1;1;4;2;1;1;1;1
218083;105,184;3;1;1;2;1;1;1;4;1
219583;105,412;4;1;5;1;3;1;1;2;1
221083;108,71;3;1;4;1;1;1;1;2;1
222583;108,999;2;1;3;1;4;1;1;1;1
224083;158,814;3;1;1;1;2;1;1;4;1
225083;158,901;2;1;1;1;3;1;1;1;1
226583;159,089;4;1;1;3;2;1;1;1;1
228109;159,601;2;1;1;1;4;1;1;3;1
229609;159,861;3;1;1;4;2;1;1;1;1
231109;189,394;4;1;5;3;1;1;1;2;1
232609;292,035;2;1;3;1;1;1;1;4;1
234109;292,419;1;1;4;2;1;1;1;3;1
235609;292,737;2;1;1;4;1;1;1;3;1
237109;292,86;3;1;2;4;1;1;1;1;1
238609;293,24;2;1;5;1;3;1;1;4;1
240109;293,579;1;1;4;1;2;1;1;3;1
241609;293,836;1;1;4;1;2;1;1;3;1
243109;294,156;2;1;3;1;1;1;1;4;1
244638;294,544;2;1;4;1;1;1;1;3;1
246138;294,727;3;1;1;5;2;1;1;4;1
247638;294,915;1;1;1;3;2;1;1;4;1
249138;295,155;3;1;1;2;4;1;1;1;1
250638;295,46;3;1;1;2;4;1;1;1;1
252138;474,532;1;1;1;3;2;1;1;4;1
253638;474,871;5;1;4;3;2;1;1;1;1
255138;475,57;1;1;3;4;2;1;1;1;1
256638;475,725;2;1;1;3;4;1;1;1;1
258138;476,077;3;1;4;1;2;1;1;1;1
259638;476,281;1;1;4;2;3;1;1;1;1
261165;476,569;2;1;1;5;3;1;1;4;1
262665;478,934;2;1;1;3;4;1;1;1;1
264165;604,133;4;1;1;3;2;1;1;1;1
265665;604,739;3;1;1;1;2;1;1;4;1
267165;605,235;3;1;1;1;4;1;1;2;1
268665;612,909;3;1;2;1;5;1;1;4;1
270165;613,277;2;1;1;1;4;1;1;3;1
271665;613,999;2;1;3;1;1;1;1;4;1
273165;614,52;2;1;1;1;3;1;1;4;1
274665;615,034;1;1;2;1;3;1;1;4;1
276165;618,417;2;1;1;4;3;1;1;5;1
277693;648,223;1;1;1;2;3;1;1;4;1
279193;650,168;1;1;1;2;4;1;1;3;1
280693;650,798;1;1;1;3;2;1;1;4;1
282193;654,712;2;1;1;1;3;1;1;4;1
283693;655,651;5;1;3;1;4;1;1;2;1
285193;656,055;1;1;3;1;4;1;1;2;1
286693;657,215;3;1;4;1;2;1;1;1;1
288193;657,613;3;1;2;1;4;1;1;1;1
289693;657,9;2;1;3;1;1;1;1;4;1
291193;658,439;1;1;3;4;2;1;1;5;1
292693;659,985;1;1;3;1;2;1;1;4;1
294224;661,79;1;1;1;3;4;1;1;2;1
295724;661,908;1;1;2;1;4;1;1;3;1
297224;662,023;1;1;3;2;4;1;1;1;1
298724;662,165;2;1;5;3;4;1;1;1;1
300224;662,324;3;1;1;2;4;1;1;1;1
301724;664,283;2;1;1;4;3;1;1;1;1
303224;664,433;1;1;2;3;4;1;1;1;1
304724;664,633;1;1;2;4;3;1;1;1;1
306224;751,734;3;1;4;5;2;1;1;1;1
307724;755,436;2;1;3;1;4;1;1;1;1
309224;756,596;3;1;4;1;2;1;1;1;1
310752;756,893;3;1;1;4;2;1;1;1;1
312252;757,032;3;1;1;2;4;1;1;1;1
313752;757,552;3;1;1;2;4;1;1;1;1
315252;761,579;5;1;2;4;3;1;1;1;1
316752;761,799;3;1;1;2;4;1;1;1;1
318252;792,92;2;1;3;1;4;1;1;1;1
319752;810,683;3;1;4;2;1;1;1;1;1
321252;814,167;3;1;1;4;2;1;1;1;1
322752;821,54;2;1;1;4;3;1;1;1;1
324252;824,931;4;1;3;2;1;1;1;1;1
325752;825,559;4;1;5;1;3;1;1;2;1
327282;840,7;3;1;1;1;2;1;1;4;1
328782;925,377;3;1;1;1;4;1;1;2;1
330282;938,109;4;1;2;1;3;1;1;1;1
331782;941,329;3;1;2;1;4;1;1;1;1
333282;944,268;4;1;5;2;3;1;1;1;1
334782;963,001;4;1;3;2;1;1;1;1;1
336282;964,763;2;1;1;3;4;1;1;1;1
337782;967,558;2;1;1;4;3;1;1;1;1
339282;973,866;4;1;2;1;3;1;1;1;1
340782;974,313;2;1;5;3;4;1;1;1;1
342282;974,639;1;1;4;2;3;1;1;1;1
343806;976,066;4;1;1;3;2;1;1;1;1
345306;976,469;2;1;1;4;3;1;1;1;1
346806;976,775;1;1;2;4;3;1;1;1;1
348306;977,435;2;1;1;3;4;1;1;1;1
349806;977,733;2;1;1;4;3;1;1;5;1
351306;978,067;2;1;1;1;3;1;1;4;1
352806;978,428;3;1;1;4;1;1;1;2;1
354306;978,635;4;1;1;1;2;1;1;3;1
355806;979,492;4;1;1;3;2;1;1;1;1
357306;979,672;2;1;1;5;4;1;1;3;1
358806;980,391;2;1;1;4;3;1;1;1;1
360334;980,785;3;1;1;4;1;1;1;2;1
361834;981,039;2;1;1;4;1;1;1;3;1
363334;981,236;1;1;1;4;2;1;1;3;1
364834;981,451;4;1;1;1;3;1;1;2;1
366334;982,116;1;1;2;3;5;1;1;4;1
367834;982,274;1;1;1;2;4;1;1;3;1
369334;982,451;1;1;1;2;4;1;1;3;1
370834;982,956;1;1;1;2;3;1;1;4;1
372334;983,102;1;1;2;1;4;1;1;3;1
373834;983,27;1;1;2;3;4;1;1;5;1
375334;984,905;1;1;1;2;3;1;1;4;1
376861;985,115;1;1;1;3;2;1;1;4;1
378361;985,23;1;1;4;2;3;1;1;1;1
379861;985,342;1;1;1;2;4;1;1;3;1
381361;985,46;1;1;1;2;3;1;1;4;1
382861;985,733;3;1;4;2;1;1;1;5;1
384361;986,309;3;1;1;2;1;1;1;4;1
385861;986,491;3;1;1;2;1;1;1;4;1
387361;995,062;4;1;2;3;1;1;1;1;1
388861;995,511;1;1;2;3;1;1;1;4;1
390361;995,717;3;1;4;2;5;1;1;1;1
391861;997,409;4;1;3;2;1;1;1;1;1
393393;997,671;4;1;3;2;1;1;1;1;1
394893;999,054;2;1;1;3;4;1;1;1;1
396393;999,25;4;1;1;2;3;1;1;1;1
397893;1000,077;2;1;3;1;4;1;1;5;1
399393;1000,328;3;1;4;1;1;1;1;2;1
400893;1002,297;1;1;2;1;4;1;1;3;1
402393;1008,062;2;1;1;1;4;1;1;3;1
403893;1013,019;3;1;2;1;4;1;1;1;1
405393;1013,262;3;1;4;5;2;1;1;1;1
406893;1013,483;1;1;2;4;3;1;1;1;1
408393;1013,657;3;1;1;2;4;1;1;1;1
409920;1014,348;4;1;2;3;1;1;1;1;1
411420;1014,702;3;1;4;2;1;1;1;1;1
412920;1015,525;3;1;2;1;5;1;1;4;1
414420;1018,355;3;1;2;1;4;1;1;1;1
415920;1018,691;4;1;1;1;2;1;1;3;1
417420;1019,463;4;1;1;1;3;1;1;2;1
418920;1020,137;4;1;1;1;2;1;1;3;1
420420;1020,704;4;1;5;2;3;1;1;1;1
421920;1021,345;3;1;1;2;4;1;1;1;1
423420;1021,958;3;1;1;2;4;1;1;1;1
424920;1034,419;2;1;1;3;4;1;1;1;1
426452;1034,647;1;1;2;3;4;1;1;1;1
427952;1037,789;1;1;4;3;5;1;1;2;1
429452;1038,028;1;1;3;2;1;1;1;4;1
430952;1038,295;1;1;3;2;1;1;1;4;1
432452;1039,002;1;1;2;3;1;1;1;4;1
433952;1039,273;1;1;3;2;1;1;1;4;1
435452;1041,061;2;1;1;4;5;1;1;3;1
436952;1053,374;1;1;1;4;3;1;1;2;1
438452;1054,003;3;1;1;2;4;1;1;1;1
439952;1055,845;1;1;1;4;3;1;1;2;1
441452;1057,263;4;1;1;3;1;1;1;2;1
442989;1065,104;1;1;3;4;2;1;1;5;1
444489;1065,548;1;1;1;2;3;1;1;4;1
445989;1065,951;1;1;1;2;4;1;1;3;1
447489;1067,716;1;1;1;3;4;1;1;2;1
448989;1068,134;1;1;1;2;4;1;1;3;1
450489;1081,25;4;1;2;3;5;1;1;1;1
451989;1113,762;4;1;1;3;2;1;1;1;1
453489;1114,416;2;1;4;3;1;1;1;1;1
454989;1123,655;2;1;3;4;1;1;1;1;1
456489;1129,085;1;1;4;2;3;1;1;1;1
457989;1151,639;3;1;1;2;4;1;1;5;1
459519;1153,778;2;1;1;3;1;1;1;4;1
461019;1154,314;1;1;1;3;2;1;1;4;1
462519;1155,095;2;1;1;3;1;1;1;4;1
464019;1155,333;1;1;1;3;2;1;1;4;1
465519;1157,122;3;1;2;1;5;1;1;4;1
467019;1157,506;2;1;3;1;4;1;1;1;1
468519;1157,957;2;1;3;1;4;1;1;1;1
470019;1159,428;1;1;2;1;4;1;1;3;1
471519;1159,928;2;1;1;1;4;1;1;3;1
473019;1160,131;3;1;2;4;1;1;1;5;1
474519;1160,382;3;1;2;1;1;1;1;4;1
476053;1160,568;3;1;1;2;1;1;1;4;1
477553;1161,857;4;1;2;3;1;1;1;1;1
479053;1162,218;1;1;2;3;1;1;1;4;1
480553;1162,328;2;1;1;5;3;1;1;4;1
482053;1162,673;3;1;1;2;1;1;1;4;1
483553;1162,9;2;1;1;3;1;1;1;4;1
485053;1163,126;1;1;1;2;4;1;1;3;1
486553;1163,94;2;1;1;1;4;1;1;3;1
488053;1164,663;5;1;4;3;2;1;1;1;1
489553;1165,409;2;1;3;1;4;1;1;1;1
491053;1165,841;1;1;2;3;4;1;1;1;1
492587;1170,982;4;1;2;1;3;1;1;1;1
494087;1171,086;3;1;2;1;4;1;1;1;1
495587;1171,233;3;1;1;2;4;1;1;5;1
497087;1171,396;1;1;1;4;2;1;1;3;1
498587;1171,665;2;1;1;1;4;1;1;3;1
500087;1174,694;1;1;1;2;3;1;1;4;1
501587;1175,325;1;1;1;4;3;1;1;2;1
503087;1175,623;1;1;3;2;4;1;1;5;1
504587;1176,128;1;1;1;3;4;1;1;2;1
506087;1176,673;1;1;1;4;3;1;1;2;1
507587;1177,409;1;1;1;3;2;1;1;4;1
509116;1178,114;1;1;1;2;3;1;1;4;1
510616;1178,281;3;1;1;2;4;1;1;5;1
512116;1178,453;4;1;1;2;1;1;1;3;1
513616;1179,329;2;1;1;1;3;1;1;4;1
515116;1179,589;1;1;1;4;3;1;1;2;1
516616;1180,098;2;1;1;4;3;1;1;1;1
518116;1180,361;3;1;4;2;5;1;1;1;1
519616;1180,779;3;1;1;4;2;1;1;1;1
521116;1181,386;2;1;1;3;4;1;1;1;1
522616;1181,98;2;1;1;4;3;1;1;1;1
524116;1182,954;2;1;1;3;4;1;1;1;1
525643;1183,065;5;1;2;1;4;1;1;3;1
527143;1183,272;2;1;1;1;4;1;1;3;1
528643;1183,542;4;1;1;1;3;1;1;2;1
530143;1183,928;1;1;3;1;2;1;1;4;1
531643;1185,097;2;1;4;1;3;1;1;1;1
533143;1185,426;4;1;1;2;3;1;1;5;1
534643;1188,946;4;1;1;3;2;1;1;1;1
536143;1189,076;4;1;1;1;2;1;1;3;1
537643;1190,29;1;1;1;2;4;1;1;3;1
539143;1190,483;2;1;1;3;1;1;1;4;1
540643;1190,794;3;1;1;5;4;1;1;2;1
542174;1192,354;4;1;1;2;1;1;1;3;1
543674;1192,462;3;1;1;2;1;1;1;4;1
545174;1192,655;4;1;1;3;2;1;1;1;1
546674;1193,141;1;1;1;2;4;1;1;3;1
548174;1193,255;4;1;1;3;1;1;1;2;1
549674;1194,248;1;1;3;4;2;1;1;5;1
551174;1194,411;1;1;3;4;2;1;1;1;1
552674;1194,585;1;1;3;4;2;1;1;1;1
554174;1194,89;1;1;2;3;1;1;1;4;1
555674;1195,06;1;1;3;4;2;1;1;1;1
557174;1195,263;4;1;1;2;3;1;1;5;1
558708;1196,193;2;1;1;4;1;1;1;3;1
560208;1196,653;1;1;1;4;3;1;1;2;1
561708;1197,421;2;1;1;1;3;1;1;4;1
563208;1197,635;1;1;1;2;4;1;1;3;1
564708;1197,804;2;1;1;5;4;1;1;3;1
566208;1197,991;2;1;1;1;4;1;1;3;1
567708;1198,208;1;1;1;2;3;1;1;4;1
569208;1198,423;1;1;1;2;3;1;1;4;1
570708;1198,593;1;1;1;2;4;1;1;3;1
572208;1198,808;4;1;1;2;1;1;1;3;1
573708;1198,992;1;1;2;3;4;1;1;5;1
575237;1199,182;1;1;1;4;3;1;1;2;1
576737;1199,422;1;1;3;4;1;1;1;2;1
578237;1199,662;1;1;3;4;1;1;1;2;1
579737;1199,939;1;1;3;4;1;1;1;2;1
581237;1201,43;3;1;4;5;2;1;1;1;1
582737;1201,84;3;1;4;2;1;1;1;1;1
584237;1202,067;3;1;1;2;4;1;1;1;1
585737;1202,627;2;1;4;3;1;1;1;1;1
587237;1203,328;3;1;1;2;4;1;1;1;1
588737;1203,6;3;1;1;4;2;1;1;5;1
590237;1203,786;2;1;1;3;1;1;1;4;1
591763;1204,81;3;1;1;2;1;1;1;4;1
593263;1204,943;4;1;1;1;2;1;1;3;1
594763;1205,967;1;1;1;2;4;1;1;3;1
596263;1206,33;5;1;3;4;1;1;1;2;1
597763;1206,528;2;1;1;4;1;1;1;3;1
599263;1206,915;3;1;1;2;1;1;1;4;1
600763;1207,128;1;1;4;2;1;1;1;3;1
602263;1212,085;2;1;4;3;1;1;1;1;1
603763;1212,271;2;1;3;1;4;1;1;5;1
605263;1212,486;4;1;1;1;3;1;1;2;1
606763;1212,875;3;1;1;1;2;1;1;4;1
608296;1213,38;3;1;1;1;4;1;1;2;1
609796;1230,817;1;1;3;1;4;1;1;2;1
611296;1231,402;1;1;4;2;3;1;1;5;1
612796;1231,572;1;1;3;1;2;1;1;4;1
614296;1231,737;1;1;3;1;2;1;1;4;1
615796;1231,992;1;1;2;1;3;1;1;4;1
617296;1232,138;1;1;2;1;3;1;1;4;1
618796;1232,299;1;1;3;2;5;1;1;4;1
620296;1232,46;1;1;1;2;3;1;1;4;1
621796;1232,813;1;1;1;2;4;1;1;3;1
623296;1233,271;1;1;1;2;4;1;1;3;1
624828;1233,527;1;1;4;3;1;1;1;2;1
626328;1233,802;1;1;2;1;3;1;1;4;1
627828;1233,988;3;1;1;4;2;1;1;5;1
629328;1234,414;1;1;1;2;4;1;1;3;1
630828;1234,679;1;1;1;4;3;1;1;2;1
632328;1235,366;1;1;1;2;4;1;1;3;1
633828;1235,808;4;1;1;3;1;1;1;2;1
635328;1236,017;1;1;2;5;4;1;1;3;1
636828;1236,252;1;1;1;2;4;1;1;3;1
638328;1236,531;1;1;1;2;3;1;1;4;1
639828;1236,763;1;1;1;2;3;1;1;4;1
641359;1236,961;1;1;2;4;1;1;1;3;1
642859;1239,475;3;1;4;2;5;1;1;1;1
644359;1240,226;3;1;1;4;2;1;1;1;1
645859;1240,407;3;1;1;2;4;1;1;1;1
647359;1240,76;2;1;1;3;4;1;1;1;1
648859;1241,057;2;1;1;3;4;1;1;1;1
650359;1241,309;2;1;3;4;1;1;1;5;1
651859;1241,747;2;1;1;3;1;1;1;4;1
653359;1241,934;3;1;1;2;1;1;1;4;1
654859;1242,215;4;1;1;3;1;1;1;2;1
656359;1242,475;2;1;3;4;1;1;1;1;1
657889;1244,596;4;1;1;3;5;1;1;2;1
659389;1245,796;3;1;1;4;1;1;1;2;1
660889;1246,182;2;1;1;3;1;1;1;4;1
662389;1246,422;4;1;1;3;1;1;1;2;1
663889;1246,632;1;1;1;4;2;1;1;3;1
665389;1247,25;1;1;2;4;3;1;1;5;1
666889;1247,399;1;1;1;2;3;1;1;4;1
668389;1247,669;1;1;2;1;3;1;1;4;1
669889;1247,832;1;1;1;2;3;1;1;4;1
671389;1248,035;1;1;1;2;3;1;1;4;1
672889;1248,632;1;1;5;2;3;1;1;4;1
674418;1248,79;1;1;3;4;1;1;1;2;1
675918;1248,949;1;1;2;1;3;1;1;4;1
677418;1249,101;1;1;1;2;3;1;1;4;1
678918;1249,246;1;1;2;1;3;1;1;4;1
680418;1249,408;1;1;2;1;3;1;1;4;1
681918;1250,445;3;1;1;2;4;1;1;5;1
683418;1250,655;3;1;1;2;1;1;1;4;1
684918;1250,953;1;1;1;2;3;1;1;4;1
686418;1251,125;1;1;1;4;3;1;1;2;1
687918;1252,082;2;1;1;3;1;1;1;4;1
689418;1292,607;2;1;1;3;4;1;1;5;1
690958;1292,752;3;1;1;1;2;1;1;4;1
692458;1292,918;3;1;1;1;2;1;1;4;1
693958;1293,449;3;1;1;4;2;1;1;1;1
695458;1293,595;1;1;1;2;4;1;1;3;1
696958;1294,103;3;1;1;2;4;1;1;1;1
698458;1295,009;3;1;2;5;4;1;1;1;1
699958;1295,209;3;1;1;2;4;1;1;1;1
701458;1295,431;2;1;1;3;4;1;1;1;1
702958;1296,8;2;1;1;3;4;1;1;1;1
704458;1297,112;4;1;1;3;2;1;1;1;1
705958;1297,276;1;1;4;5;2;1;1;3;1
707488;1302,971;1;1;1;4;3;1;1;2;1
708988;1303,126;1;1;4;3;1;1;1;2;1
710488;1303,279;1;1;3;4;1;1;1;2;1
711988;1303,434;1;1;3;4;1;1;1;2;1
713488;1303,63;4;1;5;1;2;1;1;3;1
714988;1303,782;2;1;1;1;3;1;1;4;1
716488;1303,986;3;1;2;1;1;1;1;4;1
717988;1304,376;3;1;2;1;4;1;1;1;1
719488;1304,589;3;1;1;1;2;1;1;4;1
720988;1305,138;1;1;2;5;4;1;1;3;1
722488;1305,297;1;1;4;3;2;1;1;1;1
724012;1305,44;1;1;4;2;1;1;1;3;1
725512;1305,739;1;1;2;1;3;1;1;4;1
727012;1306,209;1;1;2;1;3;1;1;4;1
728512;1309,384;3;1;4;2;5;1;1;1;1
730012;1309,606;4;1;2;3;1;1;1;1;1
731512;1309,769;3;1;1;2;4;1;1;1;1
733012;1309,937;2;1;1;3;4;1;1;1;1
734512;1310,141;2;1;4;1;3;1;1;1;1
736012;1310,381;2;1;1;3;5;1;1;4;1
737512;1310,619;2;1;1;3;4;1;1;1;1
739012;1310,819;4;1;1;3;2;1;1;1;1
740535;1311,231;1;1;1;3;2;1;1;4;1
742035;1312,574;2;1;1;4;1;1;1;3;1
743