Iteration;Time;TD-0;TD-1;TD-2;TD-3;TD-4;TD-5;TD-6;TD-7;TD-8;
2197;0,895;4;0;0;4;0;0;4;4;0
3798;1,051;3;0;0;3;0;0;3;3;4
5298;1,224;2;0;0;2;0;0;2;2;3
6890;1,412;1;0;0;1;0;0;1;1;2
8390;1,543;0;0;0;0;0;0;0;0;1
10390;1,713;5;4;4;0;0;0;0;0;0
11934;1,824;4;3;3;0;0;0;4;0;5
13434;1,975;3;2;2;0;0;0;3;0;4
14934;2,08;2;1;1;0;0;0;2;0;3
16434;2,159;1;0;0;0;0;0;1;0;2
17965;2,312;0;0;0;0;0;4;0;0;1
19965;2,429;0;0;4;4;0;3;0;0;0
21465;2,514;0;0;3;3;0;2;4;0;6
22965;2,647;0;0;2;2;0;1;3;0;5
24465;2,755;0;0;1;1;0;0;2;0;4
25993;2,863;0;4;0;0;0;0;1;4;3
27493;2,964;0;3;5;0;0;0;0;3;2
28993;3,066;0;2;4;0;4;0;0;2;1
30493;3,156;0;1;3;0;3;0;4;1;0
31993;3,233;0;0;2;0;2;0;3;0;0
33493;3,325;0;0;1;0;1;0;2;0;4
35016;3,421;0;0;0;0;0;4;1;4;3
36516;3,508;0;0;0;0;5;3;0;3;2
38016;3,591;0;0;0;4;4;2;0;2;1
39516;3,677;0;0;0;3;3;1;4;1;0
41016;3,765;0;0;0;2;2;0;3;0;0
42516;3,863;0;0;0;1;1;0;2;0;4
44016;3,961;0;0;0;0;0;4;1;4;3
45537;4,06;0;0;0;0;6;3;0;3;2
47037;4,162;0;0;4;0;5;2;0;2;1
48537;4,263;0;0;3;0;4;1;4;1;0
50037;4,358;0;0;2;0;3;0;3;0;0
51537;4,465;0;0;1;0;2;0;2;0;4
53037;4,566;0;0;0;0;1;4;1;4;3
54537;4,659;0;0;0;0;0;3;0;3;2
56037;4,788;0;0;0;0;0;2;5;2;1
57561;4,898;0;0;4;0;0;1;4;1;0
59061;5,001;0;0;3;0;0;0;3;0;5
60561;5,093;4;0;2;0;0;0;2;5;4
62061;5,183;3;0;1;0;0;0;1;4;3
63561;5,273;2;0;0;0;0;0;0;3;2
65061;5,364;1;0;0;4;0;0;6;2;1
66561;5,456;0;0;0;3;0;0;5;1;0
68061;5,554;0;0;0;2;4;0;4;0;0
69561;5,636;4;0;0;1;3;0;3;6;0
71085;5,72;3;0;0;0;2;0;2;5;0
72585;5,796;2;4;0;5;1;0;1;4;0
73585;5,844;1;3;0;4;0;0;0;3;0
75085;5,922;0;2;0;3;0;0;7;2;0
76585;6,009;0;1;0;2;0;0;6;1;4
78085;6,096;0;0;0;1;0;0;5;0;3
79585;6,198;4;0;0;0;0;0;4;7;2
81085;6,287;3;0;0;6;0;0;3;6;1
82585;6,366;2;0;0;5;0;0;2;5;0
84085;6,46;1;0;0;4;4;0;1;4;0
85612;6,55;0;0;0;3;3;0;0;3;0
87112;6,642;0;0;0;2;2;0;8;2;0
88612;6,725;4;4;0;1;1;0;99;1;0
89612;6,777;3;3;0;0;0;0;99;0;0
91112;6,861;2;2;0;0;0;0;99;8;0
92612;6,943;1;1;0;4;0;0;99;99;0
94112;7,024;0;0;0;3;0;0;99;99;0
95612;7,114;5;5;0;2;0;0;99;99;0
97112;7,201;4;4;0;1;0;0;99;99;0
98612;7,285;3;3;0;0;0;0;99;99;0
100112;7,381;2;2;0;5;0;0;99;99;0
101636;7,473;1;1;0;4;0;0;99;99;0
103136;7,589;0;0;0;3;0;0;99;99;0
104636;7,801;6;6;0;2;0;0;99;99;0
106136;7,902;5;5;0;1;0;0;99;99;0
107636;8,092;4;4;0;0;0;0;99;99;0
109136;8,27;3;3;4;0;0;0;99;99;0
110636;8,347;2;2;3;0;0;0;99;99;0
112136;8,637;1;1;2;0;0;0;99;99;0
113636;8,875;0;0;1;0;0;0;99;99;0
115136;9,084;0;7;0;0;0;0;99;99;0
116636;9,295;4;6;0;4;0;0;99;99;0
118159;9,496;3;5;0;3;0;0;99;99;0
119659;9,62;2;4;0;2;0;0;99;99;0
121159;9,742;1;3;0;1;0;0;99;99;0
122659;9,827;0;2;0;0;0;0;99;99;0
124159;9,919;5;1;0;5;0;0;99;99;0
125659;10,114;4;0;0;4;0;0;99;99;0
127159;10,29;3;8;0;3;0;0;99;99;0
128659;10,436;2;7;0;2;0;0;99;99;0
130159;10,544;1;6;0;1;0;0;99;99;0
131659;10,627;0;5;0;0;0;0;99;99;0
133159;10,799;6;4;0;6;0;0;99;99;0
134680;10,911;5;3;0;5;0;0;99;99;0
136180;10,991;4;2;0;4;0;0;99;99;0
137680;11,075;3;1;0;3;0;0;99;99;0
139180;11,166;2;0;0;2;0;0;99;99;0
140680;11,254;1;0;4;1;0;0;99;99;0
142180;11,344;0;0;3;0;0;0;99;99;0
143680;11,429;7;4;2;0;0;0;99;99;0
145180;11,508;6;3;1;0;0;0;99;99;0
146680;11,574;5;2;0;0;0;0;99;99;0
148180;11,639;4;1;0;4;0;0;99;99;0
149680;11,703;3;0;0;3;0;0;99;99;0
151204;11,798;2;0;4;2;0;0;99;99;0
152704;11,887;1;0;3;1;0;0;99;99;0
154204;11,975;0;0;2;0;0;0;99;99;0
155704;12,068;8;4;1;5;0;0;99;99;0
156704;12,124;7;3;0;4;0;0;99;99;0
158204;12,208;6;2;0;3;0;0;99;99;0
159704;12,293;5;1;0;2;0;0;99;99;0
161204;12,382;4;0;0;1;0;0;99;99;0
162704;12,471;3;0;4;0;0;0;99;99;0
164204;12,561;2;0;3;0;4;0;99;99;0
165704;12,658;1;0;2;0;3;0;99;99;0
167229;12,755;0;0;1;0;2;0;99;99;0
168729;12,845;8;4;0;0;1;0;99;99;0
170229;12,938;7;3;0;0;0;0;99;99;0
171729;13,034;6;2;0;4;0;0;99;99;0
173229;13,123;5;1;0;3;0;0;99;99;0
174729;13,209;4;0;0;2;0;0;99;99;0
176229;13,294;3;5;0;1;0;0;99;99;0
177729;13,38;2;4;0;0;0;0;99;99;0
179229;13,468;1;3;0;5;0;0;99;99;0
180729;13,555;0;2;0;4;0;0;99;99;0
182229;13,644;0;1;0;3;4;0;99;99;0
183763;13,734;0;0;0;2;3;0;99;99;0
185263;13,824;0;0;0;1;2;0;99;99;0
186763;13,91;4;0;0;0;1;0;99;99;0
188263;13,996;3;4;0;6;0;0;99;99;0
189763;14,08;2;3;0;5;0;0;99;99;0
191263;14,167;1;2;0;4;0;0;99;99;0
192763;14,258;0;1;0;3;0;0;99;99;0
194263;14,348;5;0;0;2;0;0;99;99;0
195763;14,449;4;5;0;1;0;0;99;99;0
197263;14,588;3;4;0;0;0;0;99;99;0
198763;14,733;2;3;0;7;0;0;99;99;0
200291;14,842;1;2;0;6;0;0;99;99;0
201791;14,934;0;1;0;5;0;0;99;99;0
203291;15,022;6;0;0;4;0;0;99;99;0
204791;15,11;5;6;0;3;0;0;99;99;0
206291;15,211;4;5;0;2;0;0;99;99;0
207791;15,292;3;4;0;1;0;0;99;99;0
209291;15,375;2;3;0;0;0;0;99;99;0
210791;15,465;1;2;0;0;0;0;99;99;0
212291;15,55;0;1;0;0;0;0;99;99;0
213791;15,64;0;0;0;0;0;0;99;99;0
215791;15,76;4;0;0;0;4;0;99;99;0
217311;15,847;3;0;4;0;3;0;99;99;0
218811;15,948;2;0;3;0;2;0;99;99;0
220311;16,032;1;0;2;0;1;0;99;99;0
221811;16,12;0;0;1;0;0;0;99;99;0
223311;16,214;5;4;0;4;0;0;99;99;0
224811;16,306;4;3;0;3;0;0;99;99;0
226311;16,391;3;2;0;2;0;0;99;99;0
227811;16,463;2;1;0;1;0;0;99;99;0
229311;16,546;1;0;0;0;0;0;99;99;0
230811;16,638;0;5;0;5;0;0;99;99;4
232311;16,726;0;4;0;4;0;0;99;99;3
233840;16,815;0;3;0;3;0;0;99;99;2
235340;16,897;0;2;0;2;0;0;99;99;1
236840;16,983;0;1;0;1;0;0;99;99;0
238340;17,072;4;0;0;0;0;0;99;99;0
239840;17,164;3;6;0;6;0;0;99;99;0
241340;17,251;2;5;0;5;0;0;99;99;0
242840;17,342;1;4;0;4;0;0;99;99;0
244340;17,43;0;3;0;3;0;0;99;99;0
245840;17,519;5;2;0;2;0;0;99;99;0
247340;17,604;4;1;0;1;0;0;99;99;0
248840;17,691;3;0;0;0;0;0;99;99;0
250373;17,79;2;7;0;0;0;0;99;99;0
251890;17,888;1;6;0;0;4;0;99;99;0
253390;17,974;0;5;0;0;3;0;99;99;0
254910;18,071;0;4;4;0;2;0;99;99;0
256410;18,16;0;3;3;0;1;0;99;99;0
257910;18,249;0;2;2;0;0;0;99;99;0
259434;18,346;4;1;1;0;0;0;99;99;0
260934;18,447;3;0;0;0;0;0;99;99;0
262434;18,539;2;8;0;4;0;0;99;99;0
263934;18,624;1;7;0;3;0;0;99;99;0
265464;18,719;0;6;0;2;0;0;99;99;0
266964;18,811;0;5;0;1;4;0;99;99;0
268464;18,9;0;4;0;0;3;0;99;99;0
269964;18,994;4;3;0;0;2;0;99;99;0
271464;19,083;3;2;0;0;1;0;99;99;0
272993;19,175;2;1;0;0;0;0;99;99;0
274493;19,272;1;0;0;4;0;0;99;99;0
275993;19,398;0;8;0;3;0;0;99;99;0
277493;19,494;0;7;0;2;0;0;99;99;0
278993;19,582;4;6;0;1;0;0;99;99;0
280493;19,667;3;5;0;0;0;0;99;99;0
282018;19,758;2;4;0;5;0;0;99;99;0
283518;19,84;1;3;0;4;0;0;99;99;0
285018;19,924;0;2;0;3;0;0;99;99;0
286518;20,01;5;1;0;2;0;0;99;99;0
288018;20,092;4;0;0;1;0;0;99;99;0
289518;20,169;3;0;0;0;4;0;99;99;0
291018;20,259;2;4;0;6;3;0;99;99;0
292033;20,317;1;3;0;5;2;0;99;99;0
293033;20,373;0;2;0;4;1;0;99;99;0
294533;20,46;0;1;0;3;0;0;99;99;0
296033;20,547;4;0;0;2;0;0;99;99;0
297533;20,635;3;0;0;1;0;0;99;99;0
299033;20,725;2;0;0;0;4;0;99;99;0
300533;20,816;1;4;0;7;3;0;99;99;0
301533;20,873;0;3;0;6;2;0;99;99;0
303060;20,964;0;2;0;5;1;0;99;99;0
304560;21,047;0;1;0;4;0;0;99;99;0
306060;21,136;4;0;0;3;0;0;99;99;0
307560;21,23;3;0;4;2;0;0;99;99;0
309060;21,315;2;0;3;1;0;0;99;99;0
310560;21,402;1;0;2;0;0;0;99;99;0
312060;21,503;0;4;1;8;0;0;99;99;0
313560;21,588;0;3;0;7;0;0;99;99;0
315060;21,677;4;2;0;6;0;0;99;99;0
316591;21,764;3;1;0;5;0;0;99;99;0
318091;21,849;2;0;0;4;0;0;99;99;0
319591;21,93;1;5;0;3;0;0;99;99;0
321091;22,004;0;4;0;2;0;0;99;99;0
322591;22,088;5;3;0;1;0;0;99;99;0
324091;22,174;4;2;0;0;0;0;99;99;0
325591;22,263;3;1;0;8;0;0;99;99;0
327091;22,35;2;0;0;7;0;0;99;99;0
328591;22,444;1;6;0;6;0;0;99;99;0
330091;22,528;0;5;0;5;0;0;99;99;0
331617;22,62;0;4;0;4;4;0;99;99;0
333117;22,708;0;3;0;3;3;0;99;99;0
334617;22,794;0;2;0;2;2;0;99;99;0
336117;22,869;0;1;0;1;1;0;99;99;0
337617;22,935;0;0;0;0;0;0;99;99;0
339617;23,062;4;7;0;8;0;0;99;99;0
341117;23,148;3;6;0;7;0;0;99;99;0
342617;23,236;2;5;0;6;0;0;99;99;0
344117;23,319;1;4;0;5;0;0;99;99;0
345617;23,401;0;3;0;4;0;0;99;99;0
347117;23,484;5;2;0;3;0;0;99;99;0
348643;23,571;4;1;0;2;0;0;99;99;0
350143;23,653;3;0;0;1;0;0;99;99;0
351643;23,74;2;8;0;0;0;0;99;99;0
353143;23,824;1;7;0;8;0;0;99;99;0
354643;23,912;0;6;0;7;0;0;99;99;0
356143;23,995;6;5;0;6;0;0;99;99;0
357643;24,072;5;4;0;5;0;0;99;99;0
359143;24,157;4;3;0;4;0;0;99;99;0
360643;24,239;3;2;0;3;0;0;99;99;0
362143;24,323;2;1;0;2;0;0;99;99;0
363643;24,416;1;0;0;1;0;0;99;99;0
365168;24,508;0;0;0;0;0;0;99;99;4
366668;24,598;7;4;0;8;0;0;99;99;3
367668;24,652;6;3;0;7;0;0;99;99;2
368668;24,706;5;2;0;6;0;0;99;99;1
369668;24,76;4;1;0;5;0;0;99;99;0
371168;24,847;3;0;0;4;0;0;99;99;0
372668;24,934;2;0;0;3;0;0;99;99;0
374168;25,026;1;4;0;2;0;0;99;99;0
375668;25,117;0;3;0;1;0;0;99;99;0
377168;25,209;8;2;0;0;0;0;99;99;0
378668;25,299;7;1;0;8;0;0;99;99;0
380187;25,392;6;0;0;7;0;0;99;99;0
381687;25,486;5;5;0;6;0;0;99;99;0
383187;25,575;4;4;0;5;0;0;99;99;0
384687;25,659;3;3;0;4;0;0;99;99;0
386187;25,744;2;2;0;3;0;0;99;99;0
387687;25,837;1;1;0;2;0;0;99;99;0
389187;25,921;0;0;0;1;0;0;99;99;0
390687;26,01;8;0;0;0;0;0;99;99;0
392187;26,102;7;4;0;8;0;0;99;99;0
393687;26,182;6;3;0;7;0;0;99;99;0
395187;26,27;5;2;0;6;0;0;99;99;0
396712;26,362;4;1;0;5;0;0;99;99;0
398212;26,444;3;0;0;4;0;0;99;99;0
399712;26,531;2;5;0;3;0;0;99;99;0
401212;26,616;1;4;0;2;0;0;99;99;0
402712;26,7;0;3;0;1;0;0;99;99;0
404212;26,788;8;2;0;0;0;0;99;99;0
405712;26,874;7;1;0;8;0;0;99;99;0
407212;26,957;6;0;0;7;0;0;99;99;0
408712;27,042;5;6;0;6;0;0;99;99;0
410212;27,128;4;5;0;5;0;0;99;99;0
411712;27,213;3;4;0;4;0;0;99;99;0
413234;27,302;2;3;0;3;0;0;99;99;0
414734;27,389;1;2;0;2;0;0;99;99;0
416234;27,476;0;1;0;1;0;0;99;99;0
417734;27,563;8;0;0;0;0;0;99;99;0
419234;27,654;7;7;0;8;0;0;99;99;0
420734;27,739;6;6;0;7;0;0;99;99;0
422234;27,822;5;5;0;6;0;0;99;99;0
423734;27,906;4;4;0;5;0;0;99;99;0
425234;27,991;3;3;0;4;0;0;99;99;0
426734;28,074;2;2;0;3;0;0;99;99;0
428234;28,158;1;1;0;2;0;0;99;99;0
429762;28,246;0;0;0;1;0;0;99;99;0
431262;28,336;8;8;0;0;0;0;99;99;0
432762;28,42;7;7;0;0;0;0;99;99;0
434262;28,507;6;6;0;4;0;0;99;99;0
435762;28,591;5;5;0;3;0;0;99;99;0
437262;28,659;4;4;0;2;0;0;99;99;0
438762;28,729;3;3;0;1;0;0;99;99;0
440262;28,796;2;2;0;0;0;0;99;99;0
441762;28,868;1;1;0;5;0;0;99;99;0
443262;28,928;0;0;0;4;0;0;99;99;0
444762;29,015;8;8;0;3;0;0;99;99;0
446285;29,098;7;7;0;2;0;0;99;99;0
447785;29,18;6;6;0;1;0;0;99;99;0
449285;29,255;5;5;0;0;0;0;99;99;0
450785;29,34;4;4;0;6;0;0;99;99;0
452285;29,426;3;3;0;5;0;0;99;99;0
453785;29,512;2;2;0;4;0;0;99;99;0
455285;29,593;1;1;0;3;0;0;99;99;0
456785;29,651;0;0;0;2;0;0;99;99;0
458285;29,743;8;8;0;1;0;0;99;99;0
459785;29,818;7;7;0;0;0;0;99;99;0
461285;29,899;6;6;0;7;0;0;99;99;0
462809;29,979;5;5;0;6;0;0;99;99;0
464309;30,051;4;4;0;5;0;0;99;99;0
465809;30,123;3;3;0;4;0;0;99;99;0
467309;30,201;2;2;0;3;0;0;99;99;0
468809;30,28;1;1;0;2;0;0;99;99;0
470309;30,353;0;0;0;1;0;0;99;99;0
471809;30,479;8;8;0;0;0;0;99;99;0
473309;30,564;7;7;0;8;0;0;99;99;0
474809;30,637;6;6;0;7;0;0;99;99;0
476309;30,709;5;5;0;6;0;0;99;99;0
477809;30,775;4;4;0;5;0;0;99;99;0
479327;30,845;3;3;0;4;0;0;99;99;0
480827;30,919;2;2;0;3;0;0;99;99;0
482327;31,004;1;1;0;2;0;0;99;99;0
483827;31,082;0;0;0;1;0;0;99;99;0
485327;31,172;8;8;0;0;0;0;99;99;0
486827;31,258;7;7;0;0;0;0;99;99;0
488327;31,344;6;6;0;4;0;0;99;99;0
489827;31,427;5;5;0;3;0;0;99;99;0
491327;31,517;4;4;0;2;0;0;99;99;0
492827;31,593;3;3;0;1;0;0;99;99;0
494327;31,678;2;2;0;0;0;0;99;99;0
495853;31,773;1;1;4;0;0;0;99;99;0
497353;31,856;0;0;3;0;0;0;99;99;0
498853;31,948;8;8;2;4;0;0;99;99;0
499853;32,001;7;7;1;3;0;0;99;99;0
500853;32,056;6;6;0;2;0;0;99;99;0
502353;32,142;5;5;0;1;0;0;99;99;0
503853;32,222;4;4;0;0;0;0;99;99;0
505353;32,31;3;3;0;5;0;0;99;99;0
506853;32,395;2;2;0;4;0;0;99;99;0
508353;32,479;1;1;0;3;0;0;99;99;0
509853;32,567;0;0;0;2;0;0;99;99;0
511373;32,664;0;8;0;1;0;0;99;99;0
512873;32,752;4;7;0;0;0;0;99;99;0
514373;32,842;3;6;0;6;0;0;99;99;0
515873;32,936;2;5;0;5;0;0;99;99;0
517373;33,022;1;4;0;4;0;0;99;99;0
518873;33,108;0;3;0;3;0;0;99;99;0
520373;33,198;5;2;0;2;0;0;99;99;0
521873;33,285;4;1;0;1;0;0;99;99;0
523373;33,369;3;0;0;0;0;0;99;99;0
524873;33,465;2;8;0;7;0;0;99;99;0
526373;33,552;1;7;0;6;0;0;99;99;0
527895;33,641;0;6;0;5;0;0;99;99;0
529395;33,731;6;5;0;4;0;0;99;99;0
530895;33,82;5;4;0;3;0;0;99;99;0
532395;33,907;4;3;0;2;0;0;99;99;0
533895;33,996;3;2;0;1;0;0;99;99;0
535395;34,084;2;1;0;0;0;0;99;99;0
536895;34,176;1;0;0;0;0;0;99;99;0
538395;34,27;0;8;0;4;0;0;99;99;0
539895;34,362;7;7;0;3;0;0;99;99;0
541395;34,451;6;6;0;2;0;0;99;99;0
542895;34,541;5;5;0;1;0;0;99;99;0
544416;34,63;4;4;0;0;0;0;99;99;0
545916;34,718;3;3;0;0;0;0;99;99;0
547416;34,809;2;2;4;0;0;0;99;99;0
548916;34,898;1;1;3;0;0;0;99;99;0
550416;34,983;0;0;2;0;0;0;99;99;0
551916;35,078;8;8;1;4;0;0;99;99;0
552916;35,138;7;7;0;3;0;0;99;99;0
554416;35,224;6;6;0;2;0;0;99;99;0
555916;35,315;5;5;0;1;0;0;99;99;0
557416;35,401;4;4;0;0;0;0;99;99;0
558916;35,491;3;3;0;5;0;0;99;99;0
560439;35,583;2;2;0;4;0;0;99;99;0
561939;35,67;1;1;0;3;0;0;99;99;0
563439;35,757;0;0;0;2;0;0;99;99;0
564939;35,85;0;0;0;1;0;0;99;99;0
566439;35,945;4;4;0;0;0;0;99;99;4
567939;36,029;3;3;0;0;0;0;99;99;3
569439;36,116;2;2;0;0;0;0;99;99;2
570939;36,204;1;1;0;0;0;0;99;99;1
572439;36,274;0;0;0;0;0;0;99;99;0
574439;36,372;5;5;0;4;0;0;99;99;0
575939;36,435;4;4;0;3;0;0;99;99;0
577465;36,523;3;3;0;2;0;0;99;99;0
578965;36,611;2;2;0;1;0;0;99;99;0
580465;36,697;1;1;0;0;0;0;99;99;0
581965;36,789;0;0;0;0;4;0;99;99;0
583465;36,885;6;6;0;4;3;0;99;99;0
584465;36,945;5;5;0;3;2;0;99;99;0
585465;37,01;4;4;0;2;1;0;99;99;0
586465;37,062;3;3;0;1;0;0;99;99;0
587965;37,143;2;2;0;0;0;0;99;99;0
589465;37,235;1;1;0;5;0;0;99;99;0
590965;37,327;0;0;0;4;0;0;99;99;0
592489;37,423;7;0;0;3;0;0;99;99;4
593989;37,51;6;0;0;2;0;0;99;99;3
595489;37,594;5;0;0;1;0;0;99;99;2
596989;37,679;4;0;0;0;0;0;99;99;1
598489;37,769;3;0;0;6;0;0;99;99;0
599989;37,861;2;4;0;5;0;0;99;99;0
601489;37,944;1;3;0;4;0;0;99;99;0
602989;38,025;0;2;0;3;0;0;99;99;0
604489;38,111;8;1;0;2;0;0;99;99;0
605989;38,194;7;0;0;1;0;0;99;99;0
607489;38,281;6;5;0;0;0;0;99;99;0
609015;38,371;5;4;0;0;4;0;99;99;0
610515;38,458;4;3;0;0;3;0;99;99;0
612015;38,543;3;2;0;0;2;0;99;99;0
613515;38,633;2;1;0;0;1;0;99;99;0
615015;38,718;1;0;0;0;0;0;99;99;0
616515;38,811;0;6;0;4;0;0;99;99;0
618015;38,898;8;5;0;3;0;0;99;99;0
619515;38,985;7;4;0;2;0;0;99;99;0
621015;39,069;6;3;0;1;0;0;99;99;0
622515;39,143;5;2;0;0;0;0;99;99;0
624015;39,214;4;1;0;5;0;0;99;99;0
625542;39,302;3;0;0;4;0;0;99;99;0
627042;39,39;2;7;0;3;0;0;99;99;0
628542;39,475;1;6;0;2;0;0;99;99;0
630042;39,558;0;5;0;1;0;0;99;99;0
631542;39,647;8;4;0;0;0;0;99;99;0
633042;39,734;7;3;0;6;0;0;99;99;0
634542;39,83;6;2;0;5;0;0;99;99;0
636042;39,919;5;1;0;4;0;0;99;99;0
637542;40,004;4;0;0;3;0;0;99;99;0
639042;40,091;3;8;0;2;0;0;99;99;0
640542;40,177;2;7;0;1;0;0;99;99;0
642070;40,268;1;6;0;0;0;0;99;99;0
643570;40,371;0;5;0;7;0;0;99;99;0
645070;40,46;8;4;0;6;0;0;99;99;0
646570;40,544;7;3;0;5;0;0;99;99;0
648070;40,632;6;2;0;4;0;0;99;99;0
649570;40,716;5;1;0;3;0;0;99;99;0
651070;40,815;4;0;0;2;0;0;99;99;0
652570;40,896;3;8;0;1;0;0;99;99;0
654070;40,968;2;7;0;0;0;0;99;99;0
655570;41,03;1;6;0;8;0;0;99;99;0
657070;41,092;0;5;0;7;0;0;99;99;0
658595;41,18;0;4;4;6;0;0;99;99;0
660095;41,264;0;3;3;5;0;0;99;99;0
661595;41,338;0;2;2;4;0;0;99;99;0
663095;41,423;0;1;1;3;0;0;99;99;0
664595;41,508;0;0;0;2;0;0;99;99;0
666095;41,601;4;8;0;1;0;0;99;99;0
667595;41,687;3;7;0;0;0;0;99;99;0
669095;41,781;2;6;0;8;0;0;99;99;0
670595;41,868;1;5;0;7;0;0;99;99;0
672095;41,954;0;4;0;6;0;0;99;99;0
673595;42,041;5;3;0;5;0;0;99;99;0
675121;42,13;4;2;0;4;0;0;99;99;0
676621;42,215;3;1;0;3;0;0;99;99;0
678121;42,336;2;0;0;2;0;0;99;99;0
679621;42,426;1;0;0;1;4;0;99;99;0
681121;42,51;0;0;0;0;3;0;99;99;0
682621;42,601;6;4;0;8;2;0;99;99;0
683621;42,656;5;3;0;7;1;0;99;99;0
684621;42,708;4;2;0;6;0;0;99;99;0
686121;42,791;3;1;0;5;0;0;99;99;0
687621;42,877;2;0;0;4;0;0;99;99;0
689121;42,962;1;0;0;3;0;0;99;99;0
690644;43,051;0;0;0;2;0;4;99;99;0
692144;43,141;7;0;0;1;0;3;99;99;0
693644;43,227;6;0;0;0;0;2;99;99;0
695144;43,317;5;0;0;0;0;1;99;99;4
696644;43,402;4;0;0;0;0;0;99;99;3
698144;43,492;3;4;0;0;0;0;99;99;2
699644;43,576;2;3;0;0;0;0;99;99;1
701144;43,66;1;2;0;0;0;0;99;99;0
702644;43,722;0;1;0;0;0;0;99;99;0
704144;43,812;0;0;0;0;0;0;99;99;0
706144;43,939;4;5;4;4;0;0;99;99;0
707164;43,995;3;4;3;3;0;0;99;99;0
708164;44,049;2;3;2;2;0;0;99;99;0
709164;44,103;1;2;1;1;0;0;99;99;0
710164;44,16;0;1;0;0;0;0;99;99;0
711664;44,249;5;0;0;5;0;0;99;99;0
713164;44,335;4;6;0;4;0;0;99;99;0
714664;44,417;3;5;0;3;0;0;99;99;0
716164;44,497;2;4;0;2;0;0;99;99;0
717664;44,578;1;3;0;1;0;0;99;99;0
719164;44,66;0;2;0;0;0;0;99;99;0
720664;44,746;0;1;0;0;0;0;99;99;0
722188;44,837;4;0;0;4;0;0;99;99;0
723688;44,921;3;7;0;3;0;0;99;99;0
725188;45,002;2;6;0;2;0;0;99;99;0
726688;45,083;1;5;0;1;0;0;99;99;0
728188;45,165;0;4;0;0;0;0;99;99;0
729688;45,253;0;3;0;0;