Iteration;Time;TD-0;TD-1;TD-2;TD-3;TD-4;TD-5;TD-6;TD-7;TD-8;
2089;1,272;0;0;4;0;4;0;4;4;0
3589;1,673;0;4;3;0;3;0;3;3;0
5123;1,865;0;3;2;0;2;0;2;2;0
6623;2,057;0;2;1;0;1;0;1;1;0
8123;2,156;0;1;0;0;0;0;0;0;0
10170;2,507;4;0;0;4;0;0;0;5;0
11670;2,704;3;0;4;3;0;0;4;4;0
13170;2,807;2;4;3;2;0;0;3;3;0
14170;2,869;1;3;2;1;0;0;2;2;0
15191;2,938;0;2;1;0;0;0;1;1;0
16691;3,031;0;1;0;0;0;4;0;0;0
18691;3,269;0;0;0;0;0;3;5;6;0
20191;3,361;0;0;4;0;0;2;4;5;4
21691;3,483;0;0;3;0;0;1;3;4;3
23220;3,59;0;4;2;0;0;0;2;3;2
24720;3,682;0;3;1;0;0;0;1;2;1
26220;3,778;0;2;0;0;0;0;0;1;0
28220;3,901;0;1;5;0;0;0;6;0;0
29720;3,995;0;0;4;4;0;0;5;0;0
31220;4,067;0;0;3;3;0;0;4;4;4
32748;4,154;0;0;2;2;0;0;3;3;3
34248;4,237;0;0;1;1;0;0;2;2;2
35748;4,324;0;0;0;0;0;0;1;1;1
37248;4,416;0;0;6;0;0;0;0;0;0
39248;4,547;0;4;5;0;4;0;7;5;0
40748;4,63;0;3;4;0;3;0;6;4;0
42248;4,717;0;2;3;0;2;0;5;3;0
43784;4,811;0;1;2;0;1;0;4;2;0
45284;4,906;0;0;1;0;0;0;3;1;0
46784;5,006;0;0;0;0;5;0;2;0;0
48784;5,132;0;4;7;0;4;0;1;6;0
50284;5,23;0;3;6;0;3;0;0;5;0
51784;5,311;0;2;5;0;2;0;8;4;0
53284;5,379;0;1;4;0;1;0;99;3;0
54784;5,449;0;0;3;0;0;0;99;2;0
56311;5,557;0;0;2;0;0;4;99;1;0
57811;5,649;0;0;1;4;0;3;99;0;0
59311;5,735;0;0;0;3;0;2;99;7;0
60811;5,833;0;0;0;2;0;1;99;6;4
62311;5,93;0;0;4;1;0;0;99;5;3
63811;6,013;0;4;3;0;0;0;99;4;2
65311;6,097;0;3;2;0;0;0;99;3;1
66811;6,18;0;2;1;0;0;0;99;2;0
68311;6,265;0;1;0;0;4;0;99;1;0
69833;6,354;0;0;0;0;3;0;99;0;4
71333;6,445;0;5;0;0;2;0;99;0;3
72833;6,525;0;4;4;0;1;0;99;4;2
73833;6,571;0;3;3;0;0;0;99;3;1
75333;6,641;0;2;2;0;0;0;99;2;0
76833;6,715;0;1;1;0;4;0;99;1;0
78333;6,785;0;0;0;0;3;0;99;0;0
80333;6,9;0;0;5;0;2;0;99;5;0
81833;6,985;0;0;4;4;1;0;99;4;0
83333;7,062;0;4;3;3;0;0;99;3;0
84863;7,141;0;3;2;2;0;0;99;2;0
86363;7,212;0;2;1;1;0;0;99;1;0
87863;7,29;0;1;0;0;0;0;99;0;0
89863;7,392;0;0;6;0;0;0;99;6;0
91363;7,495;0;5;5;0;0;0;99;5;0
92863;7,584;0;4;4;0;4;0;99;4;0
94363;7,673;0;3;3;0;3;0;99;3;0
95863;7,757;0;2;2;0;2;0;99;2;0
97363;7,835;0;1;1;0;1;0;99;1;0
98863;7,905;0;0;0;0;0;0;99;0;0
100863;8,011;0;0;0;0;5;0;99;7;4
102390;8,166;4;0;4;0;4;0;99;6;3
103390;8,285;3;0;3;0;3;0;99;5;2
104390;8,395;2;0;2;0;2;0;99;4;1
105390;8,466;1;4;1;0;1;0;99;3;0
106390;8,591;0;3;0;0;0;0;99;2;0
107890;8,799;0;2;0;0;0;4;99;1;0
109390;8,9;0;1;0;4;0;3;99;0;0
110890;9,028;0;0;4;3;0;2;99;8;0
112390;9,1;0;0;3;2;0;1;99;99;0
113890;9,303;0;4;2;1;0;0;99;99;0
115390;9,407;0;3;1;0;0;0;99;99;0
116916;9,506;0;2;0;0;4;0;99;99;0
118416;9,587;0;1;5;0;3;0;99;99;0
119916;9,686;0;0;4;0;2;0;99;99;0
121416;9,799;0;0;3;4;1;0;99;99;0
122916;9,909;0;4;2;3;0;0;99;99;0
124416;9,984;0;3;1;2;0;0;99;99;0
125916;10,056;0;2;0;1;0;0;99;99;0
127416;10,215;0;1;6;0;0;0;99;99;0
128916;10,356;0;0;5;0;4;0;99;99;0
130416;10,437;0;0;4;4;3;0;99;99;0
131916;10,557;0;4;3;3;2;0;99;99;0
132936;10,661;0;3;2;2;1;0;99;99;0
133936;10,734;0;2;1;1;0;0;99;99;0
135436;10,809;0;1;0;0;0;0;99;99;0
136936;10,943;0;0;7;0;0;0;99;99;0
138436;11,016;0;0;6;4;0;0;99;99;0
139936;11,103;0;4;5;3;4;0;99;99;0
140936;11,154;0;3;4;2;3;0;99;99;0
141936;11,207;0;2;3;1;2;0;99;99;0
142936;11,263;0;1;2;0;1;0;99;99;0
144436;11,371;0;0;1;0;0;0;99;99;0
145936;11,462;0;0;0;0;5;0;99;99;0
147464;11,56;0;0;0;4;4;0;99;99;0
148964;11,636;0;0;4;3;3;0;99;99;0
150464;11,716;0;0;3;2;2;0;99;99;0
151964;11,802;0;0;2;1;1;0;99;99;0
153464;11,89;0;4;1;0;0;0;99;99;0
154964;11,984;0;3;0;0;6;0;99;99;0
156464;12,066;0;2;5;0;5;0;99;99;0
157964;12,145;0;1;4;0;4;0;99;99;0
159464;12,229;0;0;3;0;3;0;99;99;0
160964;12,317;0;0;2;4;2;0;99;99;0
162464;12,397;0;0;1;3;1;0;99;99;0
163993;12,484;0;0;0;2;0;0;99;99;0
165493;12,573;0;4;6;1;0;0;99;99;0
166993;12,662;0;3;5;0;0;0;99;99;0
168493;12,748;0;2;4;0;4;0;99;99;0
169993;12,84;0;1;3;0;3;0;99;99;0
171493;12,923;0;0;2;0;2;0;99;99;0
172993;13,008;0;5;1;0;1;0;99;99;0
174493;13,065;0;4;0;0;0;0;99;99;0
175993;13,15;0;3;0;0;5;0;99;99;0
177493;13,238;0;2;4;0;4;0;99;99;0
178993;13,32;0;1;3;0;3;0;99;99;0
180529;13,41;0;0;2;0;2;0;99;99;0
182029;13,535;0;0;1;4;1;0;99;99;0
183529;13,616;0;0;0;3;0;0;99;99;0
185029;13,704;0;0;0;2;6;0;99;99;0
186529;13,787;0;0;4;1;5;0;99;99;0
188029;13,866;0;4;3;0;4;0;99;99;0
189529;13,945;0;3;2;0;3;0;99;99;0
191029;14,033;0;2;1;0;2;0;99;99;0
192529;14,117;0;1;0;0;1;0;99;99;0
194029;14,204;0;0;5;0;0;0;99;99;0
195529;14,294;0;0;4;0;0;4;99;99;0
197060;14,384;0;0;3;4;0;3;99;99;0
198560;14,48;0;0;2;3;0;2;99;99;0
200060;14,564;0;0;1;2;0;1;99;99;0
201560;14,646;0;0;0;1;0;0;99;99;0
203060;14,733;0;4;6;0;0;0;99;99;0
204560;14,82;0;3;5;0;4;0;99;99;0
206060;14,892;0;2;4;0;3;0;99;99;0
207560;14,981;0;1;3;0;2;0;99;99;0
209060;15,066;0;0;2;0;1;0;99;99;0
210560;15,226;0;0;1;4;0;0;99;99;0
212060;15,35;0;0;0;3;5;0;99;99;0
213584;15,437;0;4;0;2;4;0;99;99;0
215084;15,52;0;3;4;1;3;0;99;99;0
216084;15,572;0;2;3;0;2;0;99;99;0
217584;15,653;0;1;2;0;1;0;99;99;0
219084;15,73;0;0;1;0;0;0;99;99;0
220584;15,818;0;0;0;0;0;0;99;99;4
222084;15,9;0;0;0;0;4;0;99;99;3
223584;15,995;0;4;4;0;3;0;99;99;2
224584;16,05;0;3;3;0;2;0;99;99;1
225584;16,102;0;2;2;0;1;0;99;99;0
227084;16,185;0;1;1;0;0;0;99;99;0
228607;16,275;0;0;0;4;0;0;99;99;0
230107;16,362;0;0;5;3;0;0;99;99;0
231607;16,44;0;4;4;2;4;0;99;99;0
232607;16,485;0;3;3;1;3;0;99;99;0
233607;16,539;0;2;2;0;2;0;99;99;0
235107;16,624;0;1;1;0;1;0;99;99;0
236607;16,746;0;0;0;0;0;0;99;99;0
238607;16,88;0;0;0;0;5;0;99;99;4
240107;16,968;0;4;4;0;4;0;99;99;3
241107;17,022;0;3;3;0;3;0;99;99;2
242107;17,08;0;2;2;0;2;0;99;99;1
243124;17,135;0;1;1;0;1;0;99;99;0
244624;17,277;0;0;0;0;0;0;99;99;0
246624;17,459;0;0;0;0;6;4;99;99;0
248124;17,546;0;0;4;4;5;3;99;99;0
249124;17,6;0;0;3;3;4;2;99;99;0
250124;17,661;0;0;2;2;3;1;99;99;0
251124;17,717;0;0;1;1;2;0;99;99;0
252624;17,812;0;0;0;0;1;0;99;99;0
254124;17,908;0;0;5;0;0;0;99;99;0
255624;18,001;0;0;4;0;0;0;99;99;4
257124;18,096;0;0;3;0;4;0;99;99;3
258654;18,189;0;0;2;0;3;0;99;99;2
260154;18,274;0;0;1;0;2;0;99;99;1
261654;18,36;0;0;0;0;1;0;99;99;0
263154;18,449;0;0;6;0;0;0;99;99;0
264654;18,538;0;0;5;0;0;0;99;99;4
266154;18,629;0;0;4;0;4;0;99;99;3
267654;18,714;0;0;3;0;3;0;99;99;2
269154;18,797;0;0;2;0;2;0;99;99;1
270654;18,885;0;0;1;0;1;0;99;99;0
272154;18,972;0;0;0;0;0;0;99;99;5
273654;19,061;0;0;7;0;0;0;99;99;4
275181;19,161;0;0;6;0;4;0;99;99;3
276681;19,253;0;0;5;0;3;0;99;99;2
278181;19,352;0;0;4;0;2;0;99;99;1
279681;19,454;0;0;3;0;1;0;99;99;0
281181;19,541;0;0;2;0;0;4;99;99;0
282681;19,629;0;0;1;0;0;3;99;99;4
284181;19,709;0;0;0;0;0;2;99;99;3
285681;19,792;0;0;0;4;0;1;99;99;2
287181;19,872;0;0;4;3;0;0;99;99;1
288681;19,934;0;0;3;2;0;0;99;99;0
290181;20,001;0;0;2;1;0;4;99;99;0
291709;20,09;0;0;1;0;0;3;99;99;0
293209;20,178;0;0;0;0;4;2;99;99;0
294709;20,268;0;0;0;0;3;1;99;99;4
296209;20,349;0;0;4;0;2;0;99;99;3
297709;20,431;0;0;3;0;1;0;99;99;2
299209;20,516;0;0;2;0;0;0;99;99;1
300709;20,602;0;0;1;0;5;0;99;99;0
302209;20,689;0;0;0;0;4;4;99;99;0
303709;20,777;0;0;0;0;3;3;99;99;4
305209;20,858;0;0;4;0;2;2;99;99;3
306209;20,915;0;0;3;0;1;1;99;99;2
307230;20,978;0;0;2;0;0;0;99;99;1
308730;21,075;0;0;1;0;6;0;99;99;0
310230;21,172;0;0;0;0;5;4;99;99;0
311730;21,27;0;0;0;0;4;3;99;99;4
313230;21,369;0;0;4;0;3;2;99;99;3
314230;21,426;0;0;3;0;2;1;99;99;2
315230;21,482;0;0;2;0;1;0;99;99;1
316730;21,571;0;0;1;0;0;0;99;99;0
318230;21,659;0;0;0;0;7;0;99;99;0
319730;21,748;0;0;0;0;6;0;99;99;4
321230;21,834;0;0;4;0;5;0;99;99;3
322758;21,932;0;0;3;0;4;0;99;99;2
324258;22,04;0;0;2;0;3;0;99;99;1
325758;22,124;0;0;1;0;2;0;99;99;0
327258;22,212;0;0;0;0;1;0;99;99;5
328758;22,302;0;0;5;0;0;0;99;99;4
330258;22,386;0;0;4;0;0;4;99;99;3
331758;22,471;0;0;3;0;0;3;99;99;2
333258;22,559;0;0;2;0;0;2;99;99;1
334758;22,653;0;0;1;0;0;1;99;99;0
336258;22,743;0;4;0;0;0;0;99;99;0
337758;22,835;0;3;0;0;4;0;99;99;0
339285;22,924;0;2;4;4;3;0;99;99;0
340285;22,976;0;1;3;3;2;0;99;99;0
341285;23,029;0;0;2;2;1;0;99;99;0
342785;23,112;0;0;1;1;0;0;99;99;0
344285;23,196;0;0;0;0;0;4;99;99;0
345785;23,283;0;0;0;5;0;3;99;99;0
347285;23,365;0;4;4;4;0;2;99;99;0
348285;23,416;0;3;3;3;0;1;99;99;0
349285;23,467;0;2;2;2;0;0;99;99;0
350785;23,547;0;1;1;1;0;0;99;99;0
352285;23,627;0;0;0;0;0;0;99;99;0
354319;23,741;0;5;0;6;0;0;99;99;0
355819;23,815;0;4;4;5;0;0;99;99;0
357319;23,884;0;3;3;4;0;0;99;99;0
358819;23,953;0;2;2;3;0;0;99;99;0
360319;24,024;0;1;1;2;0;0;99;99;0
361819;24,099;0;0;0;1;0;0;99;99;0
363319;24,176;0;0;5;0;0;0;99;99;0
364819;24,283;0;0;4;0;4;0;99;99;0
366319;24,37;0;4;3;0;3;0;99;99;0
367819;24,445;0;3;2;0;2;0;99;99;0
369319;24,521;0;2;1;0;1;0;99;99;0
370842;24,598;0;1;0;0;0;0;99;99;0
372342;24,665;0;0;6;0;0;0;99;99;0
373842;24,746;0;0;5;0;0;4;99;99;0
375342;24,83;4;0;4;0;0;3;99;99;0
376842;24,912;3;0;3;0;0;2;99;99;0
378342;24,997;2;0;2;0;0;1;99;99;0
379842;25,083;1;0;1;0;0;0;99;99;0
381342;25,172;0;0;0;0;0;5;99;99;0
382842;25,269;0;4;0;0;0;4;99;99;0
384342;25,359;0;3;4;0;4;3;99;99;0
385342;25,416;0;2;3;0;3;2;99;99;0
386358;25,47;0;1;2;0;2;1;99;99;0
387358;25,524;0;0;1;0;1;0;99;99;0
388858;25,61;0;0;0;0;0;0;99;99;4
390358;25,695;0;0;5;0;0;0;99;99;3
391858;25,778;0;0;4;0;0;4;99;99;2
393358;25,856;0;0;3;0;0;3;99;99;1
394858;25,938;0;0;2;0;0;2;99;99;0
396358;26,016;0;0;1;4;0;1;99;99;0
397858;26,079;0;0;0;3;0;0;99;99;0
399358;26,171;0;0;0;2;4;0;99;99;0
400858;26,246;0;0;4;1;3;4;99;99;0
401875;26,302;0;0;3;0;2;3;99;99;0
403375;26,38;0;0;2;0;1;2;99;99;0
404875;26,461;0;0;1;0;0;1;99;99;0
406375;26,548;0;0;0;0;0;0;99;99;4
407875;26,637;0;0;0;0;0;5;99;99;3
409375;26,721;0;0;4;0;4;4;99;99;2
410375;26,769;0;0;3;0;3;3;99;99;1
411375;26,816;0;0;2;0;2;2;99;99;0
412875;26,892;0;0;1;0;1;1;99;99;0
414375;26,972;0;0;0;0;0;0;99;99;0
416375;27,095;0;0;0;4;5;0;99;99;0
417910;27,185;0;0;4;3;4;4;99;99;0
418910;27,237;0;0;3;2;3;3;99;99;0
419910;27,288;0;0;2;1;2;2;99;99;0
420910;27,34;0;0;1;0;1;1;99;99;0
422410;27,418;0;0;0;0;0;0;99;99;0
424410;27,541;0;0;0;0;6;0;99;99;4
425910;27,627;0;0;4;4;5;0;99;99;3
426910;27,679;0;0;3;3;4;0;99;99;2
427910;27,732;0;0;2;2;3;0;99;99;1
428910;27,784;0;0;1;1;2;0;99;99;0
430410;27,866;0;0;0;0;1;0;99;99;0
431936;27,936;0;0;0;0;0;0;99;99;4
433436;28,012;0;0;4;0;7;0;99;99;3
434936;28,074;0;0;3;0;6;0;99;99;2
436436;28,132;0;0;2;0;5;0;99;99;1
437936;28,205;0;0;1;0;4;0;99;99;0
439436;28,289;0;4;0;0;3;0;99;99;0
440936;28,37;4;3;0;0;2;0;99;99;0
442436;28,45;3;2;4;0;1;0;99;99;0
443436;28,501;2;1;3;0;0;0;99;99;0
444936;28,601;1;0;2;0;0;0;99;99;0
446436;28,691;0;0;1;0;4;0;99;99;0
447962;28,782;0;0;0;0;3;0;99;99;4
449462;28,864;4;0;0;0;2;0;99;99;3
450962;28,944;3;0;0;0;1;0;99;99;2
452462;29,029;2;0;4;0;0;0;99;99;1
453962;29,109;1;0;3;0;0;0;99;99;0
455462;29,181;0;4;2;0;0;0;99;99;0
456962;29,258;0;3;1;4;0;0;99;99;0
458462;29,342;0;2;0;3;0;0;99;99;0
459962;29,429;0;1;0;2;0;0;99;99;4
461462;29,51;0;0;4;1;0;0;99;99;3
462962;29,583;0;0;3;0;0;0;99;99;2
464495;29,662;0;0;2;5;0;0;99;99;1
465995;29,742;0;0;1;4;0;0;99;99;0
467495;29,83;0;0;0;3;0;4;99;99;0
468995;29,914;0;4;0;2;0;3;99;99;0
470495;29,993;0;3;4;1;0;2;99;99;0
471495;30,043;0;2;3;0;0;1;99;99;0
472995;30,125;0;1;2;0;0;0;99;99;0
474495;30,207;0;0;1;0;4;0;99;99;0
475995;30,289;0;0;0;0;3;4;99;99;0
477495;30,373;0;0;0;4;2;3;99;99;0
478995;30,445;0;0;0;3;1;2;99;99;0
480528;30,525;0;0;4;2;0;1;99;99;0
482028;30,605;0;0;3;1;0;0;99;99;0
483528;30,68;0;0;2;0;0;5;99;99;0
485028;30,767;0;0;1;5;0;4;99;99;0
486528;30,841;0;0;0;4;0;3;99;99;0
488028;30,924;0;0;0;3;0;2;99;99;4
489528;31,001;0;0;0;2;0;1;99;99;3
491028;31,081;0;0;0;1;0;0;99;99;2
492528;31,164;0;0;4;0;0;0;99;99;1
494028;31,252;0;0;3;0;4;0;99;99;0
495528;31,338;0;0;2;4;3;0;99;99;0
497056;31,424;0;0;1;3;2;0;99;99;0
498556;31,505;0;0;0;2;1;0;99;99;0
500056;31,596;0;4;0;1;0;0;99;99;0
501556;31,688;0;3;0;0;5;0;99;99;0
503056;31,774;0;2;0;0;4;0;99;99;4
504556;31,866;0;1;0;0;3;0;99;99;3
506056;31,949;0;0;0;0;2;0;99;99;2
507556;32,037;0;0;0;4;1;0;99;99;1
509056;32,12;0;0;0;3;0;0;99;99;0
510556;32,208;0;0;0;2;6;0;99;99;0
512056;32,296;0;0;0;1;5;4;99;99;0
513580;32,385;0;0;0;0;4;3;99;99;0
515080;32,473;0;0;0;0;3;2;99;99;4
516580;32,55;0;0;0;0;2;1;99;99;3
518080;32,627;0;0;0;0;1;0;99;99;2
519580;32,718;0;0;0;4;0;0;99;99;1
521080;32,806;0;0;0;3;7;0;99;99;0
522580;32,894;0;0;4;2;6;0;99;99;0
524080;32,976;0;0;3;1;5;0;99;99;0
525580;33,064;0;0;2;0;4;0;99;99;0
527080;33,153;0;0;1;0;3;0;99;99;4
528580;33,238;0;0;0;0;2;0;99;99;3
530106;33,327;0;4;0;0;1;0;99;99;2
531606;33,412;0;3;0;0;0;0;99;99;1
533106;33,5;0;2;0;0;8;0;99;99;0
534606;33,587;0;1;4;0;7;0;99;99;0
536106;33,669;0;0;3;0;6;0;99;99;0
537606;33,756;0;5;2;0;5;0;99;99;0
539106;33,839;0;4;1;0;4;0;99;99;0
540606;33,926;0;3;0;0;3;0;99;99;0
542106;34,006;0;2;0;4;2;0;99;99;0
543606;34,097;0;1;0;3;1;0;99;99;0
545106;34,181;0;0;0;2;0;0;99;99;0
546635;34,279;0;0;0;1;8;0;99;99;0
548135;34,369;0;4;0;0;7;0;99;99;0
549635;34,461;4;3;0;0;6;0;99;99;0
551135;34,546;3;2;0;0;5;0;99;99;0
552635;34,642;2;1;0;0;4;0;99;99;0
554135;34,727;1;0;0;0;3;0;99;99;0
555635;34,815;0;0;0;0;2;4;99;99;0
557135;34,92;0;0;0;0;1;3;99;99;4
558635;35,003;0;0;0;0;0;2;99;99;3
560135;35,092;0;4;0;0;0;1;99;99;2
561635;35,181;0;3;0;0;0;0;99;99;1
563168;35,273;0;2;0;0;4;0;99;99;0
564668;35,361;0;1;0;4;3;0;99;99;0
566168;35,444;0;0;0;3;2;0;99;99;0
567668;35,532;0;5;0;2;1;0;99;99;0
569168;35,615;0;4;0;1;0;0;99;99;0
570668;35,704;0;3;0;0;5;0;99;99;0
572168;35,792;0;2;0;0;4;0;99;99;4
573668;35,877;0;1;0;0;3;0;99;99;3
575168;35,964;0;0;0;0;2;0;99;99;2
576668;36,052;0;0;0;0;1;4;99;99;1
578168;36,132;0;0;0;0;0;3;99;99;0
579689;36,226;0;0;0;0;0;2;99;99;5
581189;36,316;0;4;0;0;0;1;99;99;4
582689;36,4;0;3;0;0;0;0;99;99;3
584189;36,494;0;2;0;0;0;5;99;99;2
585689;36,577;0;1;0;0;0;4;99;99;1
587189;36,642;0;0;0;0;0;3;99;99;0
588689;36,711;0;0;0;0;4;2;99;99;0
590189;36,773;0;0;4;0;3;1;99;99;0
591689;36,836;0;0;3;0;2;0;99;99;0
593189;36,917;0;4;2;0;1;0;99;99;0
594689;36,995;0;3;1;0;0;0;99;99;0
596219;37,102;0;2;0;0;0;4;99;99;0
597719;37,2;0;1;5;0;0;3;99;99;0
599219;37,308;0;0;4;0;0;2;99;99;0
600719;37,398;0;5;3;0;0;1;99;99;0
602219;37,494;0;4;2;0;0;0;99;99;0
603719;37,579;0;3;1;0;4;0;99;99;0
605219;37,765;0;2;0;0;3;0;99;99;0
606719;37,963;0;1;0;0;2;4;99;99;0
608219;38,115;0;0;0;0;1;3;99;99;0
609719;38,192;0;0;0;0;0;2;99;99;4
611219;38,268;0;4;0;0;0;1;99;99;3
612748;38,345;0;3;0;0;0;0;99;99;2
614248;38,413;0;2;0;0;0;5;99;99;1
615748;38,493;0;1;0;0;0;4;99;99;0
617248;38,58;0;0;4;0;0;3;99;99;0
618748;38,669;0;0;3;0;0;2;99;99;4
620248;38,753;0;0;2;0;0;1;99;99;3
621748;38,837;0;0;1;0;0;0;99;99;2
623248;38,927;0;0;0;0;0;6;99;99;1
624748;39,017;0;0;0;4;0;5;99;99;0
626248;39,103;0;0;0;3;0;4;99;99;5
627748;39,186;0;0;0;2;0;3;99;99;4
629277;39,276;0;0;0;1;0;2;99;99;3
630777;39,362;0;0;0;0;0;1;99;99;2
632277;39,452;0;0;4;0;0;0;99;99;1
633777;39,541;0;0;3;0;4;0;99;99;0
635277;39,628;0;4;2;0;3;0;99;99;0
636777;39,713;0;3;1;0;2;0;99;99;0
638277;39,8;0;2;0;0;1;0;99;99;0
639777;39,891;0;1;5;0;0;0;99;99;0
641277;39,978;4;0;4;0;0;0;99;99;0
642777;40,07;3;0;3;0;4;0;99;99;0
644277;40,153;2;0;2;0;3;0;99;99;0
645806;40,242;1;0;1;0;2;0;99;99;0
647306;40,326;0;0;0;0;1;0;99;99;0
648806;40,418;0;0;0;4;0;0;99;99;0
650306;40,511;0;4;0;3;0;0;99;99;0
651806;40,601;0;3;0;2;4;0;99;99;0
653306;40,668;0;2;0;1;3;0;99;99;0
654806;40,747;0;1;0;0;2;0;99;99;0
656306;40,833;0;0;0;0;1;4;99;99;0
657806;40,919;0;0;0;0;0;3;99;99;4
659306;41,008;4;0;0;0;0;2;99;99;3
660806;41,09;3;0;0;0;0;1;99;99;2
662330;41,175;2;0;0;0;0;0;99;99;1
663830;41,256;1;0;0;0;4;0;99;99;0
665330;41,34;0;0;0;0;3;4;99;99;0
666830;41,422;0;0;0;0;2;3;99;99;4
668330;41,5;0;0;0;0;1;2;99;99;3
669830;41,579;0;0;0;0;0;1;99;99;2
671330;41,666;0;0;4;0;0;0;99;99;1
672830;41,753;0;0;3;0;0;5;99;99;0
674330;41,839;0;0;2;0;4;4;99;99;0
675830;41,92;0;0;1;0;3;3;99;99;0
677330;42,001;0;0;0;0;2;2;99;99;0
678850;42,085;0;0;0;0;1;1;99;99;4
680350;42,164;0;0;0;0;0;0;99;99;3
681850;42,235;0;0;0;0;0;6;99;99;2
683350;42,32;0;0;0;0;4;5;99;99;1
684850;42,396;0;0;0;0;3;4;99;99;0
686350;42,457;0;4;0;0;2;3;99;99;0
687850;42,515;0;3;0;0;1;2;99;99;0
689350;42,569;0;2;0;0;0;1;99;99;0
690850;42,649;0;1;0;0;5;0;99;99;0
692350;42,732;0;0;0;0;4;7;99;99;0
693850;42,823;0;0;4;0;3;6;99;99;0
695383;42,906;0;0;3;0;2;5;99;99;0
696883;42,982;0;0;2;0;1;4;99;99;0
698383;43,061;0;0;1;0;0;3;99;99;0
699883;43,148;0;0;0;0;0;2;99;99;4
701383;43,234;0;0;0;4;0;1;99;99;3
702883;43,317;0;0;0;3;0;0;99;99;2
704383;43,403;0;0;4;2;0;0;99;99;1
705883;43,484;0;0;3;1;0;0;99;99;0
707383;43,581;0;0;2;0;0;0;99;99;5
708883;43,664;0;0;1;5;0;0;99;99;4
710383;43,743;0;0;0;4;0;0;99;99;3
711909;43,865;0;0;0;3;0;4;99;99;2
713409;43,956;0;0;0;2;0;3;99;99;1
714909;44,039;0;0;0;1;0;2;99;99;0
716409;44,1;0;4;0;0;0;1;99;99;0
717909;44,172;0;3;0;0;4;0;99;99;0
719409;44,252;0;2;0;0;3;0;99;99;4
720909;44,331;0;1;0;0