Iteration;Time;TD-0;TD-1;TD-2;TD-3;TD-4;TD-5;TD-6;TD-7;TD-8;
2064;0,935;0;0;0;4;4;0;4;4;0
3564;1,198;0;0;0;3;3;0;3;3;4
5103;1,491;0;0;0;2;2;0;2;2;3
6603;1,621;0;0;0;1;1;0;1;1;2
8103;1,773;0;0;0;0;0;0;0;0;1
10145;2,022;0;0;4;0;0;0;5;5;0
11645;2,298;4;0;3;0;4;0;4;4;0
13145;2,452;3;0;2;0;3;0;3;3;0
14645;2,66;2;0;1;0;2;0;2;2;0
16173;2,823;1;0;0;0;1;0;1;1;0
17673;2,917;0;0;0;0;0;0;0;0;4
19673;3,083;0;0;4;0;0;4;0;6;3
21173;3,192;4;0;3;0;0;3;0;5;2
22673;3,283;3;0;2;0;0;2;0;4;1
24201;3,428;2;0;1;0;0;1;4;3;0
25701;3,524;1;0;0;0;0;0;3;2;0
27201;3,622;0;0;0;0;0;5;2;1;0
28701;3,743;5;0;0;0;0;4;1;0;0
30201;3,835;4;0;4;0;0;3;0;7;0
31701;3,923;3;0;3;0;0;2;0;6;0
33233;4,02;2;0;2;0;0;1;0;5;4
34733;4,109;1;0;1;0;0;0;4;4;3
36233;4,199;0;0;0;0;0;0;3;3;2
37733;4,292;6;0;0;0;0;0;2;2;1
39233;4,379;5;4;0;0;0;0;1;1;0
40733;4,465;4;3;0;0;0;0;0;0;5
42233;4,551;3;2;0;0;0;0;0;8;4
43765;4,643;2;1;0;0;0;0;4;99;3
45265;4,728;1;0;0;0;0;0;3;99;2
46765;4,816;0;5;0;0;0;0;2;99;1
48265;4,909;7;4;0;0;0;0;1;99;0
49765;5,007;6;3;0;4;0;0;0;99;0
51265;5,114;5;2;0;3;0;0;5;99;4
52265;5,176;4;1;0;2;0;0;4;99;3
53265;5,223;3;0;0;1;0;0;3;99;2
54799;5,298;2;0;0;0;0;0;2;99;1
56299;5,399;1;0;0;5;0;0;1;99;0
57799;5,49;0;4;0;4;0;0;0;99;0
59299;5,578;0;3;0;3;0;0;0;99;4
60799;5,678;0;2;0;2;0;0;4;99;3
62299;5,761;0;1;0;1;0;0;3;99;2
63799;5,84;0;0;0;0;0;0;2;99;1
65299;5,93;0;0;0;0;4;0;1;99;0
66799;6,019;0;0;0;4;3;0;0;99;0
68318;6,161;0;0;0;3;2;0;0;99;4
69818;6,247;0;4;0;2;1;0;4;99;3
70818;6,285;0;3;0;1;0;0;3;99;2
72318;6,357;0;2;0;0;0;0;2;99;1
73818;6,444;0;1;0;5;0;0;1;99;0
75318;6,534;4;0;0;4;0;0;0;99;0
76818;6,621;3;0;0;3;0;4;0;99;0
78318;6,705;2;0;4;2;0;3;0;99;0
79818;6,793;1;0;3;1;0;2;0;99;0
81318;6,878;0;0;2;0;0;1;4;99;0
82843;6,965;0;4;1;0;0;0;3;99;0
84343;7,046;0;3;0;4;0;0;2;99;0
85843;7,128;0;2;5;3;0;0;1;99;0
87343;7,214;0;1;4;2;0;0;0;99;0
88843;7,301;4;0;3;1;0;0;0;99;0
90343;7,383;3;0;2;0;0;0;4;99;4
91843;7,468;2;0;1;0;0;0;3;99;3
93343;7,548;1;4;0;0;0;0;2;99;2
94843;7,631;0;3;0;0;0;0;1;99;1
96343;7,725;0;2;4;0;0;0;0;99;0
97843;7,815;0;1;3;0;0;0;5;99;0
99372;7,917;0;0;2;4;0;0;4;99;0
100872;8,022;4;0;1;3;0;0;3;99;0
102372;8,243;3;0;0;2;0;0;2;99;0
103872;8,494;2;0;0;1;4;0;1;99;0
105372;8,7;1;0;0;0;3;0;0;99;0
106872;8,993;0;0;0;0;2;0;0;99;4
108372;9,147;0;0;4;0;1;0;4;99;3
109872;9,293;0;0;3;0;0;0;3;99;2
111372;9,44;0;0;2;0;5;0;2;99;1
112872;9,514;0;0;1;0;4;0;1;99;0
114372;9,594;0;0;0;0;3;0;0;99;5
115899;9,679;0;0;0;0;2;0;5;99;4
117399;9,759;0;0;0;4;1;0;4;99;3
118899;9,833;0;0;0;3;0;0;3;99;2
120399;9,906;0;4;0;2;0;0;2;99;1
121899;9,986;0;3;0;1;0;0;1;99;0
123399;10,065;0;2;4;0;0;0;0;99;0
124899;10,258;0;1;3;0;0;0;6;99;0
126399;10,465;0;0;2;0;0;0;5;99;4
127899;10,597;0;0;1;0;4;0;4;99;3
129399;10,771;0;0;0;0;3;0;3;99;2
130899;10,917;0;0;0;4;2;0;2;99;1
132434;11,023;0;0;0;3;1;0;1;99;0
133934;11,18;0;0;0;2;0;0;0;99;5
135434;11,267;4;0;0;1;0;0;0;99;4
136934;11,363;3;0;0;0;4;0;4;99;3
138434;11,444;2;0;0;0;3;0;3;99;2
139934;11,529;1;0;0;0;2;0;2;99;1
141434;11,614;0;0;0;0;1;0;1;99;0
142934;11,704;5;0;0;0;0;0;0;99;0
144934;11,827;4;0;0;0;5;0;5;99;0
146434;11,915;3;0;0;4;4;0;4;99;0
147934;12,003;2;0;0;3;3;0;3;99;0
149456;12,093;1;0;0;2;2;0;2;99;0
150956;12,179;0;0;0;1;1;0;1;99;0
152456;12,263;6;0;0;0;0;0;0;99;0
154456;12,389;5;0;4;0;0;0;6;99;0
155956;12,477;4;4;3;0;0;0;5;99;0
157456;12,57;3;3;2;0;0;0;4;99;0
158956;12,655;2;2;1;0;0;0;3;99;0
160456;12,739;1;1;0;0;0;0;2;99;0
161956;12,832;0;0;0;0;0;4;1;99;0
163456;12,926;0;0;4;0;0;3;0;99;4
164956;13,01;0;0;3;0;4;2;0;99;3
166486;13,103;0;0;2;0;3;1;4;99;2
167486;13,155;0;0;1;0;2;0;3;99;1
168986;13,237;0;0;0;0;1;0;2;99;0
170486;13,328;4;0;0;0;0;0;1;99;0
171986;13,409;3;0;0;0;5;0;0;99;0
173486;13,478;2;0;0;0;4;0;0;99;4
174986;13,569;1;0;0;0;3;4;4;99;3
175986;13,628;0;0;0;0;2;3;3;99;2
177486;13,714;0;0;0;0;1;2;2;99;1
178986;13,816;0;0;0;0;0;1;1;99;0
180486;13,911;0;0;0;0;6;0;0;99;0
182531;14,055;0;0;4;0;5;0;0;99;4
184031;14,148;4;0;3;0;4;0;4;99;3
185031;14,202;3;0;2;0;3;0;3;99;2
186031;14,255;2;0;1;0;2;0;2;99;1
187031;14,309;1;0;0;0;1;0;1;99;0
188531;14,405;0;0;0;4;0;0;0;99;0
190531;14,531;0;4;0;3;0;0;5;99;0
192031;14,623;4;3;0;2;0;0;4;99;0
193531;14,711;3;2;0;1;0;0;3;99;0
195031;14,797;2;1;0;0;0;0;2;99;0
196531;14,89;1;0;0;0;4;0;1;99;0
198067;14,97;0;0;0;4;3;0;0;99;0
199567;15,047;0;0;0;3;2;4;0;99;0
201067;15,124;4;0;0;2;1;3;0;99;0
202567;15,246;3;0;0;1;0;2;0;99;0
204067;15,336;2;0;0;0;5;1;0;99;0
205567;15,442;1;0;0;0;4;0;4;99;4
207067;15,515;0;0;0;0;3;0;3;99;3
208567;15,592;0;0;0;4;2;0;2;99;2
210067;15,662;0;0;0;3;1;0;1;99;1
211567;15,731;0;0;0;2;0;0;0;99;0
213567;15,838;0;0;4;1;0;0;5;99;0
215087;15,926;4;0;3;0;0;0;4;99;0
216587;16,009;3;0;2;0;4;0;3;99;0
218087;16,095;2;0;1;0;3;0;2;99;0
219587;16,263;1;0;0;0;2;0;1;99;0
221087;16,355;0;0;5;0;1;0;0;99;0
222587;16,447;0;0;4;0;0;4;0;99;0
224087;16,543;4;0;3;0;0;3;0;99;0
225587;16,627;3;0;2;0;0;2;4;99;0
227087;16,71;2;0;1;0;0;1;3;99;0
228587;16,792;1;0;0;0;0;0;2;99;0
230087;16,892;0;0;0;0;4;0;1;99;0
231614;16,987;0;0;4;0;3;0;0;99;0
233114;17,076;0;0;3;0;2;4;0;99;0
234614;17,174;0;0;2;0;1;3;4;99;0
236114;17,235;0;0;1;0;0;2;3;99;0
237614;17,298;0;0;0;0;5;1;2;99;0
239114;17,357;0;0;0;4;4;0;1;99;0
240614;17,417;0;0;0;3;3;5;0;99;0
242114;17,486;0;0;4;2;2;4;0;99;0
243614;17,589;0;0;3;1;1;3;0;99;0
245114;17,691;0;0;2;0;0;2;0;99;0
246614;17,781;4;0;1;0;0;1;0;99;0
248139;17,868;3;0;0;4;0;0;0;99;0
249639;17,953;2;0;5;3;0;0;0;99;0
251139;18,041;1;0;4;2;4;0;0;99;0
252639;18,129;0;0;3;1;3;0;0;99;0
254139;18,217;0;0;2;0;2;0;0;99;4
255639;18,309;0;0;1;0;1;0;4;99;3
257139;18,391;0;0;0;0;0;0;3;99;2
258639;18,485;0;0;6;0;0;0;2;99;1
260139;18,573;4;0;5;0;0;0;1;99;0
261639;18,66;3;0;4;0;0;0;0;99;5
263139;18,747;2;4;3;0;0;0;0;99;4
264670;18,835;1;3;2;0;0;0;0;99;3
266170;18,917;0;2;1;0;0;0;0;99;2
267670;19,008;0;1;0;0;0;4;0;99;1
269170;19,094;0;0;7;0;0;3;0;99;0
270670;19,187;4;0;6;0;0;2;0;99;0
272170;19,275;3;4;5;0;0;1;0;99;4
273170;19,329;2;3;4;0;0;0;0;99;3
274670;19,405;1;2;3;0;0;0;0;99;2
276170;19,468;0;1;2;0;0;0;0;99;1
277670;19,533;5;0;1;0;0;0;0;99;0
279170;19,611;4;0;0;0;4;0;0;99;0
280705;19,714;3;0;0;0;3;4;0;99;0
282205;19,806;2;0;0;0;2;3;0;99;4
283705;19,898;1;0;0;0;1;2;0;99;3
285205;19,987;0;0;0;0;0;1;0;99;2
286705;20,073;0;0;0;0;5;0;0;99;1
288205;20,157;0;0;4;0;4;0;0;99;0
289705;20,242;4;0;3;0;3;0;0;99;0
291205;20,33;3;0;2;4;2;0;0;99;0
292705;20,418;2;0;1;3;1;0;0;99;0
294205;20,504;1;0;0;2;0;0;0;99;0
295705;20,601;0;0;5;1;0;0;0;99;0
297234;20,697;0;0;4;0;4;0;0;99;0
298734;20,787;0;0;3;5;3;0;0;99;0
300234;20,875;0;0;2;4;2;4;0;99;0
301734;20,969;0;0;1;3;1;3;0;99;0
303234;21,061;0;0;0;2;0;2;0;99;0
304734;21,15;0;0;6;1;0;1;0;99;0
306234;21,233;0;0;5;0;4;0;0;99;0
307734;21,322;0;0;4;6;3;0;0;99;0
309234;21,408;4;0;3;5;2;0;0;99;0
310734;21,493;3;0;2;4;1;0;0;99;0
312234;21,58;2;0;1;3;0;0;0;99;0
313758;21,678;1;4;0;2;0;0;0;99;0
315258;21,765;0;3;0;1;4;0;0;99;0
316758;21,857;5;2;0;0;3;0;0;99;0
318258;21,942;4;1;0;7;2;0;0;99;0
319758;22,024;3;0;0;6;1;0;0;99;0
321258;22,114;2;0;0;5;0;0;0;99;4
322758;22,197;1;0;0;4;5;0;0;99;3
324258;22,28;0;0;0;3;4;0;0;99;2
325758;22,368;6;0;0;2;3;0;0;99;1
327258;22,462;5;0;0;1;2;0;0;99;0
328758;22,556;4;0;0;0;1;0;0;99;5
330273;22,649;3;0;0;0;0;4;0;99;4
331773;22,739;2;0;0;4;0;3;0;99;3
333273;22,825;1;0;0;3;0;2;0;99;2
334773;22,912;0;0;0;2;0;1;0;99;1
336273;23,005;0;0;0;1;4;0;0;99;0
337773;23,101;4;0;0;0;3;0;0;99;0
339273;23,255;3;0;0;0;2;0;0;99;4
340773;23,346;2;0;0;4;1;0;0;99;3
342273;23,433;1;0;0;3;0;0;0;99;2
343773;23,535;0;0;4;2;0;0;0;99;1
345273;23,705;0;4;3;1;0;0;4;99;0
346807;23,895;0;3;2;0;0;0;3;99;0
348307;24,038;0;2;1;0;4;0;2;99;0
349807;24,118;0;1;0;0;3;0;1;99;0
351307;24,235;4;0;0;0;2;0;0;99;0
352807;24,41;3;0;0;0;1;4;0;99;0
354307;24,502;2;0;0;4;0;3;0;99;0
355807;24,597;1;4;0;3;0;2;0;99;0
357307;24,688;0;3;0;2;0;1;0;99;0
358807;24,773;0;2;0;1;4;0;0;99;0
360307;24,86;0;1;4;0;3;0;0;99;0
361807;24,948;0;0;3;5;2;0;0;99;0
363336;25,041;4;0;2;4;1;0;0;99;0
364836;25,126;3;0;1;3;0;0;0;99;0
366336;25,215;2;0;0;2;5;0;0;99;0
367836;25,303;1;0;0;1;4;4;0;99;0
369336;25,396;0;0;0;0;3;3;0;99;0
370836;25,483;0;0;0;6;2;2;0;99;0
372336;25,544;0;0;4;5;1;1;0;99;0
373836;25,606;0;0;3;4;0;0;0;99;0
375336;25,679;0;0;2;3;6;0;0;99;0
376836;25,766;0;4;1;2;5;0;0;99;0
378336;25,848;0;3;0;1;4;0;0;99;0
379870;25,914;0;2;0;0;3;4;0;99;0
381370;25,983;0;1;0;0;2;3;0;99;4
382870;26,062;0;0;0;0;1;2;0;99;3
384370;26,146;4;0;0;0;0;1;0;99;2
385870;26,225;3;0;0;0;7;0;0;99;1
387370;26,31;2;4;0;0;6;0;0;99;0
388870;26,395;1;3;0;0;5;4;0;99;0
390370;26,486;0;2;0;0;4;3;0;99;0
391870;26,57;0;1;0;4;3;2;0;99;0
393370;26,652;0;0;0;3;2;1;0;99;0
394870;26,737;0;5;0;2;1;0;0;99;0
396394;26,825;0;4;0;1;0;5;0;99;0
397894;26,912;0;3;4;0;0;4;0;99;0
399394;26,996;4;2;3;0;0;3;0;99;0
400894;27,079;3;1;2;0;0;2;0;99;0
402394;27,162;2;0;1;0;0;1;0;99;0
403894;27,249;1;0;0;0;4;0;0;99;0
405394;27,343;0;4;0;0;3;0;0;99;0
406894;27,413;0;3;4;0;2;0;0;99;0
408394;27,473;4;2;3;0;1;0;0;99;0
409894;27,534;3;1;2;0;0;0;0;99;0
411394;27,598;2;0;1;0;0;0;0;99;4
412926;27,664;1;5;0;0;0;0;0;99;3
414426;27,748;0;4;5;0;0;0;0;99;2
415926;27,833;0;3;4;0;0;0;4;99;1
417426;27,914;0;2;3;0;0;0;3;99;0
418926;28,001;0;1;2;0;0;4;2;99;0
420426;28,082;0;0;1;0;0;3;1;99;0
421926;28,167;4;0;0;0;0;2;0;99;0
423426;28,268;3;4;0;0;0;1;0;99;0
424926;28,351;2;3;0;4;0;0;0;99;0
426426;28,437;1;2;0;3;0;0;4;99;0
427926;28,518;0;1;0;2;0;0;3;99;0
429451;28,606;5;0;0;1;0;0;2;99;0
430951;28,675;4;0;0;0;4;0;1;99;0
432451;28,735;3;0;0;0;3;4;0;99;0
433951;28,802;2;0;0;0;2;3;0;99;4
435451;28,891;1;0;0;0;1;2;0;99;3
436951;28,976;0;0;0;0;0;1;0;99;2
438451;29,068;0;0;0;0;5;0;0;99;1
439951;29,152;0;0;4;0;4;0;0;99;0
441451;29,243;0;0;3;0;3;0;0;99;5
442951;29,323;4;0;2;0;2;0;0;99;4
444451;29,4;3;0;1;0;1;0;0;99;3
445977;29,481;2;0;0;0;0;0;0;99;2
447477;29,561;1;0;0;4;0;0;4;99;1
448977;29,638;0;0;0;3;0;0;3;99;0
450477;29,72;0;0;0;2;4;0;2;99;0
451977;29,806;4;0;0;1;3;0;1;99;0
453477;29,883;3;0;0;0;2;0;0;99;0
454977;29,962;2;0;0;0;1;0;0;99;4
456477;30,04;1;4;0;0;0;0;0;99;3
457977;30,126;0;3;0;0;5;0;0;99;2
459477;30,208;0;2;4;0;4;0;0;99;1
460977;30,285;0;1;3;0;3;0;0;99;0
462504;30,371;4;0;2;0;2;0;0;99;0
464004;30,459;3;5;1;0;1;0;0;99;0
465504;30,539;2;4;0;0;0;0;0;99;0
467004;30,623;1;3;0;0;0;0;4;99;0
468504;30,706;0;2;0;0;4;0;3;99;0
470004;30,785;0;1;4;0;3;0;2;99;0
471504;30,863;0;0;3;0;2;0;1;99;0
473004;30,946;4;0;2;0;1;0;0;99;0
474504;31,03;3;4;1;0;0;0;0;99;0
476004;31,128;2;3;0;0;5;0;0;99;0
477504;31,213;1;2;5;0;4;0;0;99;0
479030;31,284;0;1;4;0;3;0;0;99;0
480530;31,356;5;0;3;0;2;0;0;99;0
482030;31,434;4;5;2;0;1;0;0;99;0
483530;31,519;3;4;1;0;0;0;0;99;0
485030;31,607;2;3;0;0;0;0;0;99;4
486530;31,694;1;2;6;0;0;0;0;99;3
488030;31,78;0;1;5;0;0;0;0;99;2
489530;31,867;0;0;4;0;4;0;0;99;1
491030;31,965;0;0;3;0;3;4;0;99;0
492530;32,053;0;0;2;0;2;3;4;99;0
494030;32,136;0;0;1;0;1;2;3;99;0
495557;32,224;0;0;0;0;0;1;2;99;0
497057;32,312;4;0;0;0;0;0;1;99;0
498557;32,402;3;4;0;0;0;0;0;99;0
500057;32,493;2;3;0;0;4;0;0;99;0
501557;32,582;1;2;0;0;3;4;0;99;0
503057;32,674;0;1;0;0;2;3;0;99;0
504557;32,763;0;0;4;0;1;2;0;99;0
506057;32,85;0;0;3;4;0;1;0;99;0
507557;32,931;4;0;2;3;0;0;0;99;0
509057;33,02;3;4;1;2;0;0;0;99;0
510557;33,108;2;3;0;1;0;0;0;99;0
512088;33,205;1;2;0;0;0;4;0;99;0
513588;33,303;0;1;0;0;0;3;0;99;4
515088;33,401;0;0;0;0;0;2;4;99;3
516588;33,494;0;5;0;0;0;1;3;99;2
518088;33,58;0;4;0;0;0;0;2;99;1
519588;33,671;4;3;0;0;0;0;1;99;0
521088;33,763;3;2;0;0;4;0;0;99;0
522588;33,854;2;1;4;0;3;0;0;99;0
524088;33,94;1;0;3;0;2;0;0;99;0
525588;34,028;0;6;2;0;1;0;0;99;0
527088;34,117;5;5;1;0;0;0;0;99;0
528619;34,213;4;4;0;0;5;0;0;99;0
530119;34,28;3;3;0;0;4;0;0;99;4
531619;34,36;2;2;0;0;3;0;0;99;3
533119;34,444;1;1;0;0;2;0;0;99;2
534619;34,527;0;0;0;0;1;0;0;99;1
536119;34,62;0;0;0;0;0;4;0;99;0
538119;34,747;4;0;4;0;0;3;0;99;0
539619;34,837;3;4;3;0;0;2;0;99;0
541119;34,922;2;3;2;0;0;1;0;99;0
542619;35,007;1;2;1;0;0;0;0;99;0
544119;35,097;0;1;0;0;4;0;0;99;0
545643;35,192;0;0;0;0;3;4;0;99;0
547143;35,283;0;0;0;4;2;3;0;99;0
548643;35,375;0;4;0;3;1;2;0;99;0
550143;35,461;0;3;0;2;0;1;0;99;0
551643;35,548;4;2;0;1;0;0;0;99;0
553143;35,637;3;1;0;0;4;0;0;99;0
554643;35,724;2;0;4;0;3;0;0;99;0
556143;35,817;1;0;3;0;2;0;4;99;0
557643;35,9;0;0;2;0;1;0;3;99;0
559143;35,989;5;0;1;0;0;0;2;99;0
560643;36,077;4;4;0;0;0;0;1;99;0
562174;36,169;3;3;0;0;4;0;0;99;0
563674;36,255;2;2;0;0;3;0;0;99;4
565174;36,34;1;1;0;0;2;0;0;99;3
566674;36,425;0;0;0;0;1;0;0;99;2
568174;36,515;0;0;0;0;0;4;0;99;1
569674;36,61;4;0;0;0;0;3;0;99;0
571174;36,703;3;4;0;0;0;2;0;99;0
572674;36,789;2;3;4;0;0;1;0;99;0
574174;36,875;1;2;3;0;0;0;0;99;0
575674;36,965;0;1;2;0;4;0;0;99;0
577174;37,055;0;0;1;0;3;0;0;99;4
578701;37,145;4;0;0;0;2;0;0;99;3
580201;37,237;3;0;0;0;1;4;0;99;2
581701;37,316;2;0;0;0;0;3;0;99;1
583201;37,406;1;4;0;0;0;2;0;99;0
584701;37,5;0;3;4;0;0;1;0;99;0
586201;37,57;0;2;3;0;4;0;0;99;0
587701;37,649;0;1;2;4;3;0;0;99;0
589201;37,731;0;0;1;3;2;0;0;99;0
590701;37,815;0;5;0;2;1;0;0;99;0
592201;37,901;0;4;0;1;0;0;4;99;0
593701;37,986;0;3;0;0;5;0;3;99;0
595231;38,072;0;2;4;0;4;0;2;99;0
596731;38,151;0;1;3;0;3;0;1;99;0
598231;38,231;0;0;2;0;2;0;0;99;0
599731;38,316;0;6;1;0;1;0;0;99;0
601231;38,402;4;5;0;0;0;0;0;99;0
602731;38,493;3;4;0;0;6;0;0;99;0
604231;38,588;2;3;4;0;5;0;0;99;0
605731;38,674;1;2;3;0;4;0;0;99;0
607231;38,757;0;1;2;0;3;0;0;99;0
608731;38,833;0;0;1;0;2;0;4;99;0
610231;38,911;4;0;0;0;1;0;3;99;0
611760;38,977;3;4;0;0;0;0;2;99;0
613260;39,042;2;3;0;0;7;0;1;99;0
614760;39,102;1;2;0;0;6;0;0;99;0
616260;39,173;0;1;0;0;5;4;0;99;0
617760;39,262;0;0;4;0;4;3;0;99;0
619260;39,351;0;0;3;0;3;2;0;99;4
620760;39,435;0;0;2;0;2;1;0;99;3
622260;39,518;0;0;1;0;1;0;0;99;2
623760;39,605;0;0;0;0;0;5;0;99;1
625260;39,694;0;0;0;4;0;4;0;99;0
626760;39,783;4;0;0;3;0;3;0;99;0
628287;39,877;3;0;0;2;4;2;0;99;0
629787;39,964;2;0;0;1;3;1;0;99;0
631287;40,051;1;0;0;0;2;0;0;99;0
632787;40,145;0;0;0;0;1;0;0;99;4
634287;40,236;0;0;0;0;0;4;0;99;3
635787;40,326;0;0;4;0;0;3;0;99;2
637287;40,414;0;0;3;0;4;2;0;99;1
638787;40,494;0;0;2;0;3;1;0;99;0
640287;40,584;0;0;1;0;2;0;0;99;5
641787;40,671;4;0;0;0;1;0;0;99;4
643287;40,759;3;0;0;0;0;4;0;99;3
644806;40,853;2;0;0;0;5;3;0;99;2
646306;40,937;1;0;0;0;4;2;0;99;1
647806;41,017;0;0;0;0;3;1;0;99;0
649306;41,105;0;0;0;0;2;0;0;99;6
650806;41,195;0;0;0;0;1;0;4;99;5
652306;41,269;0;0;0;0;0;4;3;99;4
653806;41,358;0;0;0;0;6;3;2;99;3
655306;41,423;0;0;0;0;5;2;1;99;2
656806;41,476;0;0;0;0;4;1;0;99;1
658306;41,536;0;0;4;0;3;0;0;99;0
659806;41,625;0;0;3;0;2;0;0;99;7
661329;41,698;0;0;2;4;1;0;0;99;6
662829;41,755;0;0;1;3;0;0;0;99;5
664329;41,816;0;0;0;2;0;4;0;99;4
665829;41,878;4;0;0;1;0;3;0;99;3
667329;41,937;3;0;0;0;0;2;0;99;2
668829;41,999;2;0;0;0;4;1;0;99;1
670329;42,061;1;0;0;0;3;0;0;99;0
671829;42,125;0;4;0;0;2;0;0;99;0
673329;42,188;0;3;0;4;1;0;0;99;0
674829;42,248;0;2;4;3;0;0;0;99;0
676329;42,313;0;1;3;2;5;0;0;99;0
677857;42,395;0;0;2;1;4;0;0;99;0
679357;42,482;0;0;1;0;3;0;4;99;0
680857;42,564;0;0;0;5;2;0;3;99;0
682357;42,627;0;4;0;4;1;0;2;99;0
683857;42,683;0;3;0;3;0;0;1;99;0
685357;42,757;0;2;0;2;6;0;0;99;0
686857;42,841;0;1;0;1;5;0;0;99;4
688357;42,921;0;0;0;0;4;0;0;99;3
689857;43,008;0;0;0;0;3;4;0;99;2
691357;43,08;0;4;0;0;2;3;0;99;1
692857;43,149;0;3;0;0;1;2;0;99;0
694387;43,216;0;2;0;0;0;1;4;99;5
695887;43,273;0;1;0;0;0;0;3;99;4
697387;43,354;0;0;0;0;4;0;2;99;3
698887;43,436;4;0;0;0;3;0;1;99;2
700387;43,526;3;0;0;0;2;0;0;99;1
701887;43,612;2;0;0;0;1;4;0;99;0
703387;43,701;1;4;0;0;0;3;0;99;0
704887;43,785;0;3;0;0;0;2;4;99;4
706387;43,871;0;2;0;0;0;1;3;99;3
707887;43,957;0;1;0;0;0;0;2;99;2
709387;44,039;0;0;0;0;4;0;1;99;1
710909;44,126;0;0;0;0;3;4;0;99;0
712409;44,213;0;0;4;0;2;3;0;99;0
713909;44,301;4;0;3;0;1;2;4;99;0
714909;44,354;3;0;2;0;0;1;3;99;0
716409;44,438;2;0;1;0;0;0;2;99;0
717909;44,505;1;0;0;0;4;0;1;99;0
719409;44,588;0;0;0;0;3;0;0;99;4
720909;44,67;0;0;0;0;2;4;5;99;3
722409;44,744;0;0;0;0;1;3;4;99;2
723909;44,819;0;0;0;0;0;2;3;99;1
725409;44,9;0;0;0;0;5;1;2;99;0
726934;44,987;0;0;0;4;4;0;1;99;0
728434;45,113;0;0;0;3;3;5;0;99;0
729934;45,197;0;0;4;2;2;4;0;99;0
731434;45,276;0;0;3;1;1;3;4;99;0
732434;45,325;0;0;2;0;0;2;3;99;0
733934;45,408;0;4;1;0;0;1;2;99;0
735434;45,485;0;3;0;0;0;0;1;99;0
736934;45,588;0;2;0;4;0;0;0;99;0
738434;45,674;0;1;0;3;0;0;5;99;0
739934;45,756;0;0;0;2;4;0;4;99;0
741434;45,827;4;0;0;1;3;0;3;99;0
742963;45,912;3;0;0;0;2;0;2;99;0
744463;45,999;2;0;4;0;1;0;1;99;0
745963;46,079;1;0;3;0;0;0;0;99;0
747463;46,218;0;0;2;0;5;0;0;99;0
748963;46,297;0;4;1;0;4;0;4;99;0
750463;46,367;0;3;0;0;3;0;3;99;0
751963;46,442;4;2;0;0;2;0;2;99;0
753463;46,526;3;