Iteration;Time;QI-0;QI-1;QI-2;QI-3;QI-4;QI-5;QI-6;QI-7;QI-8;
2094;0,946;2;4;8;7;5;9;1;6;3
3594;1,097;1;1;3;1;4;5;1;2;1
5125;1,267;1;1;3;1;1;4;1;2;1
6667;1,371;1;1;1;1;3;4;1;2;1
8167;1,716;1;1;1;1;2;3;1;4;1
10218;1,963;6;3;2;1;5;4;1;7;8
11718;2,051;5;1;1;1;2;4;1;3;6
13218;2,199;4;1;1;1;2;5;1;3;1
14745;2,32;2;1;1;1;4;3;1;1;1
16245;2,462;3;1;1;1;1;4;1;2;1
17745;2,619;3;1;4;1;1;5;1;2;1
19245;2,721;4;5;2;1;1;6;1;3;1
21277;2,908;4;6;2;3;1;7;1;5;1
22777;2,991;1;4;1;2;1;5;1;3;1
24277;3,071;1;4;1;2;1;1;1;3;1
25777;3,173;1;4;1;1;2;5;1;3;1
27277;3,287;1;3;1;1;1;2;1;4;1
28802;3,421;1;5;3;1;4;2;1;1;1
30802;3,546;6;5;2;1;4;7;1;1;3
32302;3,631;4;5;1;1;3;1;1;1;2
33802;3,722;3;4;1;5;1;1;1;1;2
35302;3,805;4;3;1;1;1;1;1;1;2
36802;3,887;5;2;1;1;1;1;1;4;3
38325;3,978;5;1;3;1;1;1;1;4;2
39825;4,062;4;1;2;1;1;3;1;1;1
41325;4,145;1;1;1;1;3;4;1;1;2
42825;4,234;1;1;3;1;5;2;1;1;4
44325;4,318;1;1;3;2;5;1;1;1;4
45825;4,409;1;6;4;5;2;1;1;3;1
47325;4,501;3;6;4;5;1;1;1;2;1
48846;4,59;1;3;4;2;1;1;1;1;1
49846;4,644;1;3;2;1;1;1;1;1;1
51346;4,744;1;2;4;1;1;3;1;1;1
52846;4,84;1;5;3;4;1;2;1;1;1
54346;4,952;1;6;1;5;3;4;1;2;1
55846;5,085;5;2;1;1;3;6;1;4;1
57346;5,189;4;1;1;1;3;2;1;1;1
58846;5,288;2;4;1;1;1;3;1;1;1
60358;5,382;4;1;1;1;3;2;1;1;1
61858;5,493;1;4;1;1;3;5;1;1;2
63358;5,581;1;6;1;4;2;5;1;3;1
64858;5,668;1;1;1;2;4;5;1;3;1
65858;5,72;1;1;1;1;2;3;1;1;1
67358;5,802;2;1;1;3;1;4;1;1;1
68858;5,888;3;1;1;1;4;2;1;1;1
70358;5,973;1;1;2;1;5;3;1;1;4
71858;6,061;1;3;2;1;5;1;1;6;4
73380;6,158;1;1;2;1;4;1;1;3;5
74380;6,208;1;1;3;1;2;1;1;1;1
75880;6,285;3;1;2;1;4;1;1;1;1
77380;6,368;3;1;4;5;2;1;1;1;1
78880;6,452;1;1;2;1;4;3;1;1;1
80380;6,544;1;3;4;1;5;2;1;6;1
81880;6,634;1;5;3;1;1;4;1;2;1
82880;6,685;1;3;1;1;1;2;1;1;1
84380;6,771;5;4;1;1;1;2;1;1;3
85880;6,857;4;2;1;1;1;1;1;1;3
87396;6,945;1;4;1;2;1;3;1;1;1
88896;7,035;1;6;1;4;2;5;1;1;1
90396;7,112;1;2;1;1;3;4;1;1;1
91896;7,188;1;2;1;3;4;5;1;1;1
93396;7,267;1;5;1;3;1;4;1;1;1
94396;7,317;1;2;1;1;1;3;1;1;1
95896;7,399;1;1;1;3;1;4;1;1;2
97396;7,483;1;4;1;1;1;2;1;5;3
98896;7,568;1;1;1;1;1;4;1;3;2
100396;7,652;1;4;1;1;5;2;1;1;3
101896;7,784;4;1;1;1;3;5;1;1;2
103419;7,939;3;1;1;1;2;4;1;1;1
104919;8,039;1;1;1;1;3;4;1;1;2
106419;8,268;1;1;1;1;2;5;1;3;4
107919;8,445;1;1;1;1;3;1;1;4;2
109419;8,631;1;3;1;1;4;1;1;1;2
110919;8,787;5;1;2;1;4;6;1;1;3
112419;8,875;5;1;2;1;4;1;1;1;3
113919;8,996;1;1;1;4;3;1;1;1;2
115419;9,18;1;1;5;3;2;1;1;1;4
116919;9,334;1;1;3;1;4;1;1;1;2
118419;9,497;1;2;3;1;5;1;1;1;4
119945;9,641;6;4;1;1;5;2;1;1;3
121445;9,752;4;2;1;1;3;5;1;1;1
122945;9,827;4;2;1;1;3;1;1;1;1
124445;9,917;5;2;1;1;3;1;1;4;1
125945;9,997;3;5;1;4;1;1;1;2;1
127445;10,073;4;3;2;1;1;1;1;1;1
128945;10,152;1;2;3;4;1;1;1;1;1
130445;10,227;1;4;3;2;1;1;1;1;1
131945;10,309;1;5;1;2;1;3;1;1;4
133445;10,389;1;2;1;5;3;6;1;4;1
134945;10,466;6;3;1;2;4;1;1;5;1
136462;10,537;1;3;1;2;4;1;1;1;1
137962;10,612;4;2;1;1;3;1;1;1;1
139462;10,682;1;4;3;2;1;1;1;1;1
140962;10,758;1;3;4;2;5;1;1;1;1
142462;10,843;1;6;2;3;4;1;1;5;1
143962;10,913;1;5;3;4;1;1;1;2;1
145462;10,988;1;4;2;3;1;1;1;1;1
146962;11,049;1;4;2;3;1;1;1;1;1
147962;11,094;1;3;1;2;1;1;1;1;1
149462;11,171;1;4;2;3;1;1;1;1;1
151462;11,286;1;5;2;1;6;3;1;7;4
152989;11,371;1;3;1;1;5;1;1;4;2
154489;11,458;4;3;1;1;2;1;1;1;1
155989;11,554;2;3;1;1;1;1;1;1;4
157489;11,637;2;4;1;1;1;1;1;1;3
158989;11,724;6;3;1;2;5;1;1;1;4
160989;11,851;5;1;1;6;3;7;1;4;2
162489;11,937;5;1;1;2;3;1;1;4;1
163489;11,989;2;1;1;3;1;1;1;1;1
164489;12,039;3;1;1;2;1;1;1;1;1
165489;12,097;2;1;1;3;1;1;1;1;1
166989;12,189;6;4;1;2;5;1;1;1;3
169023;12,316;6;7;1;1;4;2;1;5;3
170523;12,416;5;4;1;1;2;1;1;3;1
171523;12,467;3;2;1;1;1;1;1;1;1
172523;12,515;2;3;1;1;1;1;1;1;1
173523;12,564;2;3;1;1;1;1;1;1;1
175023;12,648;3;2;1;4;1;1;1;1;1
177023;12,78;1;8;3;4;6;2;1;7;5
178523;12,891;1;5;1;4;2;1;1;3;1
179523;12,954;1;3;1;2;1;1;1;1;1
180523;13,016;1;3;1;2;1;1;1;1;1
181523;13,075;1;3;1;2;1;1;1;1;1
183049;13,173;2;4;1;3;1;1;1;1;1
184549;13,277;4;6;1;5;2;1;1;3;1
186049;13,382;1;3;1;2;5;6;1;4;1
187549;13,524;1;5;1;2;4;3;1;1;1
189049;13,626;1;4;1;2;1;3;1;1;1
190549;13,727;1;3;1;1;4;2;1;1;1
192049;13,906;1;3;1;1;2;4;1;1;1
194049;14,196;5;4;1;6;7;2;1;1;3
195549;14,287;3;5;1;4;2;1;1;1;1
197049;14,371;4;2;1;1;3;1;1;1;1
198549;14,455;4;3;1;1;2;1;1;1;1
200071;14,543;4;2;1;1;3;1;1;1;1
201571;14,629;4;1;2;5;3;6;1;1;1
203571;14,749;1;1;2;3;6;4;1;7;5
205071;14,836;1;1;1;2;3;5;1;1;1
206571;14,937;1;1;1;3;2;4;1;1;1
208071;15,023;1;1;1;3;2;4;1;1;1
209571;15,108;1;2;1;1;4;5;1;1;3
211071;15,196;5;6;1;1;4;2;1;1;3
212571;15,288;4;2;1;1;5;6;1;1;3
214071;15,373;1;2;1;1;4;5;1;1;3
215571;15,449;1;2;1;1;4;1;1;1;3
217092;15,529;1;3;1;2;5;1;1;1;4
218592;15,596;1;3;1;1;4;1;1;1;2
220092;15,659;1;5;4;3;2;1;1;1;1
221592;15,745;5;6;4;3;1;1;1;2;1
223092;15,825;2;3;5;4;1;1;1;1;1
224592;15,895;5;4;1;2;1;3;1;1;1
226092;15,973;1;4;1;2;1;3;1;1;1
227592;16,057;4;2;1;1;1;5;1;1;3
229092;16,136;4;1;1;1;3;5;1;1;2
230592;16,236;4;1;1;1;2;5;1;3;1
232092;16,405;1;1;3;1;4;5;1;1;1
233105;16,463;1;1;2;1;1;3;1;1;1
234605;16,543;1;1;3;1;2;4;1;1;1
236105;16,632;1;4;1;3;5;2;1;1;1
237605;16,716;1;3;1;1;4;5;1;1;2
239105;16,806;5;1;1;1;3;6;1;4;2
240605;16,894;1;1;1;1;3;5;1;1;3
242105;16,979;1;1;1;1;4;2;1;1;3
243605;17,076;1;1;2;1;5;3;1;1;4
245105;17,162;1;1;1;5;3;4;1;1;2
246605;17,249;1;2;1;1;4;5;1;1;3
248105;17,341;1;3;1;1;5;2;1;1;4
249626;17,43;1;4;1;1;2;3;1;1;1
251126;17,516;4;1;1;1;3;5;1;1;2
252626;17,602;1;1;2;1;3;5;1;1;4
254126;17,699;1;1;2;1;4;5;1;1;3
255626;17,782;1;1;2;1;4;1;1;1;3
257126;17,868;1;1;2;1;4;5;1;1;3
258626;17,963;1;5;2;1;4;1;1;1;3
260126;18,042;3;1;4;1;5;1;1;1;2
261626;18,12;2;1;3;1;4;1;1;1;1
263126;18,203;4;1;2;1;5;1;1;1;3
264626;18,279;4;1;3;1;2;1;1;1;1
266151;18,37;4;1;1;1;2;5;1;1;3
267651;18,459;1;6;1;1;5;3;1;1;4
269151;18,544;1;1;1;1;3;4;1;1;2
270651;18,628;1;4;1;1;2;1;1;1;3
272151;18,713;1;2;1;1;1;4;1;1;3
273651;18,802;1;6;2;3;5;1;1;1;4
275151;18,886;5;2;3;6;1;1;1;1;4
276651;18,966;1;3;2;4;1;1;1;1;5
278151;19,044;1;3;1;2;1;1;1;1;4
279651;19,129;1;2;1;3;1;1;1;5;4
281151;19,211;1;5;1;1;1;4;1;3;2
282674;19,3;1;4;1;1;2;3;1;1;1
284174;19,383;1;4;1;1;2;5;1;1;3
285674;19,469;1;3;1;1;1;4;1;1;2
287174;19,556;1;4;1;1;2;5;1;1;3
288674;19,645;1;3;1;5;1;6;1;4;2
290174;19,733;1;3;1;2;1;5;1;1;4
291674;19,821;1;2;1;1;1;3;1;1;4
293174;19,905;1;2;1;4;1;5;1;1;3
294674;20,001;1;2;1;1;1;4;1;1;3
296174;20,088;1;6;1;2;5;3;1;1;4
297674;20,21;1;5;1;2;3;6;1;1;4
299193;20,295;1;2;1;1;4;5;1;1;3
300693;20,374;1;4;1;1;3;1;1;1;2
302193;20,455;1;3;1;1;2;4;1;1;1
303693;20,545;3;4;1;1;2;5;1;1;1
305193;20,629;2;3;1;1;1;4;1;1;1
307193;20,757;3;4;2;6;5;7;1;1;1
308693;20,842;1;3;1;2;4;5;1;1;1
310193;20,924;1;3;1;1;2;4;1;1;1
311693;21,008;1;4;1;1;3;5;1;1;2
313193;21,094;1;4;1;1;3;1;1;1;2
314693;21,177;1;3;1;1;2;4;1;1;1
316224;21,269;5;4;1;1;3;1;1;1;2
317724;21,375;5;1;1;1;3;1;1;4;2
319224;21,464;4;1;6;2;1;1;1;5;3
320724;21,545;3;1;1;4;1;1;1;1;2
322224;21,622;4;1;1;2;1;1;1;1;3
323724;21,709;1;1;5;2;1;3;1;1;4
325224;21,797;1;1;4;3;1;5;1;1;2
326724;21,885;1;1;1;2;5;6;1;4;3
328224;21,972;1;1;1;2;4;3;1;1;5
329724;22,052;1;1;1;3;1;4;1;1;2
331224;22,199;1;1;1;2;3;5;1;1;4
332749;22,281;1;1;1;1;3;4;1;1;2
334249;22,374;1;5;2;1;3;6;1;1;4
335749;22,461;1;5;2;1;4;6;1;1;3
337249;22,551;1;3;2;1;5;1;1;1;4
338749;22,636;1;2;4;1;3;1;1;1;1
340249;22,723;5;4;2;1;1;1;1;1;3
341749;22,808;4;5;2;3;1;1;1;1;1
343249;22,885;2;1;3;4;1;1;1;1;1
344749;22,977;1;6;4;5;1;3;1;1;1
346249;23,065;1;4;1;2;1;3;1;1;1
347749;23,154;1;4;2;1;3;5;1;1;1
349279;23,246;1;4;1;1;2;5;1;1;3
350779;23,328;1;3;1;1;2;1;1;1;4
352279;23,413;1;5;1;1;4;2;1;1;3
353779;23,496;1;3;1;1;1;4;1;1;2
355279;23,576;1;6;1;3;4;2;1;1;5
356779;23,658;1;6;3;5;1;4;1;1;2
358279;23,74;1;4;1;2;1;5;1;1;3
359779;23,82;1;4;1;1;1;3;1;1;2
361279;23,902;1;4;1;2;1;5;1;1;3
362779;23,981;1;3;1;1;1;4;1;1;2
364279;24,126;1;4;1;2;3;1;1;1;5
365801;24,286;1;4;1;2;3;1;1;1;5
367301;24,368;1;5;1;4;3;1;1;2;1
368801;24,445;1;4;1;2;3;1;1;1;1
369801;24,496;1;2;1;3;1;1;1;1;1
371301;24,596;4;5;1;1;3;2;1;1;1
372801;24,712;1;4;1;1;3;2;1;1;1
374301;24,884;1;6;3;1;1;5;1;1;2
375801;25,028;1;2;1;1;1;5;1;4;3
377301;25,112;1;3;1;1;1;2;1;1;4
378801;25,196;1;4;1;1;1;3;1;1;2
380301;25,281;1;4;1;1;1;2;1;1;3
381820;25,38;1;5;1;2;4;3;1;1;6
383320;25,474;1;6;2;3;4;1;1;1;5
384820;25,568;1;5;3;2;4;1;1;1;6
386320;25,664;1;4;1;2;3;1;1;1;5
387820;25,75;1;4;1;3;2;1;1;1;1
389320;25,841;1;2;1;3;4;1;1;1;1
390820;25,933;1;6;1;3;4;2;1;1;5
392320;26,024;1;5;1;2;1;4;1;1;3
393820;26,128;1;4;1;3;1;6;1;1;2
395320;26,2;1;3;1;1;1;4;1;1;2
396820;26,267;1;4;1;1;1;3;1;1;2
398348;26,329;1;3;1;2;1;4;1;1;1
399848;26,393;1;5;1;2;1;4;1;1;3
401348;26,468;1;3;1;2;1;5;1;1;4
402848;26,534;1;4;1;2;1;5;1;1;3
404348;26,597;1;4;1;1;1;5;1;3;2
405848;26,674;1;3;1;1;1;2;1;1;4
406848;26,726;1;3;1;1;1;1;1;1;2
408348;26,793;1;4;1;1;3;2;1;1;1
409848;26,854;1;3;1;1;2;4;1;1;1
411348;26,914;1;5;1;2;3;1;1;1;4
413348;27,001;4;7;1;5;6;1;1;3;2
414873;27,063;5;2;1;1;3;1;1;4;1
415873;27,102;1;2;1;1;3;1;1;1;1
416873;27,141;1;3;1;1;2;1;1;1;1
418373;27,198;1;4;1;1;3;2;1;1;1
419873;27,258;1;5;1;1;3;2;1;1;4
421373;27,32;1;4;1;2;1;6;1;1;3
422873;27,378;1;4;1;1;1;3;1;1;2
424373;27,44;1;3;1;2;1;5;1;1;4
425873;27,515;1;3;1;1;1;2;1;1;4
427373;27,602;5;3;1;2;1;1;1;1;4
428873;27,69;5;2;1;1;3;1;1;1;4
430398;27,783;5;4;1;1;3;1;1;2;1
431898;27,869;2;4;1;1;3;1;1;1;1
432898;27,923;2;3;1;1;1;1;1;1;1
434398;28,007;4;3;1;1;2;1;1;1;1
435898;28,096;1;3;1;2;1;5;1;1;1
437898;28,218;1;7;3;5;1;6;1;1;2
439398;28,306;1;5;1;2;1;4;1;1;1
440898;28,384;1;5;3;1;1;4;1;1;1
441898;28,435;1;3;1;1;1;2;1;1;1
442898;28,486;1;2;1;1;1;3;1;1;1
444398;28,57;1;5;3;1;4;2;1;1;1
445925;28,657;1;5;2;1;3;1;1;1;4
447425;28,742;1;6;5;4;3;1;1;2;1
448925;28,824;1;1;5;4;3;1;1;2;1
449925;28,875;1;1;1;2;3;1;1;1;1
450925;28,925;1;1;2;3;1;1;1;1;1
452425;29,01;1;1;3;4;2;5;1;1;1
453925;29,087;1;1;1;4;2;5;1;1;3
455425;29,172;1;5;1;2;3;6;1;1;4
456925;29,25;1;5;1;1;3;2;1;1;4
458425;29,329;1;3;1;1;1;4;1;1;2
459925;29,411;1;3;1;1;1;2;1;1;4
461453;29,478;1;5;1;1;2;3;1;1;4
462953;29,539;3;5;1;1;1;4;1;1;2
464453;29,62;4;6;1;1;1;5;1;1;2
465953;29,699;1;3;1;1;1;4;1;1;2
467453;29,783;1;2;1;1;1;4;1;1;3
468953;29,863;1;2;1;1;1;4;1;1;3
470453;29,941;4;2;1;1;5;6;1;1;3
471953;30,026;1;3;1;1;2;5;1;1;4
473453;30,101;1;3;1;4;1;5;1;1;2
474953;30,184;1;4;1;2;1;5;1;1;3
476453;30,265;1;3;1;1;1;2;1;1;4
477968;30,347;1;3;1;4;1;1;1;1;2
479468;30,428;4;2;1;1;1;5;1;1;3
480968;30,516;4;2;1;1;6;5;1;1;3
482468;30,611;1;4;1;1;2;5;1;1;3
483968;30,69;1;2;1;1;1;4;1;1;3
485468;30,778;1;2;1;1;1;4;1;1;3
486968;30,86;1;4;1;5;2;6;1;1;3
488468;30,949;1;2;1;4;3;5;1;1;1
489968;31,031;1;5;1;2;3;4;1;1;1
491468;31,142;1;4;1;2;3;1;1;1;1
492968;31,228;1;3;2;4;1;5;1;1;1
494491;31,313;1;2;4;1;1;3;1;1;1
495991;31,395;1;5;2;3;1;1;1;1;4
497491;31,476;1;2;3;4;1;1;1;1;1
498991;31,558;5;2;3;1;1;1;1;1;4
500491;31,644;5;2;1;1;3;1;1;1;4
501991;31,729;3;4;1;1;2;1;1;1;1
503491;31,816;5;3;1;1;2;1;1;1;4
504991;31,887;2;4;1;1;3;1;1;1;1
506491;31,967;1;5;1;3;4;1;1;1;1
507991;32,053;1;4;1;2;3;1;1;1;1
509491;32,135;1;4;2;3;1;1;1;1;1
511014;32,22;1;4;2;3;1;1;1;1;1
512514;32,307;1;4;1;2;3;5;1;1;1
514014;32,397;1;5;1;2;6;3;1;1;4
515514;32,484;1;5;1;1;2;4;1;1;3
517014;32,566;1;2;1;1;4;3;1;1;1
518514;32,65;1;4;1;1;2;1;1;1;3
520014;32,739;1;5;4;1;1;3;1;1;2
521514;32,823;1;2;4;1;1;3;1;1;1
523014;32,908;1;6;2;3;1;4;1;1;5
524514;32,967;1;1;5;3;1;4;1;1;2
526014;33,043;1;1;2;3;1;4;1;1;1
527537;33,115;1;1;2;1;3;5;1;1;4
529037;33,177;1;1;1;1;3;4;1;1;2
530537;33,248;1;1;1;1;2;4;1;1;3
532037;33,336;1;4;2;1;1;5;1;1;3
533537;33,422;1;5;2;1;1;3;1;1;4
535037;33,511;1;3;4;1;1;5;1;1;2
536537;33,596;1;3;1;1;1;4;1;1;2
538037;33,679;1;4;2;1;1;1;1;1;3
539537;33,767;1;3;2;1;1;5;1;1;4
541037;33,85;1;2;1;1;1;4;1;1;3
542537;33,933;1;3;1;1;1;4;1;1;2
544056;34,02;1;4;1;2;1;5;1;1;3
545556;34,106;4;5;1;2;1;1;1;1;3
547056;34,188;2;4;1;3;1;1;1;1;1
548556;34,278;1;2;1;5;4;1;1;1;3
550056;34,362;1;1;1;3;4;1;1;1;2
551556;34,451;1;5;4;3;2;1;1;1;1
553056;34,55;1;4;3;2;1;5;1;1;1
554556;34,632;1;4;1;2;1;3;1;1;1
556056;34,717;1;3;2;4;1;5;1;1;1
557556;34,779;1;3;1;2;1;4;1;1;1
559056;34,842;1;4;1;2;1;5;1;1;3
560583;34,908;1;4;1;2;3;1;1;1;5
562083;34,984;1;1;1;4;3;1;1;1;2
563583;35,067;1;2;1;3;1;1;1;1;4
565083;35,154;4;3;1;5;2;1;1;1;1
566583;35,24;1;5;3;4;2;1;1;1;1
568083;35,326;1;5;2;3;4;1;1;1;1
569583;35,406;1;4;2;1;3;1;1;1;1
571083;35,489;1;4;2;3;1;1;1;1;1
572583;35,578;1;5;4;3;2;1;1;1;1
574083;35,666;2;5;3;4;1;1;1;1;1
575583;35,749;3;2;4;1;1;1;1;1;1
577112;35,841;4;3;2;1;1;5;1;1;1
578612;35,926;3;2;1;1;1;4;1;1;1
580112;36,008;1;3;2;1;1;4;1;1;1
581612;36,089;1;5;3;1;4;2;1;1;6
583112;36,178;1;4;2;1;1;5;1;1;3
584612;36,265;1;3;1;2;1;5;1;1;4
586112;36,346;1;4;1;1;1;2;1;1;3
587612;36,426;1;4;1;2;1;1;1;1;3
589112;36,514;1;4;1;3;1;2;1;1;5
590612;36,601;1;4;1;2;1;5;1;1;3
592112;36,691;1;4;2;1;1;5;1;1;3
593637;36,782;1;3;2;1;1;1;1;1;4
595137;36,865;1;1;3;1;1;4;1;1;2
596637;36,95;1;4;1;1;1;3;1;1;2
598137;37,017;1;1;4;1;1;5;1;1;2
600137;37,143;1;6;3;2;4;7;1;1;5
601637;37,23;1;5;2;1;3;1;1;1;4
603137;37,306;1;4;3;1;2;1;1;1;1
604637;37,376;1;1;4;1;2;1;1;1;3
606137;37,461;1;4;3;1;1;1;1;1;2
607637;37,551;2;5;3;1;4;1;1;1;1
609137;37,645;5;4;2;1;6;3;1;1;1
610661;37,734;3;5;2;1;1;4;1;1;1
612161;37,815;1;1;3;1;1;4;1;1;1
613661;37,896;1;3;4;1;1;2;1;1;1
615161;37,981;1;2;1;1;1;5;1;1;3
616661;38,086;1;5;1;1;1;4;1;1;2
618161;38,195;1;6;2;1;1;5;1;1;3
619661;38,279;1;3;1;4;1;5;1;1;2
621161;38,356;1;3;1;1;1;4;1;1;2
622661;38,436;1;3;1;1;1;4;1;1;2
624161;38,518;1;3;1;1;1;4;1;1;2
625661;38,604;4;5;1;1;1;2;1;1;3
627189;38,695;5;3;1;1;2;6;1;1;4
628689;38,782;1;3;1;1;4;5;1;1;2
630189;38,863;1;2;1;1;1;4;1;1;3
631689;38,945;1;2;1;1;1;4;1;1;3
633189;39,038;1;4;1;2;3;1;1;1;5
634689;39,122;1;3;1;2;1;1;1;1;4
636189;39,21;4;2;6;5;1;1;1;1;3
637689;39,296;1;5;4;3;1;1;1;1;1
638689;39,347;1;1;3;2;1;1;1;1;1
640189;39,433;1;3;1;2;1;4;1;1;1
641689;39,516;1;2;3;1;1;4;1;1;1
643203;39,603;1;4;1;3;2;5;1;1;1
644703;39,695;1;4;1;2;6;5;1;1;3
646203;39,781;1;3;1;1;2;5;1;1;4
647703;39,865;1;4;1;1;2;1;1;1;3
649203;39,953;1;3;1;1;2;1;1;1;4
650703;40,04;1;5;3;1;1;4;1;1;2
652203;40,124;1;4;1;1;1;2;1;1;3
653703;40,214;2;6;3;5;1;4;1;1;1
655203;40,304;1;5;2;3;1;4;1;1;1
656703;40,388;1;4;2;1;1;3;1;1;1
658203;40,478;1;2;1;3;5;4;1;1;1
659724;40,562;1;3;1;1;2;4;1;1;1
661224;40,647;1;4;1;2;1;5;1;1;3
662724;40,733;1;5;1;3;1;2;1;1;4
664224;40,817;1;2;1;1;1;4;1;1;3
665724;40,904;1;3;1;4;1;5;1;1;2
667224;40,989;1;3;1;1;1;4;1;1;2
668724;41,061;1;2;1;4;1;5;1;1;3
670224;41,145;1;3;1;1;1;4;1;1;2
671724;41,22;1;4;1;2;1;5;1;1;3
673224;41,28;1;4;1;1;1;2;1;1;3
674724;41,344;1;5;2;3;1;1;1;1;4
676248;41,429;1;1;2;4;1;1;1;1;3
677748;41,486;1;5;2;3;1;1;1;1;4
679248;41,56;1;4;3;2;1;1;1;1;1
680748;41,637;1;4;2;3;1;1;1;1;1
682248;41,724;1;6;4;1;1;5;1;1;2
683748;41,806;1;3;1;1;1;4;1;1;2
685248;41,89;1;3;1;1;1;2;1;1;4
686748;41,973;1;2;1;1;1;4;1;1;3
688248;42,062;1;3;4;1;1;5;1;1;2
689748;42,151;1;3;4;1;1;5;1;1;2
691248;42,235;1;4;2;1;1;1;1;1;3
692768;42,319;1;4;1;1;1;3;1;1;2
694268;42,407;1;5;3;1;1;2;1;1;4
695768;42,488;1;4;1;1;1;3;1;1;2
697268;42,572;1;3;1;1;1;4;1;1;2
698768;42,647;1;5;3;2;1;1;1;1;4
700268;42,729;1;1;3;4;5;1;1;1;2
701768;42,804;1;1;3;1;2;1;1;1;4
703268;42,876;1;1;1;3;4;1;1;1;2
704768;42,955;1;1;4;3;2;1;1;1;1
706268;43,026;1;1;1;3;4;2;1;1;5
707768;43,092;3;4;1;5;1;6;1;1;2
709297;43,157;5;3;1;1;1;2;1;1;4
710797;43,216;1;3;1;1;1;4;1;1;1
712297;43,294;1;3;1;1;1;4;1;1;2
713797;43,377;3;1;4;1;1;5;1;1;2
715297;43,457;1;1;2;1;3;5;1;1;4
716797;43,542;1;1;1;3;2;5;1;1;4
718297;43,625;1;1;1;1;2;3;1;1;4
719797;43,708;1;1;1;1;2;4;1;1;3
721297;43,796;1;4;1;1;2;5;1;1;3
722797;43,881;1;4;1;1;3;2;1;1;5
724297;43,959;1;3;2;1;1;5;1;1;4
725823;44,042;1;2;1;1;1;4;1;1;3
727323;44,106;1;3;1;1;1;4;1;1;2
728823;44,189;1;2;4;1;1;5;1;1;3
730323;44,268;1;2;1;1;1;4;1;1;3
731823;44,354;6;5;1;1;2;3;1;1;4
733323;44,439;1;3;1;1;2;5;1;1;4
734823;44,521;1;3;1;1;1;4;1;1;2
736323;44,605;1;4;1;1;2;1;1;1;3
737823;44,687;1;2;1;1;4;5;1;1;3
739323;44,769;1;4;1;1;2;5;1;1;3
740823;44,851;1;4;1;1;2;5;1;1;3
742351;44,932;1;3;1;1;1;4;1;1;2
743851;45,035;1;2;1;1;1;4;1;1;3
745351;45,146;1;3;1;1;1;4;1;1;2
746851;45,225;1;2;1;1;1;4;1;1;3
748351;45,311;1;5;1;2;3;4;1;1;6
749851;45,395;4;5;1;2;1;6;1;1;3
751351;45,475;1;2;1;4;1;5;1;1;3
752851;45,556;1;3;1;1;1;4;1;1;2
754351;45,635;1;4;1;2;1;1;1;1;3
755851;45,715;1;4;1;2;1;3;1;1;1
757351;45,8;1;5;1;1;2;3;1;1;4
758879;45,878;5;6;1;1;3;2;1;1;4
760379;45,963;1;4;1;1;2;3;1;1;5
761879;46,049;1;4;1;1;1;2;1;1;3
763379;46,13;1;2;1;1;1;4;1;1;3
764879;46,211;1;5;1;2;3;1;1;1;4
766379;46,284;1;4;1;3;2;1;1;1;1
767879;46,363;1;5;1;3;4;1;1;1;1
768879;46,411;1;3;1;1;2;1;1;1;1
770379;46,