Iteration;Time;QI-0;QI-1;QI-2;QI-3;QI-4;QI-5;QI-6;QI-7;QI-8;
2197;0,895;3;7;5;4;9;6;1;2;8
3798;1,049;1;4;3;1;2;5;1;1;1
5298;1,224;1;3;2;1;1;4;1;1;1
6890;1,412;1;4;1;1;3;2;1;1;1
8390;1,543;1;1;4;1;3;2;1;1;1
10390;1,701;2;1;3;5;8;7;6;4;1
11934;1,824;1;1;1;4;2;6;5;3;1
13434;1,975;1;1;1;4;1;2;1;3;1
14934;2,08;1;1;1;3;1;4;1;2;1
16434;2,159;1;1;1;1;3;4;1;1;1
17965;2,312;1;4;5;3;6;1;1;2;1
19965;2,429;6;5;1;2;7;1;4;3;1
21465;2,514;6;3;1;1;2;1;5;4;1
22965;2,647;4;2;1;1;3;1;1;1;1
24465;2,755;4;3;1;1;1;1;1;2;1
25993;2,863;5;1;1;1;3;4;1;2;1
27493;2,964;5;1;1;4;2;3;1;1;1
28993;3,066;3;1;1;4;1;2;5;1;1
30493;3,156;2;1;1;1;1;3;4;1;1
31993;3,233;3;1;1;2;1;1;1;1;4
33493;3,325;5;6;1;4;1;2;1;3;1
35016;3,421;4;2;1;5;1;1;1;3;1
36516;3,508;3;5;2;4;1;1;1;1;1
38016;3,591;5;4;3;1;1;1;2;1;1
39516;3,677;3;4;2;1;1;1;1;1;1
41016;3,765;3;4;1;1;1;1;1;1;2
42516;3,863;4;6;2;1;1;5;1;3;1
44016;3,961;5;3;2;1;1;1;1;4;1
45537;4,06;4;3;2;5;1;1;1;1;1
47037;4,162;5;3;1;2;1;1;4;1;1
48537;4,263;3;2;1;1;1;1;4;1;1
50037;4,358;4;2;1;3;1;1;1;1;1
51537;4,465;5;2;1;3;1;6;1;4;1
53037;4,566;4;5;1;3;1;1;1;2;1
54537;4,659;3;1;4;2;1;1;1;1;1
56037;4,788;4;5;2;3;6;1;1;1;1
57561;4,898;4;2;1;3;5;1;1;1;1
59061;5,0;3;4;1;2;5;1;1;1;1
60561;5,093;1;3;1;4;6;5;1;1;1
62061;5,183;1;1;1;3;2;4;1;1;1
63561;5,273;1;3;1;1;2;4;1;1;1
65061;5,364;1;5;4;1;3;6;1;1;1
66561;5,455;1;1;3;1;2;4;1;1;1
68061;5,554;5;6;2;1;1;4;1;1;3
69561;5,636;1;6;4;1;1;3;1;1;5
71085;5,72;1;2;3;1;1;4;1;1;1
72585;5,796;1;1;3;1;1;4;1;1;5
73585;5,844;1;1;2;1;1;3;1;1;1
75085;5,922;1;1;3;1;2;4;1;1;5
76585;6,009;3;1;2;1;4;5;1;1;1
78085;6,095;3;1;2;1;1;4;1;1;1
79585;6,198;1;4;3;1;6;5;1;1;1
81085;6,287;1;5;2;1;3;4;1;1;1
82585;6,366;1;1;3;1;2;4;1;1;1
84085;6,46;1;3;4;1;1;5;1;1;2
85612;6,55;1;3;1;1;1;4;1;1;2
87112;6,642;5;4;2;1;1;6;1;1;3
88612;6,725;1;1;3;1;1;4;1;1;5
89612;6,777;1;1;1;1;1;3;1;1;2
91112;6,861;1;1;3;6;2;4;1;1;5
92612;6,943;1;1;2;1;3;5;1;1;4
94112;7,024;1;1;2;1;1;3;1;1;4
95612;7,114;1;1;4;1;3;5;1;1;6
97112;7,201;1;1;2;1;1;4;1;1;3
98612;7,285;1;1;3;1;2;4;1;1;1
100112;7,381;1;1;2;1;3;5;1;1;4
101636;7,473;1;1;4;1;1;3;1;1;2
103136;7,561;1;1;1;1;3;4;1;1;2
104636;7,801;1;1;3;1;4;5;1;1;6
106136;7,902;1;1;2;1;3;4;1;1;1
107636;8,092;1;1;2;1;1;3;1;1;4
109136;8,27;1;1;1;4;2;5;1;1;3
110636;8,347;1;1;1;4;1;2;1;1;3
112136;8,637;1;1;1;1;2;4;1;1;3
113636;8,875;1;1;1;1;2;3;1;1;4
115136;9,084;4;1;1;5;2;6;1;1;3
116636;9,295;1;1;3;1;6;5;1;1;4
118159;9,496;1;1;3;1;1;4;1;1;2
119659;9,62;1;1;4;1;2;3;1;1;1
121159;9,742;1;1;4;1;1;2;1;1;3
122659;9,827;1;1;1;1;3;4;1;1;2
124159;9,919;1;1;5;1;3;6;1;1;4
125659;10,114;1;1;1;1;3;4;1;1;2
127159;10,29;1;1;2;1;3;5;1;1;4
128659;10,436;1;1;3;1;2;1;1;1;4
130159;10,544;1;1;2;1;3;4;1;1;1
131659;10,627;1;1;2;1;1;4;1;1;3
133159;10,799;1;1;6;1;3;4;1;1;5
134680;10,911;1;1;2;1;4;3;1;1;1
136180;10,991;1;1;2;1;1;4;1;1;3
137680;11,075;1;1;2;1;1;4;1;1;3
139180;11,165;1;1;2;1;3;1;1;1;4
140680;11,254;1;4;1;1;2;5;1;1;3
142180;11,344;1;3;1;1;1;4;1;1;2
143680;11,429;1;1;1;6;3;4;1;1;5
145180;11,508;1;1;1;3;1;4;1;1;2
146680;11,574;1;1;1;1;2;4;1;1;3
148180;11,639;1;1;2;1;4;5;1;1;3
149680;11,703;1;1;2;1;1;4;1;1;3
151204;11,798;1;5;1;1;2;3;1;1;4
152704;11,886;1;1;1;1;2;3;1;1;4
154204;11,975;1;1;1;1;2;3;1;1;4
155704;12,068;1;1;1;1;5;6;1;1;4
156704;12,124;1;1;1;1;1;3;1;1;2
158204;12,208;1;1;1;1;3;4;1;1;2
159704;12,293;1;1;2;1;1;4;1;1;3
161204;12,382;1;1;1;1;2;4;1;1;3
162704;12,471;1;3;1;1;4;5;1;1;2
164204;12,56;1;3;1;4;1;5;1;1;2
165704;12,658;1;1;1;1;1;4;1;1;3
167229;12,755;1;4;1;3;1;1;1;1;2
168729;12,845;1;1;1;4;1;5;1;1;3
170229;12,938;1;1;3;1;1;2;1;1;4
171729;13,034;1;1;2;1;3;5;1;1;4
173229;13,123;1;1;2;1;1;4;1;1;3
174729;13,209;1;1;3;1;1;2;1;1;4
176229;13,294;1;1;2;1;5;4;1;1;3
177729;13,38;1;1;3;1;4;2;1;1;1
179229;13,468;1;1;3;1;2;5;1;1;4
180729;13,555;1;1;4;1;1;2;1;1;3
182229;13,644;4;1;2;1;1;5;1;1;3
183763;13,734;4;1;2;1;1;1;1;1;3
185263;13,824;1;1;1;1;1;5;1;1;2
186763;13,91;1;4;2;1;1;5;1;1;3
188263;13,996;1;1;4;1;1;3;1;1;5
189763;14,08;1;1;3;1;2;4;1;1;1
191263;14,167;1;1;2;1;1;4;1;1;3
192763;14,254;1;1;3;1;2;1;1;1;4
194263;14,348;1;1;3;1;2;5;1;1;4
195763;14,449;1;1;5;1;2;3;1;1;4
197263;14,588;1;1;3;1;1;2;1;1;4
198763;14,733;1;1;3;1;2;5;1;1;4
200291;14,842;1;1;1;1;2;4;1;1;3
201791;14,934;1;1;1;1;2;4;1;1;3
203291;15,022;1;1;3;1;2;5;1;1;4
204791;15,11;1;1;5;1;3;2;1;1;4
206291;15,211;1;1;2;1;1;4;1;1;3
207791;15,292;1;1;3;1;1;2;1;1;4
209291;15,375;1;1;3;1;2;1;1;1;4
210791;15,465;1;1;3;1;1;5;1;1;2
212291;15,55;1;1;3;1;1;5;1;1;2
213791;15,64;1;1;3;1;2;6;1;1;1
215791;15,76;1;5;3;6;2;7;1;1;4
217311;15,847;1;3;1;4;1;5;1;1;2
218811;15,948;1;1;1;4;1;2;1;1;3
220311;16,032;1;3;1;1;1;4;1;1;2
221811;16,12;1;1;1;1;1;4;1;1;3
223311;16,214;1;1;1;1;5;4;1;1;6
224811;16,306;1;1;2;1;1;4;1;1;3
226311;16,391;1;1;1;1;2;3;1;1;4
227811;16,463;1;1;4;1;1;3;1;1;2
229311;16,546;1;1;3;1;1;2;1;1;4
230811;16,638;1;1;2;1;5;6;1;1;1
232311;16,726;1;1;3;1;2;4;1;1;1
233840;16,815;3;1;1;1;2;4;1;1;1
235340;16,897;1;1;2;1;3;4;1;1;1
236840;16,983;1;1;2;1;3;4;1;1;1
238340;17,072;1;1;3;1;4;2;1;1;5
239840;17,164;1;1;4;1;3;6;1;1;5
241340;17,251;1;1;2;1;1;4;1;1;3
242840;17,342;1;1;1;1;2;4;1;1;3
244340;17,43;1;1;2;1;1;4;1;1;3
245840;17,519;1;1;2;1;4;5;1;1;3
247340;17,604;1;1;3;1;1;4;1;1;2
248840;17,691;1;1;1;1;3;4;1;1;2
250373;17,79;1;1;5;4;3;6;1;1;2
251890;17,888;1;1;2;4;1;5;1;1;3
253390;17,974;1;1;2;1;1;4;1;1;3
254910;18,071;3;1;1;3;1;5;1;1;2
256410;18,16;1;1;1;1;1;4;1;1;3
257910;18,249;1;1;1;3;1;4;1;1;2
259434;18,346;1;1;1;4;2;5;1;1;3
260934;18,447;1;1;1;1;2;4;1;1;3
262434;18,539;1;1;3;1;4;6;1;1;5
263934;18,624;1;1;2;1;1;3;1;1;4
265464;18,719;1;1;3;1;1;4;1;1;2
266964;18,811;5;1;3;1;1;2;1;1;4
268464;18,9;1;1;3;1;1;2;1;1;4
269964;18,994;1;1;3;5;1;2;1;1;4
271464;19,083;1;1;1;1;1;4;1;1;2
272993;19,175;1;1;1;3;1;4;1;1;2
274493;19,272;1;1;3;1;2;5;1;1;4
275993;19,398;1;1;4;1;2;3;1;1;5
277493;19,494;1;1;2;1;1;5;1;1;3
278993;19,582;1;1;2;1;4;5;1;1;3
280493;19,667;1;1;3;1;2;4;1;1;1
282018;19,758;1;1;3;1;2;5;1;1;4
283518;19,84;1;1;2;1;1;4;1;1;3
285018;19,924;1;1;1;1;3;4;1;1;2
286518;20,01;1;1;3;1;2;5;1;1;4
288018;20,092;1;1;4;1;1;3;1;1;2
289518;20,169;1;4;2;1;1;5;1;1;3
291018;20,259;1;1;3;1;1;5;1;1;4
292033;20,317;1;1;2;1;1;3;1;1;1
293033;20,373;1;1;2;1;1;3;1;1;1
294533;20,46;1;1;3;1;1;2;1;1;4
296033;20,547;1;1;3;1;2;5;1;1;4
297533;20,635;1;1;1;1;4;5;1;1;2
299033;20,725;1;4;2;1;1;5;1;1;3
300533;20,816;1;1;4;1;1;5;1;1;3
301533;20,873;1;1;2;1;1;1;1;1;3
303060;20,964;3;1;1;1;1;4;1;1;2
304560;21,047;1;1;2;1;1;4;1;1;3
306060;21,136;1;1;4;1;2;3;1;1;5
307560;21,23;1;3;1;1;4;5;1;1;2
309060;21,315;1;1;1;1;2;3;1;1;4
310560;21,402;1;1;1;1;3;2;1;1;4
312060;21,503;1;1;1;1;3;5;1;1;4
313560;21,588;1;1;1;1;2;4;1;1;3
315060;21,677;1;1;4;1;3;5;1;1;2
316591;21,764;1;1;3;1;2;1;1;1;4
318091;21,849;1;1;1;1;3;4;1;1;2
319591;21,93;1;1;4;1;3;2;1;1;5
321091;22,004;1;1;1;1;4;3;1;1;2
322591;22,088;1;1;2;1;4;5;1;1;3
324091;22,174;1;1;1;1;2;4;1;1;3
325591;22,263;1;1;3;1;2;5;1;1;4
327091;22,35;1;1;2;1;1;4;1;1;3
328591;22,437;1;1;3;1;4;5;1;1;2
330091;22,528;1;1;2;1;1;4;1;1;3
331617;22,62;4;1;2;1;1;5;1;1;3
333117;22,708;1;1;3;1;1;2;1;1;4
334617;22,794;1;1;4;1;1;3;1;1;2
336117;22,869;1;1;2;1;1;4;1;1;3
337617;22,935;1;1;3;1;1;4;1;1;2
339617;23,062;1;1;4;1;6;7;1;1;5
341117;23,148;1;1;2;1;1;4;1;1;3
342617;23,235;1;1;2;1;1;4;1;1;3
344117;23,319;1;1;2;1;3;4;1;1;1
345617;23,401;1;1;2;1;1;4;1;1;3
347117;23,484;1;1;4;1;2;3;1;1;5
348643;23,571;1;1;3;1;2;1;1;1;4
350143;23,653;1;1;1;1;3;4;1;1;2
351643;23,74;1;1;3;1;2;5;1;1;4
353143;23,824;1;1;3;1;2;4;1;1;5
354643;23,912;1;1;1;1;4;3;1;1;2
356143;23,995;1;1;3;1;4;5;1;1;2
357643;24,072;1;1;4;1;1;3;1;1;2
359143;24,157;1;1;2;1;1;4;1;1;3
360643;24,239;1;1;3;1;1;2;1;1;4
362143;24,323;1;1;2;1;1;4;1;1;3
363643;24,416;1;1;2;1;1;4;1;1;3
365168;24,508;1;3;2;1;4;5;1;1;1
366668;24,598;1;1;4;1;5;6;1;1;1
367668;24,652;1;1;2;1;1;3;1;1;1
368668;24,706;1;1;2;1;1;3;1;1;1
369668;24,76;1;1;2;1;1;3;1;1;1
371168;24,847;1;1;3;1;2;1;1;1;4
372668;24,934;1;1;2;1;1;5;1;1;3
374168;25,026;1;1;2;1;4;5;1;1;3
375668;25,117;1;1;4;1;1;2;1;1;3
377168;25,209;1;1;2;1;4;5;1;1;3
378668;25,299;1;1;3;1;5;4;1;1;2
380187;25,392;1;1;3;1;1;4;1;1;2
381687;25,486;1;1;3;1;2;5;1;1;4
383187;25,575;1;1;2;1;1;4;1;1;3
384687;25,659;1;1;1;1;3;4;1;1;2
386187;25,744;1;1;2;1;1;4;1;1;3
387687;25,837;1;1;1;1;3;4;1;1;2
389187;25,921;1;1;1;1;3;4;1;1;2
390687;26,01;1;5;3;1;2;6;1;1;4
392187;26,102;1;1;4;1;3;6;1;1;5
393687;26,182;1;1;1;1;4;3;1;1;2
395187;26,27;1;1;3;1;1;4;1;1;2
396712;26,362;1;1;2;1;1;4;1;1;3
398212;26,444;1;1;4;1;1;3;1;1;2
399712;26,531;1;1;5;1;3;2;1;1;4
401212;26,616;1;1;3;1;2;1;1;1;4
402712;26,7;1;1;2;1;1;4;1;1;3
404212;26,788;1;1;2;1;4;5;1;1;3
405712;26,874;1;1;5;1;2;3;1;1;4
407212;26,957;1;1;3;1;2;1;1;1;4
408712;27,042;1;1;4;1;3;2;1;1;5
410212;27,128;1;1;1;1;4;3;1;1;2
411712;27,213;1;1;2;1;1;4;1;1;3
413234;27,302;1;1;4;1;1;2;1;1;3
414734;27,389;1;1;3;1;1;2;1;1;4
416234;27,476;1;1;1;1;4;3;1;1;2
417734;27,563;1;1;3;1;2;5;1;1;4
419234;27,654;1;1;3;1;5;6;1;1;4
420734;27,739;1;1;3;1;1;2;1;1;4
422234;27,822;1;1;3;1;2;1;1;1;4
423734;27,906;1;1;1;1;3;4;1;1;2
425234;27,991;1;1;2;1;3;4;1;1;1
426734;28,074;1;1;1;1;3;4;1;1;2
428234;28,158;1;1;2;1;1;4;1;1;3
429762;28,246;1;1;2;1;3;4;1;1;1
431262;28,336;1;1;4;1;3;6;1;1;5
432762;28,42;1;1;1;1;4;5;1;1;2
434262;28,507;1;1;3;1;2;5;1;1;4
435762;28,591;1;1;3;1;2;1;1;1;4
437262;28,659;1;1;2;1;1;4;1;1;3
438762;28,729;1;1;2;1;4;1;1;1;3
440262;28,796;1;1;1;1;3;4;1;1;2
441762;28,868;1;1;4;1;2;5;1;1;3
443262;28,928;1;1;3;1;2;1;1;1;4
444762;29,015;1;1;3;1;5;6;1;1;4
446285;29,098;1;1;3;1;1;4;1;1;2
447785;29,18;1;1;2;1;3;4;1;1;1
449285;29,255;1;1;2;1;1;4;1;1;3
450785;29,34;1;1;4;1;2;3;1;1;5
452285;29,426;1;1;3;1;2;1;1;1;4
453785;29,512;1;1;2;1;1;4;1;1;3
455285;29,593;1;1;3;1;2;1;1;1;4
456785;29,651;1;1;2;1;1;4;1;1;3
458285;29,743;1;1;3;1;5;6;1;1;4
459785;29,818;1;1;3;1;2;1;1;1;4
461285;29,899;1;1;2;1;5;4;1;1;3
462809;29,979;1;1;3;1;2;1;1;1;4
464309;30,051;1;1;2;1;1;4;1;1;3
465809;30,123;1;1;3;1;1;2;1;1;4
467309;30,201;1;1;1;1;3;4;1;1;2
468809;30,28;1;1;3;1;1;2;1;1;4
470309;30,353;1;1;2;1;1;4;1;1;3
471809;30,479;1;1;3;1;4;5;1;1;6
473309;30,564;1;1;4;1;3;2;1;1;5
474809;30,637;1;1;3;1;2;4;1;1;1
476309;30,709;1;1;3;1;1;4;1;1;2
477809;30,775;1;1;2;1;1;4;1;1;3
479327;30,845;1;1;3;1;2;4;1;1;1
480827;30,919;1;1;1;1;3;4;1;1;2
482327;31,004;1;1;2;1;1;3;1;1;4
483827;31,082;1;1;2;1;1;4;1;1;3
485327;31,172;1;1;5;1;4;3;1;1;6
486827;31,258;1;1;3;1;1;5;1;1;2
488327;31,344;1;1;3;1;2;4;1;1;5
489827;31,427;1;1;1;1;3;4;1;1;2
491327;31,517;1;1;2;1;1;4;1;1;3
492827;31,593;1;1;1;1;3;4;1;1;2
494327;31,678;1;1;1;1;3;4;1;1;2
495853;31,773;1;1;1;4;2;5;1;1;3
497353;31,856;1;1;1;1;3;4;1;1;2
498853;31,948;1;1;1;1;5;6;1;1;4
499853;32,001;1;1;1;1;2;1;1;1;3
500853;32,056;1;1;1;1;2;3;1;1;1
502353;32,142;1;1;4;1;2;3;1;1;1
503853;32,222;1;1;3;1;2;1;1;1;4
505353;32,31;1;1;2;1;4;5;1;1;3
506853;32,395;1;1;1;1;3;4;1;1;2
508353;32,479;1;1;3;1;1;2;1;1;4
509853;32,567;1;1;1;1;3;4;1;1;2
511373;32,664;6;1;4;1;3;2;1;1;5
512873;32,752;1;1;4;1;3;2;1;1;5
514373;32,842;1;1;3;1;2;5;1;1;4
515873;32,936;1;1;3;1;1;2;1;1;4
517373;33,022;1;1;2;1;1;3;1;1;4
518873;33,108;1;1;2;1;1;4;1;1;3
520373;33,198;1;1;3;1;2;5;1;1;4
521873;33,285;1;1;2;1;1;4;1;1;3
523373;33,369;1;1;3;1;2;1;1;1;4
524873;33,465;1;1;5;1;3;4;1;1;6
526373;33,552;1;1;2;1;1;4;1;1;3
527895;33,641;1;1;3;1;2;1;1;1;4
529395;33,731;1;1;4;1;2;5;1;1;3
530895;33,82;1;1;4;1;1;3;1;1;2
532395;33,907;1;1;2;1;1;4;1;1;3
533895;33,996;1;1;3;1;2;1;1;1;4
535395;34,084;1;1;3;1;1;2;1;1;4
536895;34,176;1;1;2;1;1;5;1;1;3
538395;34,27;1;1;5;1;4;3;1;1;6
539895;34,362;1;1;4;1;3;2;1;1;5
541395;34,451;1;1;2;1;1;4;1;1;3
542895;34,541;1;1;2;1;1;4;1;1;3
544416;34,63;1;1;2;1;1;4;1;1;3
545916;34,718;1;1;2;1;1;5;1;1;3
547416;34,809;1;1;1;3;4;5;1;1;2
548916;34,897;1;1;1;1;2;3;1;1;4
550416;34,983;1;1;1;1;2;4;1;1;3
551916;35,078;1;1;1;1;4;6;1;1;5
552916;35,138;1;1;1;1;1;2;1;1;3
554416;35,224;1;1;4;1;2;3;1;1;1
555916;35,315;1;1;3;1;2;1;1;1;4
557416;35,401;1;1;1;1;4;3;1;1;2
558916;35,491;1;1;4;1;3;2;1;1;5
560439;35,583;1;1;2;1;1;4;1;1;3
561939;35,67;1;1;2;1;3;1;1;1;4
563439;35,757;1;1;3;1;2;1;1;1;4
564939;35,85;1;1;2;1;1;6;1;1;3
566439;35,945;1;1;5;1;4;6;1;1;1
567939;36,029;1;1;2;3;1;4;1;1;1
569439;36,116;1;1;3;1;2;4;1;1;1
570939;36,204;1;1;2;3;1;4;1;1;1
572439;36,274;1;1;4;1;2;3;1;1;1
574439;36,372;1;1;6;1;5;4;1;1;7
575939;36,435;1;1;2;1;1;4;1;1;3
577465;36,523;1;1;4;1;1;3;1;1;2
578965;36,611;1;1;2;1;1;4;1;1;3
580465;36,697;1;1;3;1;1;2;1;1;4
581965;36,789;1;1;4;3;1;5;1;1;2
583465;36,885;1;1;5;1;1;4;1;1;6
584465;36,945;1;1;1;1;1;3;1;1;2
585465;37,01;1;1;2;1;1;1;1;1;3
586465;37,062;1;1;1;1;1;3;1;1;2
587965;37,143;1;1;4;1;1;3;1;1;2
589465;37,235;1;1;4;1;2;3;1;1;5
590965;37,327;1;1;3;1;1;2;1;1;4
592489;37,423;1;4;3;1;2;6;1;1;1
593989;37,51;1;1;3;1;2;4;1;1;1
595489;37,593;1;1;3;1;2;4;1;1;1
596989;37,679;1;1;2;1;1;4;1;1;1
598489;37,769;1;4;3;1;2;5;1;1;1
599989;37,861;1;1;2;1;4;5;1;1;3
601489;37,944;1;1;2;1;3;1;1;1;4
602989;38,025;1;1;2;1;1;4;1;1;3
604489;38,111;1;1;3;1;2;5;1;1;4
605989;38,194;1;1;2;1;1;4;1;1;3
607489;38,281;1;1;3;1;2;5;1;1;4
609015;38,371;1;1;3;5;1;2;1;1;4
610515;38,458;1;1;2;1;1;4;1;1;3
612015;38,543;1;1;3;1;1;2;1;1;4
613515;38,633;1;1;2;1;1;4;1;1;3
615015;38,718;1;1;3;1;1;2;1;1;4
616515;38,811;1;1;5;1;3;6;1;1;4
618015;38,898;1;1;3;1;2;5;1;1;4
619515;38,985;1;1;2;1;1;4;1;1;3
621015;39,069;1;1;2;1;1;4;1;1;3
622515;39,143;1;1;2;1;1;4;1;1;3
624015;39,214;1;1;4;1;3;2;1;1;5
625542;39,302;1;1;3;1;2;4;1;1;1
627042;39,39;1;1;3;1;2;5;1;1;4
628542;39,475;1;1;3;1;2;1;1;1;4
630042;39,558;1;1;2;1;1;4;1;1;3
631542;39,647;1;1;3;1;2;4;1;1;5
633042;39,734;1;1;4;1;3;2;1;1;5
634542;39,83;1;1;3;1;1;4;1;1;2
636042;39,919;1;1;1;1;2;4;1;1;3
637542;40,004;1;1;2;1;1;3;1;1;4
639042;40,091;1;1;2;1;3;5;1;1;4
640542;40,177;1;1;2;1;1;3;1;1;4
642070;40,268;1;1;1;1;2;4;1;1;3
643570;40,371;1;1;3;1;2;4;1;1;5
645070;40,46;1;1;3;1;2;5;1;1;4
646570;40,544;1;1;2;1;1;3;1;1;4
648070;40,632;1;1;3;1;2;1;1;1;4
649570;40,716;1;1;4;1;3;2;1;1;1
651070;40,815;1;1;2;1;1;4;1;1;3
652570;40,896;1;1;4;1;2;3;1;1;5
654070;40,968;1;1;2;1;1;4;1;1;3
655570;41,03;1;1;2;1;4;5;1;1;3
657070;41,092;1;1;3;1;1;2;1;1;4
658595;41,18;3;1;1;1;4;5;1;1;2
660095;41,264;1;1;1;1;3;2;1;1;4
661595;41,338;1;1;1;1;3;4;1;1;2
663095;41,423;1;1;1;1;3;4;1;1;2
664595;41,508;1;1;1;1;3;4;1;1;2
666095;41,601;1;1;4;1;3;6;1;1;5
667595;41,687;1;1;2;1;1;4;1;1;3
669095;41,781;1;1;4;1;3;2;1;1;5
670595;41,868;1;1;4;1;1;3;1;1;2
672095;41,953;1;1;2;1;1;4;1;1;3
673595;42,041;1;1;3;1;2;4;1;1;5
675121;42,13;1;1;3;1;1;2;1;1;4
676621;42,215;1;1;1;1;2;4;1;1;3
678121;42,336;1;1;4;1;2;1;1;1;3
679621;42,426;1;3;5;1;1;4;1;1;2
681121;42,51;1;3;2;1;1;4;1;1;1
682621;42,601;1;1;4;1;1;6;1;1;5
683621;42,656;1;1;2;1;1;1;1;1;3
684621;42,708;1;1;1;1;1;2;1;1;3
686121;42,791;1;1;3;1;1;2;1;1;4
687621;42,877;1;1;3;1;2;1;1;1;4
689121;42,962;1;1;5;1;1;4;1;1;2
690644;43,051;1;5;3;1;2;1;1;1;4
692144;43,141;1;5;3;1;2;1;1;1;4
693644;43,227;1;4;1;1;2;1;1;1;3
695144;43,317;1;3;5;2;4;1;1;1;1
696644;43,402;1;1;4;1;3;1;1;1;1
698144;43,492;1;1;4;5;3;2;1;1;1
699644;43,576;1;1;4;1;3;2;1;1;1
701144;43,66;1;1;2;1;1;4;1;1;1
702644;43,722;1;1;2;1;1;5;1;1;3
704144;43,812;1;1;2;1;1;6;1;1;3
706144;43,939;1;1;1;1;7;6;1;1;2
707164;43,995;1;1;1;1;1;3;1;1;2
708164;44,049;1;1;1;1;1;3;1;1;2
709164;44,103;1;1;1;1;1;3;1;1;2
710164;44,16;1;1;1;1;2;3;1;1;1
711664;44,249;1;1;3;1;4;6;1;1;5
713164;44,335;1;1;3;1;2;5;1;1;4
714664;44,417;1;1;3;1;2;1;1;1;4
716164;44,497;1;1;2;1;1;4;1;1;3
717664;44,578;1;1;3;1;1;2;1;1;4
719164;44,66;1;1;3;1;2;1;1;1;4
720664;44,746;1;1;3;1;1;6;1;1;2
722188;44,837;1;1;4;1;3;6;1;1;5
723688;44,921;1;1;4;1;3;2;1;1;5
725188;45,002;1;1;2;1;4;1;1;1;3
726688;45,083;1;1;3;1;2;1;1;1;4
728188;45,165;1;1;2;1;1;4;1;1;3
729688;45,253;1;1;2;1;1;6;1;1;3
731188;45,342;1;1;4;1;3;6;1;1;5
732688;45,423;1;1;2;1;1;4;1;1;3
734188;45,508;1;1;3;1;2;1;1;1;4
735688;45,595;1;5;2;1;1;3;1;1;4
737188;45,68;1;4;1;1;1;2;1;1;3
738713;45,777;5;3;2;1;1;6;1;1;1
740213;45,858;1;3;2;1;1;4;1;1;1
741713;45,921;1;1;3;1;1;4;1;1;1
743213;46,008;1;1;5;1;4;3;1;1;1
744213;46,062;1;1;1;1;3;2;1;1;1
745713;46,143;1;1;3;1;1;2;1;1;4
747213;46,24;1;1;2;1;4;5;1;1;3
748713;46,339;1;1;2;1;1;4;1;1;3
750213;46,438;1;1;3;1;5;6;1;1;4
751713;46,528;1;1;2;1;1;4;1;1;3
753213;46,614;1;1;3;1;2;1;1;1;4
754733;46,703;1;1;2;1;1;4;1;1;3
756233;46,788;1;1;2;1;1;4;1;1;3
757733;46,879;1;1;4;1;3;2;1;1;5
759233;46,976;1;1;5;1;4;3;1;1;6
760733;47,064;1;1;3;1;2;1;1;1;4
762233;47,155;1;1;2;1;1;4;1;1;3
763733;47,227;1;1;2;1;1;4;1;1;3
765233;47,304;1;1;1;1;3;4;1;1;2
766733;47,387;1;1;3;1;1;2;1;1;4
768233;47,467;1;1;4;1;1;3;1;1;2
770233;47,589;1;1;5;1;4;