Iteration;Time;QI-0;QI-1;QI-2;QI-3;QI-4;QI-5;QI-6;QI-7;QI-8;
2089;1,272;6;8;3;9;4;7;1;2;5
3589;1,672;4;1;1;2;1;5;1;1;3
5123;1,865;3;1;1;1;1;4;1;1;2
6623;2,057;4;1;1;1;1;3;1;1;2
8123;2,156;1;1;1;3;1;4;1;1;2
10170;2,507;2;1;6;3;5;8;7;1;4
11670;2,704;1;4;6;1;5;3;1;1;2
13170;2,807;1;3;1;1;2;4;1;1;1
14170;2,868;1;1;1;1;3;2;1;1;1
15191;2,938;1;1;1;1;1;3;1;1;2
16691;3,027;5;1;1;4;2;1;1;1;3
18691;3,269;5;1;4;6;7;1;1;1;3
20191;3,361;2;5;4;6;3;1;1;1;1
21691;3,483;4;3;1;2;1;1;1;1;1
23220;3,59;2;3;1;1;4;1;1;1;1
24720;3,682;4;1;1;2;1;3;1;1;1
26220;3,778;3;1;1;1;2;4;1;1;1
28220;3,901;5;1;1;6;3;7;1;1;4
29720;3,995;4;1;1;1;2;6;1;5;3
31220;4,067;2;4;1;1;5;6;1;3;1
32748;4,154;3;4;1;1;2;1;1;1;1
34248;4,237;2;1;1;1;3;4;1;1;1
35748;4,324;3;2;1;1;1;4;1;1;1
37248;4,416;4;5;1;3;2;6;1;1;1
39248;4,547;7;6;1;4;3;8;1;1;5
40748;4,63;3;1;1;1;1;4;1;1;2
42248;4,717;3;1;1;1;1;4;1;1;2
43784;4,811;4;1;1;2;1;1;1;1;3
45284;4,906;3;1;1;1;1;4;1;1;2
46784;5,006;4;5;1;6;1;2;1;1;3
48784;5,132;5;4;1;6;1;7;1;1;3
50284;5,229;3;1;1;1;1;4;1;1;2
51784;5,31;4;1;1;3;1;2;1;1;5
53284;5,379;4;1;1;2;1;1;1;1;3
54784;5,449;3;1;1;1;1;4;1;1;2
56311;5,557;5;6;1;3;2;1;1;1;4
57811;5,649;2;3;1;1;5;1;1;1;4
59311;5,735;4;5;1;1;2;1;1;1;3
60811;5,833;2;3;4;1;5;1;1;1;1
62311;5,93;3;4;1;1;2;1;1;1;1
63811;6,013;3;4;1;1;2;1;1;1;1
65311;6,097;2;1;1;3;1;4;1;1;1
66811;6,18;2;1;1;1;3;4;1;1;1
68311;6,265;4;1;1;2;1;5;1;1;3
69833;6,354;3;1;4;2;1;5;1;1;1
71333;6,445;2;1;3;6;1;5;1;4;1
72833;6,525;4;1;1;5;1;3;1;1;1
73833;6,571;3;1;1;1;1;2;1;1;1
75333;6,641;3;1;1;2;1;4;1;1;1
76833;6,715;4;1;1;2;1;5;1;1;3
78333;6,785;4;1;1;3;1;1;1;1;2
80333;6,9;7;6;1;4;1;3;1;1;5
81833;6,985;4;3;1;1;1;5;1;1;2
83333;7,055;4;3;1;1;1;1;1;1;2
84863;7,141;2;1;1;1;4;3;1;1;1
86363;7,212;3;1;1;1;1;4;1;1;2
87863;7,29;3;1;1;1;1;4;1;1;2
89863;7,392;6;1;1;4;3;7;1;1;5
91363;7,495;5;1;1;3;2;6;1;1;4
92863;7,584;4;1;1;3;1;5;1;1;2
94363;7,673;3;1;1;2;1;1;1;1;4
95863;7,757;4;1;1;2;1;1;1;1;3
97363;7,835;3;1;1;2;1;4;1;1;1
98863;7,905;3;1;1;4;1;1;1;1;2
100863;8,011;5;6;7;4;2;8;1;1;3
102390;8,166;1;3;4;2;1;5;1;1;1
103390;8,285;1;1;1;3;1;2;1;1;1
104390;8,395;1;3;1;2;1;1;1;1;1
105390;8,466;1;1;1;1;1;3;1;1;1
106390;8,591;1;1;1;3;1;2;1;1;1
107890;8,799;5;1;6;3;2;1;1;1;4
109390;8,9;4;1;5;1;2;1;1;1;3
110890;9,028;3;1;4;1;5;1;1;1;2
112390;9,099;3;4;1;1;1;1;1;1;2
113890;9,303;4;3;1;1;1;1;1;1;2
115390;9,407;3;1;1;1;1;4;1;1;2
116916;9,506;5;1;1;3;1;2;1;1;4
118416;9,586;4;1;1;2;1;5;1;1;3
119916;9,686;4;1;1;1;1;2;1;1;3
121416;9,799;3;4;1;1;1;5;1;1;2
122916;9,909;4;1;1;1;1;2;1;1;3
124416;9,984;2;1;1;1;3;4;1;1;1
125916;10,056;3;1;1;1;1;4;1;1;2
127416;10,215;4;1;1;1;2;5;1;1;3
128916;10,356;5;1;1;3;1;2;1;1;4
130416;10,437;3;4;1;1;1;5;1;1;2
131916;10,557;3;4;1;1;1;1;1;1;2
132936;10,661;2;1;1;1;1;3;1;1;1
133936;10,734;2;1;1;1;1;3;1;1;1
135436;10,809;4;1;1;1;1;2;1;1;3
136936;10,943;6;1;1;4;2;3;1;1;5
138436;11,016;4;5;1;1;2;6;1;1;3
139936;11,103;2;4;1;1;1;5;1;1;3
140936;11,154;3;1;1;1;1;1;1;1;2
141936;11,207;2;1;1;1;1;3;1;1;1
142936;11,263;3;1;1;1;1;1;1;1;2
144436;11,371;3;1;1;1;1;4;1;1;2
145936;11,461;3;5;1;2;1;6;1;1;4
147464;11,56;2;5;4;1;1;6;1;1;3
148964;11,636;4;3;1;1;1;5;1;1;2
150464;11,716;3;1;1;1;1;4;1;1;2
151964;11,801;3;2;1;1;1;4;1;1;1
153464;11,89;2;3;1;1;1;4;1;1;1
154964;11,984;4;1;1;2;1;5;1;1;3
156464;12,066;4;1;1;2;1;5;1;1;3
157964;12,145;3;1;1;1;1;4;1;1;2
159464;12,229;3;1;1;1;1;4;1;1;2
160964;12,317;4;3;1;1;1;5;1;1;2
162464;12,396;4;3;1;1;1;1;1;1;2
163993;12,484;3;4;1;1;1;1;1;1;2
165493;12,573;4;6;1;1;2;3;1;1;5
166993;12,662;3;1;1;1;1;4;1;1;2
168493;12,748;3;1;1;5;1;4;1;1;2
169993;12,84;3;1;1;1;1;4;1;1;2
171493;12,923;4;1;1;1;1;3;1;1;2
172993;13,008;4;1;1;2;1;5;1;1;3
174493;13,065;1;1;1;3;1;4;1;1;2
175993;13,15;4;1;5;2;1;6;1;1;3
177493;13,238;4;1;1;2;1;5;1;1;3
178993;13,32;3;1;1;1;1;4;1;1;2
180529;13,41;3;1;1;2;1;4;1;1;1
182029;13,535;4;3;1;1;1;5;1;1;2
183529;13,616;3;4;1;1;1;1;1;1;2
185029;13,704;5;3;4;1;1;6;1;1;2
186529;13,787;5;4;1;1;1;2;1;1;3
188029;13,866;2;3;1;1;1;4;1;1;1
189529;13,945;3;1;1;4;1;1;1;1;2
191029;14,03;4;1;1;2;1;1;1;1;3
192529;14,117;4;1;1;3;1;1;1;1;2
194029;14,204;3;1;1;2;1;5;1;1;4
195529;14,294;3;5;1;6;2;1;1;1;4
197060;14,384;2;4;1;1;5;1;1;1;3
198560;14,48;4;3;1;1;2;1;1;1;1
200060;14,564;2;4;1;1;1;1;1;1;3
201560;14,646;2;4;1;1;1;1;1;1;3
203060;14,733;5;4;1;1;3;2;1;1;6
204560;14,82;3;1;1;2;1;5;1;1;4
206060;14,892;3;1;1;4;1;1;1;1;2
207560;14,981;3;1;1;2;1;4;1;1;1
209060;15,066;3;1;1;2;1;4;1;1;1
210560;15,226;2;5;1;1;1;4;1;1;3
212060;15,35;3;2;1;1;1;4;1;1;5
213584;15,437;3;1;2;1;1;4;1;1;5
215084;15,52;3;1;1;1;1;4;1;1;2
216084;15,572;2;1;1;1;1;3;1;1;1
217584;15,653;4;1;1;3;1;1;1;1;2
219084;15,73;4;1;1;2;1;1;1;1;3
220584;15,818;3;2;1;4;5;6;1;1;1
222084;15,9;5;3;4;2;1;6;1;1;1
223584;15,995;3;4;1;2;1;5;1;1;1
224584;16,05;2;1;1;1;1;3;1;1;1
225584;16,102;2;1;1;1;1;3;1;1;1
227084;16,185;4;1;1;3;1;1;1;1;2
228607;16,275;4;1;1;1;2;5;1;1;3
230107;16,362;4;5;1;1;2;6;1;1;3
231607;16,44;3;4;1;1;1;5;1;1;2
232607;16,485;2;1;1;1;1;3;1;1;1
233607;16,539;3;1;1;1;1;1;1;1;2
235107;16,624;4;1;1;2;1;1;1;1;3
236607;16,746;3;1;1;2;1;4;1;1;1
238607;16,88;6;3;4;5;1;7;1;1;2
240107;16,968;4;5;1;3;1;2;1;1;1
241107;17,022;1;1;1;2;1;3;1;1;1
242107;17,08;2;1;1;1;1;3;1;1;1
243124;17,135;2;1;1;1;1;3;1;1;1
244624;17,277;3;1;1;2;1;1;1;1;4
246624;17,459;6;5;7;3;2;1;1;1;4
248124;17,546;3;4;5;1;1;1;1;1;2
249124;17,6;1;3;1;1;1;1;1;1;2
250124;17,661;3;2;1;1;1;1;1;1;1
251124;17,717;2;1;1;1;1;1;1;1;3
252624;17,812;2;3;1;1;1;4;1;1;1
254124;17,908;6;5;1;4;1;2;1;1;3
255624;18,001;6;2;1;3;5;4;1;1;1
257124;18,096;4;3;1;2;1;5;1;1;1
258654;18,189;4;3;1;2;1;1;1;1;1
260154;18,274;4;3;1;2;1;1;1;1;1
261654;18,36;2;3;1;1;1;4;1;1;1
263154;18,449;4;5;1;3;1;6;1;1;2
264654;18,538;5;3;1;4;2;6;1;1;1
266154;18,629;2;4;1;3;1;5;1;1;1
267654;18,714;2;3;1;1;1;4;1;1;1
269154;18,797;3;1;1;2;1;4;1;1;1
270654;18,885;3;2;1;1;1;4;1;1;1
272154;18,972;2;3;1;4;1;5;1;1;1
273654;19,061;4;5;1;3;2;6;1;1;1
275181;19,161;5;4;1;3;1;2;1;1;1
276681;19,253;3;4;1;2;1;1;1;1;1
278181;19,352;2;3;1;1;1;4;1;1;1
279681;19,453;1;2;1;3;1;4;1;1;1
281181;19,541;5;3;1;4;1;1;1;1;2
282681;19,629;2;4;1;3;5;1;1;1;1
284181;19,709;3;4;1;2;1;1;1;1;1
285681;19,792;2;3;4;1;5;1;1;1;1
287181;19,872;1;2;3;1;4;1;1;1;1
288681;19,934;2;3;1;1;1;4;1;1;1
290181;20,0;4;5;1;1;2;1;1;1;3
291709;20,09;2;1;1;1;4;1;1;1;3
293209;20,178;4;5;1;3;1;1;1;1;2
294709;20,268;2;3;5;4;1;1;1;1;1
296209;20,349;2;3;4;1;1;1;1;1;1
297709;20,431;4;2;1;3;1;1;1;1;1
299209;20,516;4;2;1;3;1;1;1;1;1
300709;20,602;4;3;1;5;1;2;1;1;1
302209;20,689;5;3;1;4;1;1;1;1;2
303709;20,777;3;4;5;2;1;1;1;1;1
305209;20,858;2;3;4;1;1;1;1;1;1
306209;20,915;1;3;1;2;1;1;1;1;1
307230;20,978;3;1;1;2;1;1;1;1;1
308730;21,075;3;2;1;4;1;5;1;1;1
310230;21,172;4;2;1;5;1;1;1;1;3
311730;21,27;4;3;5;2;1;1;1;1;1
313230;21,369;2;1;4;3;1;1;1;1;1
314230;21,426;2;3;1;1;1;1;1;1;1
315230;21,482;2;1;1;3;1;1;1;1;1
316730;21,571;2;4;1;3;1;1;1;1;1
318230;21,659;6;4;1;5;1;2;1;1;3
319730;21,748;3;2;5;4;1;6;1;1;1
321230;21,834;3;2;1;4;1;5;1;1;1
322758;21,932;3;2;1;4;1;1;1;1;1
324258;22,04;4;2;1;1;1;3;1;1;1
325758;22,122;3;1;1;2;1;4;1;1;1
327258;22,212;4;2;1;3;1;5;1;1;1
328758;22,302;3;4;1;5;1;2;1;1;1
330258;22,386;5;4;1;3;2;1;1;1;1
331758;22,471;1;3;1;2;4;1;1;1;1
333258;22,559;2;1;1;4;3;1;1;1;1
334758;22,651;1;3;1;2;4;1;1;1;1
336258;22,743;3;1;1;4;5;1;1;1;2
337758;22,835;5;1;4;3;1;6;1;1;2
339285;22,924;2;1;4;1;1;5;1;1;3
340285;22,976;3;1;1;1;1;1;1;1;2
341285;23,029;3;1;1;1;1;1;1;1;2
342785;23,112;4;2;1;1;1;1;1;1;3
344285;23,196;5;4;1;1;2;1;1;1;3
345785;23,283;4;5;6;1;3;1;1;1;2
347285;23,365;4;1;3;1;5;1;1;1;2
348285;23,416;3;1;1;1;1;1;1;1;2
349285;23,467;3;1;1;1;2;1;1;1;1
350785;23,547;4;1;1;1;2;1;1;1;3
352285;23,627;4;1;1;1;1;2;1;1;3
354319;23,741;7;1;3;2;5;4;1;1;6
355819;23,815;4;1;1;1;2;5;1;1;3
357319;23,884;3;1;1;1;1;4;1;1;2
358819;23,953;4;1;1;1;1;2;1;1;3
360319;24,024;3;1;1;1;1;4;1;1;2
361819;24,099;2;1;1;1;1;3;1;1;4
363319;24,176;5;3;1;1;2;6;1;1;4
364819;24,283;5;3;1;4;1;6;1;1;2
366319;24,37;2;1;1;5;1;4;1;1;3
367819;24,445;4;1;1;3;1;1;1;1;2
369319;24,521;3;1;1;1;1;4;1;1;2
370842;24,598;4;1;1;3;1;1;1;1;2
372342;24,665;5;1;1;4;2;6;1;1;3
373842;24,746;6;2;1;4;3;1;1;1;5
375342;24,83;1;5;1;4;2;1;1;1;3
376842;24,912;1;1;1;2;4;1;1;1;3
378342;24,996;1;4;1;3;2;1;1;1;1
379842;25,083;1;4;1;2;3;1;1;1;1
381342;25,172;1;2;1;3;4;1;1;1;5
382842;25,269;3;1;6;4;5;1;1;1;2
384342;25,359;2;1;5;4;1;1;1;1;3
385342;25,416;1;1;1;2;1;1;1;1;3
386358;25,47;1;1;1;3;1;1;1;1;2
387358;25,524;2;1;1;1;1;1;1;1;3
388858;25,61;5;2;1;4;1;3;1;1;1
390358;25,695;6;4;1;5;2;3;1;1;1
391858;25,778;5;3;1;4;2;1;1;1;1
393358;25,856;1;2;1;4;3;1;1;1;1
394858;25,938;3;1;1;2;4;1;1;1;1
396358;26,016;2;3;1;1;5;1;1;1;4
397858;26,079;2;4;1;1;3;1;1;1;1
399358;26,171;5;2;6;1;1;4;1;1;3
400858;26,246;3;5;4;1;1;1;1;1;2
401875;26,302;3;2;1;1;1;1;1;1;1
403375;26,38;2;3;1;4;1;1;1;1;1
404875;26,461;3;4;1;2;1;1;1;1;1
406375;26,548;5;4;1;2;3;1;1;1;1
407875;26,637;4;3;6;5;2;1;1;1;1
409375;26,721;3;2;5;4;1;1;1;1;1
410375;26,769;1;2;1;3;1;1;1;1;1
411375;26,816;2;3;1;1;1;1;1;1;1
412875;26,892;3;1;1;4;1;1;1;1;2
414375;26,972;4;3;1;1;1;1;1;1;2
416375;27,095;6;5;7;2;1;4;1;1;3
417910;27,185;4;3;5;1;1;1;1;1;2
418910;27,237;2;3;1;1;1;1;1;1;1
419910;27,288;2;3;1;1;1;1;1;1;1
420910;27,34;2;3;1;1;1;1;1;1;1
422410;27,418;3;4;1;2;1;1;1;1;1
424410;27,541;6;7;3;5;2;4;1;1;1
425910;27,627;3;4;2;1;1;5;1;1;1
426910;27,679;3;1;1;1;1;2;1;1;1
427910;27,732;2;1;1;1;1;3;1;1;1
428910;27,784;2;1;1;1;1;3;1;1;1
430410;27,866;4;2;1;1;1;1;1;1;3
431936;27,936;4;3;5;2;1;6;1;1;1
433436;28,012;3;6;4;2;1;5;1;1;1
434936;28,074;2;1;1;3;1;4;1;1;1
436436;28,132;3;1;1;2;1;4;1;1;1
437936;28,205;2;1;1;3;1;4;1;1;1
439436;28,289;4;1;1;2;1;5;1;1;3
440936;28,37;1;1;2;3;1;5;1;1;4
442436;28,45;1;1;1;2;1;4;1;1;3
443436;28,501;1;1;1;1;1;3;1;1;2
444936;28,601;1;1;1;1;4;3;1;1;2
446436;28,691;1;3;1;2;1;5;1;1;4
447962;28,782;5;3;1;2;1;4;1;1;1
449462;28,864;1;3;2;4;1;5;1;1;1
450962;28,944;1;1;4;2;1;3;1;1;1
452462;29,029;1;4;3;2;1;1;1;1;1
453962;29,109;1;4;1;3;2;1;1;1;1
455462;29,181;1;1;1;2;4;5;1;1;3
456962;29,258;3;1;1;1;4;5;1;1;2
458462;29,342;2;1;1;1;3;4;1;1;1
459962;29,429;2;1;3;1;4;5;1;1;1
461462;29,51;2;1;1;1;3;4;1;1;1
462962;29,583;3;2;1;1;1;4;1;1;1
464495;29,662;2;5;1;1;3;4;1;1;1
465995;29,742;3;4;1;1;1;2;1;1;1
467495;29,83;5;3;1;1;2;1;1;1;4
468995;29,914;3;1;4;1;5;1;1;1;2
470495;29,993;4;1;1;1;3;1;1;1;2
471495;30,043;3;1;1;1;2;1;1;1;1
472995;30,125;3;1;1;1;4;1;1;1;2
474495;30,207;4;1;1;2;1;5;1;1;3
475995;30,289;5;2;1;3;1;1;1;1;4
477495;30,373;2;5;4;1;1;1;1;1;3
478995;30,445;2;3;4;1;1;1;1;1;1
480528;30,525;4;3;1;1;1;1;1;1;2
482028;30,605;4;1;1;1;2;1;1;1;3
483528;30,68;5;3;1;1;2;1;1;1;4
485028;30,767;5;3;1;1;2;1;1;1;4
486528;30,841;3;2;1;1;4;1;1;1;1
488028;30,924;4;5;2;1;3;1;1;1;1
489528;31,001;3;1;4;1;2;1;1;1;1
491028;31,081;3;1;2;1;4;1;1;1;1
492528;31,164;4;5;1;1;2;3;1;1;1
494028;31,252;4;2;1;3;1;5;1;1;1
495528;31,338;3;4;1;1;1;5;1;1;2
497056;31,424;2;1;1;1;1;4;1;1;3
498556;31,505;2;3;1;1;1;4;1;1;1
500056;31,596;2;1;4;1;1;5;1;1;3
501556;31,687;3;1;4;1;1;5;1;1;2
503056;31,774;3;1;2;4;1;5;1;1;1
504556;31,866;3;1;2;1;1;4;1;1;1
506056;31,949;3;1;2;1;1;4;1;1;1
507556;32,037;3;4;2;1;1;5;1;1;1
509056;32,12;2;1;3;1;1;4;1;1;1
510556;32,208;5;2;6;1;1;3;1;1;4
512056;32,296;4;2;5;1;1;1;1;1;3
513580;32,385;1;2;4;1;1;1;1;1;3
515080;32,473;3;2;5;4;1;1;1;1;1
516580;32,55;2;1;4;3;1;1;1;1;1
518080;32,627;4;3;1;2;1;1;1;1;1
519580;32,718;3;5;2;1;1;4;1;1;1
521080;32,806;4;2;3;1;1;5;1;1;1
522580;32,894;3;4;1;1;1;5;1;1;2
524080;32,976;4;2;1;1;1;1;1;1;3
525580;33,064;4;2;1;1;1;1;1;1;3
527080;33,153;5;3;1;2;1;4;1;1;1
528580;33,238;3;1;1;2;1;4;1;1;1
530106;33,327;5;1;2;4;1;3;1;1;1
531606;33,412;3;1;1;2;1;4;1;1;1
533106;33,5;4;1;3;2;1;5;1;1;1
534606;33,587;4;1;1;2;1;5;1;1;3
536106;33,669;3;1;1;1;1;4;1;1;2
537606;33,756;4;1;1;2;1;5;1;1;3
539106;33,839;3;1;1;1;1;4;1;1;2
540606;33,926;4;1;1;2;1;1;1;1;3
542106;34,006;4;1;2;1;1;5;1;1;3
543606;34,097;4;1;2;1;1;1;1;1;3
545106;34,181;3;1;2;1;1;4;1;1;1
546635;34,279;6;3;4;1;1;2;1;1;5
548135;34,369;4;1;2;1;1;5;1;1;3
549635;34,461;1;1;3;2;1;5;1;1;4
551135;34,546;1;1;3;1;1;4;1;1;2
552635;34,642;1;1;2;1;1;4;1;1;3
554135;34,727;1;1;2;3;1;1;1;1;4
555635;34,815;1;5;2;3;1;1;1;1;4
557135;34,92;5;4;2;3;1;1;1;1;1
558635;35,003;1;2;3;4;1;1;1;1;1
560135;35,092;4;1;2;3;5;1;1;1;1
561635;35,181;4;1;2;1;3;1;1;1;1
563168;35,273;4;1;3;2;1;5;1;1;1
564668;35,361;4;1;2;1;1;5;1;1;3
566168;35,444;3;1;1;1;1;4;1;1;2
567668;35,532;5;1;3;1;1;2;1;1;4
569168;35,615;3;1;2;1;1;4;1;1;1
570668;35,704;5;1;3;1;1;2;1;1;4
572168;35,792;4;1;2;3;1;5;1;1;1
573668;35,877;4;1;2;3;1;1;1;1;1
575168;35,964;4;1;3;2;1;1;1;1;1
576668;36,052;5;3;4;2;1;1;1;1;1
578168;36,132;3;4;1;2;1;1;1;1;1
579689;36,226;3;4;2;6;5;1;1;1;1
581189;36,316;4;1;3;2;5;1;1;1;1
582689;36,4;3;1;2;4;1;1;1;1;1
584189;36,494;5;1;3;4;2;1;1;1;1
585689;36,577;2;1;1;4;3;1;1;1;1
587189;36,642;1;1;3;4;2;1;1;1;1
588689;36,711;6;5;3;2;1;1;1;1;4
590189;36,773;5;4;1;3;1;1;1;1;2
591689;36,836;2;1;1;4;1;1;1;1;3
593189;36,917;4;1;1;2;1;5;1;1;3
594689;36,995;3;1;1;1;1;4;1;1;2
596219;37,102;5;1;1;3;2;1;1;1;4
597719;37,2;4;1;1;5;3;1;1;1;2
599219;37,308;3;1;1;2;4;1;1;1;1
600719;37,398;5;1;1;4;2;1;1;1;3
602219;37,494;1;1;1;3;4;1;1;1;2
603719;37,579;5;1;1;3;1;2;1;1;4
605219;37,765;3;1;1;4;1;1;1;1;2
606719;37,963;3;1;5;2;1;1;1;1;4
608219;38,114;4;1;1;2;1;1;1;1;3
609719;38,192;4;3;5;2;1;1;1;1;1
611219;38,268;5;1;3;4;2;1;1;1;1
612748;38,345;2;1;1;3;4;1;1;1;1
614248;38,413;5;1;4;3;2;1;1;1;1
615748;38,493;1;1;2;3;4;1;1;1;1
617248;38,58;5;1;1;2;3;1;1;1;4
618748;38,669;2;5;1;4;3;1;1;1;1
620248;38,753;4;2;1;1;3;1;1;1;1
621748;38,837;4;2;1;1;3;1;1;1;1
623248;38,927;3;5;1;4;2;1;1;1;1
624748;39,017;5;3;4;1;2;1;1;1;1
626248;39,103;2;3;5;1;4;1;1;1;1
627748;39,186;1;2;3;1;4;1;1;1;1
629277;39,276;3;1;4;1;2;1;1;1;1
630777;39,362;3;2;1;1;4;1;1;1;1
632277;39,452;4;2;1;3;5;1;1;1;1
633777;39,541;4;3;1;2;1;5;1;1;1
635277;39,628;3;1;1;4;1;5;1;1;2
636777;39,713;1;1;1;2;1;4;1;1;3
638277;39,8;3;1;1;1;1;4;1;1;2
639777;39,891;3;1;1;4;1;5;1;1;2
641277;39,978;1;1;1;2;3;5;1;1;4
642777;40,07;1;3;1;2;1;5;1;1;4
644277;40,153;1;3;1;1;1;4;1;1;2
645806;40,242;1;2;1;1;1;4;1;1;3
647306;40,326;1;3;1;1;1;4;1;1;2
648806;40,418;6;3;4;1;1;2;1;1;5
650306;40,511;3;1;5;1;4;6;1;1;2
651806;40,601;5;1;3;1;1;2;1;1;4
653306;40,668;4;1;2;1;1;1;1;1;3
654806;40,747;4;1;1;1;1;2;1;1;3
656306;40,833;5;1;3;2;1;1;1;1;4
657806;40,919;4;3;5;2;1;1;1;1;1
659306;41,008;1;2;4;5;3;1;1;1;1
660806;41,09;1;4;2;1;3;1;1;1;1
662330;41,175;1;1;3;2;4;1;1;1;1
663830;41,256;1;3;2;4;1;5;1;1;1
665330;41,34;1;4;2;3;1;1;1;1;5
666830;41,422;2;5;3;4;1;1;1;1;1
668330;41,5;1;4;3;2;1;1;1;1;1
669830;41,579;4;1;2;3;1;1;1;1;1
671330;41,666;4;5;1;3;2;1;1;1;1
672830;41,753;5;4;1;3;2;1;1;1;1
674330;41,839;5;4;1;2;1;1;1;1;3
675830;41,92;2;4;1;3;1;1;1;1;1
677330;42,001;4;3;1;2;1;1;1;1;1
678850;42,085;4;5;3;2;1;1;1;1;1
680350;42,164;1;4;2;3;1;1;1;1;1
681850;42,235;6;5;4;3;2;1;1;1;1
683350;42,32;5;4;2;3;1;1;1;1;1
684850;42,396;3;2;1;4;1;1;1;1;1
686350;42,457;3;1;5;4;1;1;1;1;2
687850;42,515;2;1;3;4;1;1;1;1;1
689350;42,569;3;1;2;4;1;1;1;1;1
690850;42,649;5;1;2;3;1;1;1;1;4
692350;42,732;4;1;2;5;1;1;1;1;3
693850;42,823;5;3;1;2;1;1;1;1;4
695383;42,905;1;4;1;2;1;1;1;1;3
696883;42,982;4;3;1;2;1;1;1;1;1
698383;43,061;2;4;1;3;1;1;1;1;1
699883;43,148;4;5;1;3;2;1;1;1;1
701383;43,234;5;2;3;1;4;1;1;1;1
702883;43,317;4;2;3;1;1;1;1;1;1
704383;43,403;5;4;1;1;3;2;1;1;1
705883;43,484;3;2;1;1;1;4;1;1;1
707383;43,581;4;5;1;1;2;3;1;1;1
708883;43,664;4;3;1;1;2;5;1;1;1
710383;43,743;2;3;1;1;1;4;1;1;1
711909;43,865;5;4;3;1;2;1;1;1;1
713409;43,956;4;2;3;1;1;1;1;1;1
714909;44,039;1;2;3;1;4;1;1;1;1
716409;44,1;3;1;4;1;5;1;1;1;2
717909;44,172;4;1;2;5;1;1;1;1;3
719409;44,252;2;1;5;3;1;4;1;1;1
720909;44,331;3;1;1;2;1;4;1;1;1
722409;44,408;3;1;1;2;1;4;1;1;1
723909;44,489;5;4;2;3;1;1;1;1;1
725409;44,57;5;2;3;1;4;1;1;1;1
726909;44,655;3;5;2;1;1;1;1;1;4
728436;44,739;3;4;2;1;1;1;1;1;1
729936;44,814;2;3;4;1;1;1;1;1;1
731436;44,897;5;2;1;1;1;3;1;1;4
732936;44,981;5;3;1;2;1;1;1;1;4
734436;45,061;5;4;1;3;2;1;1;1;1
735936;45,136;2;4;1;1;3;1;1;1;1
737436;45,235;1;2;1;4;3;1;1;1;1
738936;45,314;5;4;3;1;2;1;1;1;1
740436;45,397;5;3;2;1;4;1;1;1;1
741936;45,514;1;5;4;1;3;1;1;1;2
743436;45,616;1;4;3;1;1;1;1;1;2
744965;45,706;1;4;2;1;1;1;1;1;3
746485;45,791;1;3;1;2;4;1;1;1;5
747985;45,872;1;4;1;2;3;1;1;1;1
749505;45,962;6;4;1;3;2;1;1;1;5
751005;46,043;2;5;1;4;3;1;1;1;1
752505;46,123;4;3;1;1;2;1;1;1;1
754028;46,221;4;5;3;1;2;1;1;1;1
755528;46,303;4;3;1;1;2;1;1;1;1
757028;46,384;4;3;2;1;1;1;1;1;1
758528;46,474;4;1;5;1;3;1;1;1;2
760052;46,559;4;1;3;1;1;2;1;1;5
761552;46,642;4;1;2;3;1;1;1;1;5