Iteration;Time;QI-0;QI-1;QI-2;QI-3;QI-4;QI-5;QI-6;QI-7;QI-8;
2090;0,714;8;6;1;9;7;4;2;5;3
3590;0,886;1;4;1;3;5;1;1;2;1
4635;0,948;1;3;1;2;1;1;1;1;1
5635;1,049;1;1;1;2;3;1;1;1;1
6635;1,092;1;3;1;1;2;1;1;1;1
8694;1,293;1;6;7;5;1;4;3;1;2
10694;1,435;3;5;6;1;1;7;4;2;1
12194;1,496;3;4;2;1;1;1;1;1;1
13694;1,562;3;2;1;1;1;4;1;1;1
15230;1,75;4;3;2;1;1;1;1;1;1
16730;1,813;2;3;1;1;5;4;1;1;1
18730;1,925;6;4;1;2;1;7;3;1;5
20230;2,015;1;5;1;1;1;6;4;2;3
21730;2,15;1;5;1;1;1;2;1;3;4
22748;2,278;1;2;1;1;1;3;1;1;1
23748;2,38;1;3;2;1;1;1;1;1;1
25248;2,461;1;3;2;1;1;4;1;1;1
26748;2,56;6;5;4;1;2;3;1;1;1
28748;2,654;2;6;5;1;3;1;7;4;1
30248;2,747;1;5;4;1;1;1;3;2;6
31776;2,816;1;4;3;1;1;1;1;1;2
33276;2,885;1;3;1;1;1;1;4;1;2
34776;2,954;1;3;2;1;1;1;4;1;1
36276;3,016;1;5;4;1;1;3;1;1;2
38276;3,122;1;4;3;6;2;7;1;5;1
39776;3,197;1;5;3;1;1;4;1;2;1
40776;3,243;1;2;1;1;1;3;1;1;1
42307;3,322;1;4;2;1;1;1;3;1;1
43807;3,385;1;4;1;1;1;3;2;1;1
45307;3,478;2;5;1;1;1;4;1;1;3
47307;3,57;2;6;1;4;5;3;1;7;1
48807;3,628;1;5;1;1;3;2;1;4;1
49807;3,658;1;3;1;1;2;1;1;1;1
51307;3,716;1;3;1;1;2;1;4;1;1
52807;3,774;1;5;2;1;1;4;3;1;1
54337;3,828;5;4;1;1;1;2;1;1;3
55837;3,884;3;6;1;1;1;2;1;5;4
57337;3,95;1;4;1;1;1;5;1;3;2
58337;3,995;1;2;1;1;1;3;1;1;1
59837;4,141;1;4;1;1;3;2;5;1;1
61337;4,247;1;2;1;1;4;5;3;1;1
62837;4,314;1;1;1;1;3;4;2;1;1
64837;4,408;1;4;1;2;7;6;5;3;1
66337;4,467;1;5;1;1;2;3;1;4;1
67864;4,537;1;2;1;1;1;3;1;1;4
69364;4,587;1;4;1;1;3;1;1;1;2
70864;4,639;1;4;3;1;2;5;1;1;1
72364;4,693;1;4;3;1;2;1;1;1;1
74364;4,788;3;5;4;1;1;2;7;6;1
75864;4,874;4;3;1;2;1;1;6;5;1
77364;4,942;1;3;1;4;1;1;2;1;1
78864;5,003;1;5;1;2;1;1;3;1;4
80364;5,081;1;4;1;1;1;1;3;1;2
81864;5,172;1;4;1;6;5;3;1;1;2
83903;5,299;1;6;1;4;3;5;1;2;7
85403;5,381;1;5;1;4;2;3;1;1;1
86903;5,461;2;3;1;1;4;5;1;1;1
88403;5,544;2;4;1;1;1;3;1;1;1
89903;5,667;4;5;1;1;2;1;3;1;1
91403;5,747;2;3;1;1;4;1;1;1;1
93403;5,905;7;6;5;1;2;1;3;1;4
94903;5,984;1;6;5;3;1;1;2;1;4
96403;6,056;1;4;5;3;1;1;2;1;1
97903;6,13;1;5;3;1;1;2;4;1;1
99403;6,202;1;2;1;1;1;4;3;1;1
100932;6,278;1;5;4;1;2;1;3;1;1
102432;6,363;1;5;2;1;4;1;3;1;1
103932;6,502;1;6;4;1;5;1;3;1;2
105432;6,59;1;3;2;6;5;1;4;1;1
106932;6,663;1;5;3;1;2;1;4;1;1
108432;6,74;1;4;3;1;2;1;5;1;1
109932;6,859;1;4;2;1;1;1;3;1;1
111432;6,987;2;4;1;1;3;1;5;1;1
112932;7,052;2;4;1;1;1;1;1;1;3
114432;7,121;3;5;1;1;2;1;1;1;4
115932;7,195;1;4;1;1;5;1;1;3;2
117461;7,277;1;3;1;1;1;5;1;4;2
118961;7,348;1;4;3;1;1;5;1;1;2
120461;7,475;1;4;3;1;1;1;1;1;2
121961;7,59;1;2;3;1;1;4;1;1;1
123461;7,663;1;5;4;2;1;6;1;1;3
125461;7,758;1;5;4;1;3;7;1;6;2
126961;7,824;1;5;4;1;2;1;1;3;1
128461;7,89;1;4;3;1;2;1;1;1;1
129961;7,982;1;4;3;1;1;1;2;1;1
131461;8,116;1;4;1;1;3;1;2;1;1
132961;8,258;2;4;3;6;1;1;1;1;5
135002;8,6;3;7;6;1;1;4;1;5;2
136502;8,72;2;4;3;1;1;1;1;5;1
137502;8,772;2;3;1;1;1;1;1;1;1
139002;8,828;4;2;1;1;1;1;3;1;1
140502;8,902;5;2;1;1;4;1;3;1;1
142002;9,0;3;6;1;2;4;1;5;1;1
144002;9,164;3;6;1;1;2;4;7;5;1
145502;9,31;1;2;1;1;1;5;3;4;1
146502;9,351;1;1;1;1;1;3;1;1;1
148002;9,413;1;3;2;1;1;1;4;1;1
149502;9,481;1;4;1;1;1;3;2;1;1
151034;9,592;1;5;6;2;1;4;1;1;3
153034;9,689;2;7;6;4;1;3;1;5;1
154534;9,748;1;4;3;1;1;5;1;2;1
155534;9,796;1;1;2;1;1;3;1;1;1
157034;9,87;1;3;2;1;1;1;4;1;1
158534;9,946;1;1;3;1;1;4;2;1;1
160034;10,021;1;3;5;1;1;4;1;1;2
162034;10,129;2;5;6;1;1;7;1;4;3
163534;10,202;1;4;5;1;1;3;1;1;2
165034;10,277;1;4;3;1;1;2;1;1;1
166534;10,357;1;3;2;1;1;5;1;1;4
168064;10,425;1;4;3;1;1;1;1;1;2
169564;10,491;1;2;4;1;1;3;1;1;1
171564;10,589;1;3;5;6;2;7;1;4;1
173064;10,672;3;5;4;2;1;6;1;1;1
174564;10,745;5;3;2;1;1;4;1;1;1
176064;10,81;3;4;2;1;1;5;1;1;1
177564;10,872;3;4;1;1;1;2;1;1;1
179064;10,939;3;4;2;1;1;5;1;1;1
180564;11,004;5;4;1;1;1;2;1;3;1
182064;11,07;2;1;1;1;1;5;1;3;1
183564;11,143;4;1;1;3;2;5;1;1;1
185103;11,213;4;1;1;3;2;1;1;1;1
186603;11,284;2;1;1;3;4;1;5;1;1
188103;11,358;6;1;1;3;5;1;4;1;2
189603;11,434;1;1;1;3;4;1;6;5;2
191103;11,514;1;6;1;3;2;1;5;4;1
192603;11,601;1;4;1;2;3;1;1;1;1
194103;11,672;1;4;1;1;2;3;1;1;1
195603;11,743;1;3;1;2;1;4;1;1;1
197103;11,821;2;5;1;4;3;6;1;1;1
199103;11,934;6;4;1;2;1;7;1;5;3
200603;12,01;2;6;1;1;1;3;1;5;4
202130;12,083;3;2;1;1;1;4;1;1;1
203630;12,152;1;3;1;1;1;4;1;1;2
205130;12,219;1;3;1;1;1;4;1;1;2
206630;12,292;6;3;1;4;5;1;1;1;2
208630;12,397;5;6;1;3;2;1;1;4;7
210130;12,477;3;4;1;1;1;1;5;2;6
211630;12,544;1;3;1;1;1;1;4;1;2
213130;12,611;1;3;1;1;1;1;4;1;2
214630;12,678;3;2;1;1;1;4;1;1;1
216130;12,739;1;4;1;1;3;5;1;1;2
217630;12,795;1;3;1;5;2;6;1;4;1
219162;12,848;1;3;1;4;1;5;1;2;1
220686;12,903;1;3;1;2;1;5;4;1;1
222186;12,957;1;3;1;2;1;1;4;1;1
223710;13,007;1;3;1;2;1;4;1;1;1
225210;13,057;1;4;1;3;1;5;1;1;2
226710;13,112;1;6;1;4;2;1;1;5;3
228232;13,182;1;5;1;4;3;1;1;2;1
229732;13,249;1;1;1;2;4;1;3;1;1
231232;13,319;1;4;1;2;3;1;1;1;1
232732;13,381;1;4;1;2;3;1;1;1;1
234260;13,45;1;5;2;3;4;6;1;1;1
236260;13,54;1;7;2;5;3;1;1;6;4
237760;13,605;1;3;1;5;4;1;1;2;1
239260;13,665;1;4;1;1;2;1;3;1;1
240760;13,742;1;3;1;4;1;1;2;1;1
242285;13,806;1;2;1;3;4;1;1;1;1
243811;13,886;2;3;5;4;1;6;1;1;1
245839;14,064;2;4;1;6;1;7;1;5;3
247339;14,137;1;5;1;1;1;2;1;4;3
248858;14,21;1;3;1;1;1;4;1;1;2
250358;14,309;1;3;1;1;1;4;1;1;2
251858;14,424;1;1;1;1;3;4;1;1;2
253384;14,517;6;4;2;1;1;5;1;1;3
255384;14,655;1;5;2;3;1;7;1;6;4
256884;14,804;1;5;1;1;1;3;1;4;2
258384;14,885;1;3;1;1;1;1;4;1;2
259908;14,958;1;3;1;1;1;1;4;1;2
261408;15,025;1;4;1;1;1;2;1;1;3
262908;15,087;1;4;3;1;2;6;1;1;5
264908;15,195;1;4;1;6;5;7;1;3;2
266408;15,273;1;3;1;5;1;4;1;2;1
267931;15,346;1;3;1;2;1;4;1;1;1
269431;15,419;1;4;1;2;1;3;1;1;1
270431;15,467;1;2;1;1;1;3;1;1;1
271931;15,546;3;6;5;2;1;1;1;1;4
273931;15,655;1;6;2;7;3;1;1;5;4
275431;15,732;1;4;1;2;3;1;1;5;1
276947;15,805;1;3;1;2;1;1;4;1;1
278447;15,868;1;3;1;2;1;1;4;1;1
279947;15,933;1;3;1;2;1;4;1;1;1
281447;16,0;3;1;5;2;4;6;1;1;1
283447;16,098;5;1;6;2;4;3;1;1;7
284947;16,18;1;1;4;1;2;5;1;1;3
286447;16,259;1;1;5;1;3;4;1;1;2
287967;16,34;1;1;2;1;1;4;1;1;3
289467;16,42;1;1;5;1;2;4;1;1;3
290967;16,499;1;1;5;2;1;4;1;1;3
292467;16,585;1;1;6;2;1;5;1;4;3
293967;16,657;1;1;4;3;1;2;1;1;5
295467;16,73;1;1;3;4;1;2;1;1;5
296967;16,804;1;1;1;2;1;4;1;1;3
298467;16,879;1;1;4;3;5;2;1;1;6
299993;16,952;1;1;5;2;4;3;1;1;1
301493;17,026;2;1;5;3;1;6;1;4;1
302993;17,098;3;1;2;1;1;5;1;4;1
303993;17,142;3;1;2;1;1;1;1;1;1
305493;17,209;4;1;3;1;1;2;1;1;1
306993;17,278;4;1;3;1;1;2;1;1;5
308493;17,353;3;5;2;1;1;6;1;1;4
310493;17,452;3;6;2;1;1;7;1;5;4
311993;17,518;2;4;1;1;1;5;1;1;3
313516;17,581;1;3;1;1;1;4;1;1;2
315016;17,644;2;4;1;1;1;5;1;1;3
316516;17,704;2;3;1;1;1;1;1;1;4
318016;17,769;2;4;1;1;5;6;1;1;3
320016;17,861;4;7;1;2;3;1;1;6;5
321516;17,926;1;3;1;1;5;1;1;2;4
322516;17,964;1;3;1;1;2;1;1;1;1
324016;18,028;1;3;1;1;2;1;4;1;1
325516;18,089;1;2;1;1;4;1;3;1;1
327016;18,151;1;4;2;1;1;5;1;1;3
328538;18,209;2;4;6;1;1;1;1;5;3
330038;18,263;1;6;5;4;1;1;1;3;2
331538;18,31;1;3;4;2;1;1;1;1;1
333038;18,376;1;5;2;4;1;1;1;1;3
334538;18,448;1;5;2;1;4;1;1;1;3
336038;18,52;1;4;3;1;2;5;1;1;1
337538;18,595;3;4;2;1;1;6;1;5;1
339038;18,665;4;5;3;1;1;2;1;1;1
340538;18,732;3;2;1;1;1;4;1;1;1
342038;18,809;4;5;3;2;1;6;1;1;1
343538;18,884;4;6;3;2;1;1;1;1;5
345057;18,957;1;6;4;3;5;1;1;1;2
346557;19,031;1;5;2;4;1;1;1;6;3
348057;19,102;1;4;2;1;1;1;1;5;3
349057;19,148;1;3;2;1;1;1;1;1;1
350557;19,223;1;4;2;1;1;1;1;1;3
352057;19,301;2;4;6;1;1;1;5;1;3
353557;19,376;4;5;1;1;3;1;6;1;2
355557;19,477;3;4;1;1;2;1;6;7;5
357057;19,559;1;3;1;1;1;1;4;2;5
358057;19,604;1;2;1;1;1;1;3;1;1
359057;19,647;1;3;1;1;1;1;1;1;2
360579;19,717;1;2;3;1;1;4;1;1;1
362079;19,79;1;4;5;1;2;1;1;1;3
364079;19,987;3;2;7;5;1;1;1;6;4
365579;20,069;3;1;2;1;1;1;1;5;4
366579;20,11;2;1;1;1;1;1;1;1;3
367579;20,15;2;1;1;1;1;1;1;1;3
369079;20,218;1;1;3;1;1;4;1;1;2
370579;20,295;4;6;2;1;5;1;1;1;3
372579;20,399;4;2;1;3;7;1;1;5;6
374079;20,476;1;1;1;5;6;1;4;3;2
375579;20,541;1;1;1;4;3;1;1;1;2
376592;20,584;1;1;1;1;3;1;1;1;2
378092;20,653;1;1;1;3;1;4;1;1;2
379592;20,728;1;5;2;4;3;6;1;1;1
381592;20,835;2;4;5;1;6;7;1;3;1
383092;20,911;1;6;4;1;3;2;1;5;1
384592;20,98;1;3;2;1;1;4;1;1;1
386092;21,049;1;4;3;1;2;1;1;1;1
387592;21,127;1;3;1;1;4;5;1;1;2
389092;21,203;1;4;1;1;2;5;1;1;3
390592;21,283;3;4;1;1;1;6;1;5;2
392092;21,363;4;5;1;1;1;6;1;1;3
393614;21,445;1;3;1;1;1;4;1;1;2
395114;21,523;2;4;1;1;1;5;1;1;3
396614;21,589;1;3;1;1;1;4;1;1;2
398114;21,663;2;5;1;1;6;3;1;1;4
399614;21,743;2;5;1;1;1;6;1;4;3
401114;21,811;2;5;1;1;1;1;1;4;3
402614;21,883;1;2;1;1;1;1;3;1;4
404114;22,001;3;2;4;1;1;1;5;1;1
405114;22,048;1;2;3;1;1;1;1;1;1
406614;22,113;4;3;2;1;1;1;1;1;1
408614;22,216;4;5;2;3;6;7;1;1;1
410137;22,291;4;2;1;1;3;5;1;1;1
411637;22,37;3;5;1;1;2;6;1;1;4
413137;22,443;3;5;1;1;1;2;1;1;4
414637;22,512;3;2;1;1;1;4;1;1;1
416137;22,583;1;2;3;1;1;4;1;1;5
417637;22,659;1;5;4;2;1;6;1;1;3
419137;22,732;1;4;1;2;1;5;1;1;3
420637;22,811;1;4;1;5;1;2;3;1;6
422137;22,885;1;3;1;1;1;5;4;1;2
423637;22,955;1;3;1;1;1;4;1;1;2
425137;23,023;2;3;1;1;1;4;1;1;1
426660;23,098;3;5;1;1;1;2;1;1;4
428160;23,169;4;2;1;1;1;3;1;1;5
430160;23,275;3;6;1;7;2;5;1;1;4
431660;23,346;4;5;1;2;1;1;1;1;3
433160;23,412;3;4;1;1;1;1;1;1;2
434660;23,477;4;3;1;1;1;1;1;1;2
436160;23,543;2;4;3;5;1;1;1;1;1
437660;23,607;3;1;4;2;1;1;1;1;1
439160;23,678;5;6;2;4;1;3;1;1;1
441160;23,772;5;6;1;2;4;3;1;7;1
442660;23,845;3;4;1;1;2;5;1;1;1
444178;23,915;1;3;1;1;4;5;1;1;2
445678;23,981;1;4;1;1;1;2;1;1;3
447178;24,061;1;3;1;1;1;4;1;1;2
448678;24,142;1;3;1;4;5;6;1;1;2
450678;24,252;1;5;1;2;3;7;6;1;4
452178;24,326;5;4;1;1;1;6;3;1;2
453678;24,396;2;3;1;1;1;4;1;1;1
455178;24,467;1;3;1;1;1;4;1;1;2
456678;24,535;2;4;1;1;1;1;1;1;3
458178;24,609;4;6;2;3;1;1;1;1;5
460178;24,715;3;6;7;4;5;1;1;1;8
461700;24,789;1;4;5;1;2;1;1;1;3
463200;24,851;1;4;1;1;3;1;1;1;2
464700;24,908;1;4;3;1;2;1;1;1;1
466200;24,979;1;5;4;1;2;1;1;1;3
467700;25,049;3;5;1;1;2;1;1;1;4
469200;25,124;2;6;1;4;5;1;1;1;3
470700;25,198;2;5;1;3;4;1;1;1;6
472200;25,268;5;4;1;2;1;1;1;1;3
473700;25,337;4;2;1;1;1;1;1;1;3
475200;25,413;4;6;1;3;1;2;1;1;5
476700;25,485;4;5;1;1;1;2;1;1;3
478226;25,539;4;2;1;1;1;3;1;1;1
479726;25,611;6;2;1;1;4;5;1;1;1
481226;25,679;2;3;1;1;1;4;1;1;1
482726;25,75;4;5;1;1;2;3;1;1;1
484226;25,814;6;3;5;1;2;4;1;1;1
485726;25,877;4;5;2;1;3;1;1;1;1
487226;25,925;2;4;3;1;5;1;1;1;1
488726;25,97;1;3;2;1;4;1;1;1;1
490226;26,014;1;2;3;1;4;1;1;1;1
491726;26,064;4;3;2;1;1;1;5;1;1
493226;26,119;5;6;2;3;1;4;1;1;1
494743;26,19;1;2;4;3;1;5;1;1;1
496243;26,26;1;3;1;4;1;5;1;1;2
497743;26,329;1;4;1;2;1;1;1;1;3
499243;26,4;1;3;1;4;2;5;1;1;1
500743;26,472;1;4;1;3;2;5;1;1;1
502243;26,54;4;5;1;3;2;1;1;1;1
503743;26,609;1;4;5;3;2;1;1;1;1
505243;26,675;1;3;4;1;2;1;1;1;1
506743;26,746;1;4;1;2;5;1;1;1;3
508243;26,813;1;4;1;3;2;1;1;1;1
509743;26,888;1;6;1;2;3;4;1;1;5
511265;26,963;2;4;1;1;5;6;1;1;3
512765;27,032;4;5;1;1;3;1;1;1;2
514265;27,1;2;3;5;1;1;1;1;1;4
515765;27,166;2;3;4;1;1;1;1;1;1
517265;27,232;4;1;3;1;1;1;1;1;2
518765;27,3;4;3;5;1;1;1;1;1;2
520265;27,376;4;6;2;1;1;3;1;1;5
521765;27,451;3;6;1;1;2;5;1;1;4
523265;27,511;3;5;1;1;2;1;1;1;4
524765;27,559;1;3;1;1;4;1;1;1;2
526265;27,607;4;2;1;1;3;1;1;1;1
527782;27,662;4;5;1;1;3;1;1;1;2
529282;27,712;1;4;5;1;3;1;1;1;2
530782;27,761;1;4;1;1;3;2;1;1;5
532282;27,813;1;3;1;1;4;5;1;1;2
533782;27,86;1;4;1;1;1;2;1;1;3
535282;27,909;1;4;1;1;1;3;1;1;2
536782;27,959;4;3;1;1;1;5;1;1;2
538282;28,012;3;5;1;2;1;6;1;1;4
539782;28,076;2;4;1;1;1;5;1;1;3
541282;28,145;2;4;1;1;1;1;1;1;3
542782;28,211;3;4;1;1;1;2;1;1;1
544303;28,285;2;4;1;1;1;5;1;1;3
545803;28,355;3;4;1;1;1;2;1;1;5
547303;28,431;4;6;1;2;1;3;1;1;5
548803;28,5;2;4;1;1;1;5;1;1;3
550303;28,567;2;4;1;1;1;1;1;1;3
551803;28,628;1;3;1;1;1;4;1;1;2
553303;28,68;3;5;1;1;2;1;1;1;4
554803;28,744;2;4;1;1;3;1;1;1;1
556303;28,815;1;3;1;5;4;1;1;1;2
557803;28,885;1;5;4;1;3;1;1;1;2
559303;28,954;1;4;3;1;1;1;5;1;2
560830;29,027;1;5;2;1;1;3;1;1;4
562330;29,099;1;4;2;1;1;1;1;1;3
563830;29,171;4;5;1;1;1;2;1;1;3
565330;29,238;4;5;1;1;1;2;1;1;3
566830;29,306;3;5;1;1;1;2;1;1;4
568330;29,379;1;3;1;1;1;4;1;1;2
569830;29,457;2;4;1;1;1;1;5;1;3
571330;29,522;3;2;1;1;1;1;1;1;4
572830;29,585;1;4;3;1;1;1;1;1;2
574330;29,651;3;5;1;2;1;1;1;1;4
575830;29,72;3;2;1;4;5;1;1;1;1
577349;29,797;5;6;1;3;2;4;1;1;1
578849;29,866;2;3;1;1;5;4;1;1;1
580349;29,931;3;4;1;1;2;1;1;1;1
581849;29,998;4;5;1;1;3;2;1;1;1
583349;30,065;4;3;1;1;1;5;1;1;2
584849;30,127;3;2;1;1;1;4;1;1;1
586349;30,199;1;2;1;5;1;4;3;1;6
587849;30,266;1;4;1;2;1;1;5;1;3
588849;30,297;1;3;1;2;1;1;1;1;1
590349;30,361;1;2;3;4;5;1;1;1;1
591849;30,424;1;4;3;2;1;1;1;1;1
593374;30,492;3;5;4;2;1;1;1;1;1
594898;30,567;2;4;3;1;1;6;5;1;1
596398;30,632;3;4;2;1;1;1;5;1;1
597928;30,696;1;4;3;1;1;1;1;1;2
599428;30,757;1;3;4;1;1;1;1;1;2
600928;30,82;2;5;3;1;1;1;1;1;4
602461;30,891;4;3;5;2;1;1;1;1;1
603961;30,965;3;5;2;6;1;4;1;1;1
605461;31,025;2;4;1;3;1;5;1;1;1
606961;31,072;3;4;1;1;1;2;1;1;1
608481;31,135;2;3;1;1;1;4;1;1;1
609981;31,202;4;6;1;3;2;1;1;1;5
611481;31,273;3;2;1;5;4;1;1;1;1
612981;31,348;1;3;2;4;6;1;5;1;1
614481;31,419;1;4;2;5;3;1;1;1;1
616004;31,488;1;4;3;2;1;1;1;1;1
617504;31,56;1;5;2;4;3;1;1;1;1
619004;31,629;1;5;4;2;3;1;1;1;1
620504;31,7;3;5;1;4;2;1;1;1;1
622004;31,774;4;1;1;2;5;1;3;1;1
623504;31,842;1;1;1;2;4;1;3;1;1
624515;31,885;3;1;1;2;1;1;1;1;1
626015;31,953;4;1;1;3;2;1;1;1;1
627515;32,03;4;1;1;3;2;6;1;1;5
629015;32,105;4;6;1;3;2;1;1;1;5
630515;32,181;6;5;1;2;3;1;1;1;4
632015;32,252;5;4;1;2;3;1;1;1;1
633515;32,319;4;2;1;1;3;1;1;1;1
635044;32,391;3;2;1;1;4;1;1;1;1
636544;32,468;3;5;2;4;6;1;1;1;1
638044;32,54;4;5;3;1;2;1;1;1;1
639544;32,618;4;3;5;1;6;1;1;1;2
641044;32,724;3;4;1;1;5;1;1;1;2
642544;32,808;1;2;1;1;4;1;1;1;3
644044;32,881;1;4;1;1;2;1;1;1;3
645544;32,954;2;4;1;1;6;5;1;1;3
647061;33,015;3;4;1;1;2;1;1;1;5
648561;33,066;3;4;1;1;2;1;1;1;5
650061;33,118;3;1;1;1;4;1;2;1;5
651561;33,168;3;1;1;1;4;1;2;1;1
652561;33,199;3;1;1;1;2;1;1;1;1
654061;33,27;3;1;1;2;1;5;1;1;4
655561;33,336;3;1;1;2;1;4;1;1;1
657061;33,408;2;3;5;6;1;4;1;1;1
658561;33,484;3;4;5;6;1;2;1;1;1
660081;33,557;3;4;2;5;1;1;1;1;1
661581;33,628;5;4;1;2;3;1;1;1;1
663081;33,695;3;4;1;1;2;1;1;1;1
664581;33,765;4;1;1;3;2;1;1;1;5
666081;33,832;4;1;1;1;3;1;1;1;2
667581;33,905;4;1;1;3;2;6;1;1;5
669081;33,98;5;1;1;3;2;6;1;1;4
670581;34,053;1;1;1;5;3;4;1;1;2
672081;34,129;1;4;1;2;1;5;1;1;3
673581;34,198;1;3;1;1;1;4;1;1;2
675106;34,27;1;2;1;3;1;4;1;1;1
676606;34,338;1;2;1;3;1;4;1;1;1
678606;34,444;2;5;3;1;1;7;6;1;4
680106;34,521;1;6;4;1;1;2;5;1;3
681606;34,59;1;3;1;1;1;4;1;1;2
683106;34,656;1;4;1;1;1;2;1;1;3
684606;34,705;1;3;1;1;1;4;1;1;2
686106;34,755;1;5;2;3;1;1;1;1;4
687606;34,809;6;2;1;5;1;1;4;1;3
689106;34,864;5;4;1;1;6;1;3;1;2
690606;34,929;2;3;1;1;4;1;1;1;1
692128;35,001;1;2;1;1;3;1;1;1;4
693628;35,072;2;4;1;1;1;3;1;1;5
695128;35,145;3;4;2;1;1;1;1;1;5
696628;35,219;6;2;3;4;1;1;1;1;5
698128;35,29;4;3;2;5;1;1;1;1;1
699628;35,356;1;2;4;3;1;1;1;1;1
701128;35,425;2;3;5;4;1;1;1;1;1
702628;35,495;4;5;1;3;1;2;1;1;1
704128;35,562;2;3;1;1;1;4;1;1;1
705628;35,63;4;5;1;3;1;2;1;1;6
707128;35,68;1;2;1;5;1;4;1;1;3
708649;35,731;1;3;1;2;1;4;1;1;1
710149;35,787;1;6;3;4;2;5;1;1;1
711649;35,858;1;3;1;4;2;5;1;1;1
713149;35,929;1;2;1;3;1;4;1;1;1
714649;35,999;4;5;1;1;3;2;1;1;1
716149;36,07;2;5;1;1;3;4;1;1;1
717649;36,139;3;5;1;1;2;1;1;1;4
719149;36,21;2;4;1;1;5;1;1;1;3
720649;36,278;4;2;1;1;3;1;1;1;1
722149;36,352;5;4;1;1;2;1;1;1;3
723649;36,422;2;3;1;1;1;1;1;1;4
725166;36,496;2;5;1;1;1;3;1;1;4
726666;36,564;4;1;1;1;1;3;1;1;2
728166;36,64;2;5;1;1;1;3;6;1;4
729666;36,713;3;5;1;1;1;2;1;1;4
731166;36,784;3;5;1;2;1;1;1;1;4
732666;36,857;4;1;1;3;5;1;1;1;2
734166;36,926;4;1;1;3;1;1;1;1;2
735666;36,985;1;1;1;3;4;1;1;1;2
737166;37,034;2;1;1;1;3;1;5;1;4
738666;37,101;5;1;2;1;4;3;1;1;6
740166;37,163;4;5;3;1;2;1;1;1;6
741691;37,229;5;3;1;1;4;1;1;1;2
743191;37,302;2;1;1;1;3;1;1;1;4
744691;37,376;4;3;1;1;2;1;1;1;5
746191;37,446;2;4;1;1;3;1;1;1;5
747691;37,517;2;5;1;1;3;1;1;1;4
749191;37,587;5;4;1;1;2;1;1;1;3
750691;37,652;2;3;1;1;1;1;1;1;4
752191;37,72;2;3;1;1;1;1;1;1;4
753691;37,788;2;3;1;1;5;1;1;1;4
755191;37,856;3;1;1;1;4;1;2;1;5
756691;37,923;4;1;1;1;2;5;1;1;1
758211;37,992;3;1;1;1;2;5;1;1;4
759711;38,055;3;1;1;1;1;4;1;1;2
761211;38,118;3;1;1;1;2;1;1;1;4
762711;38,189;3;5;1;1;2;1;1;1;4
764211;38,26;3;4;1;1;2;1;6;1;5
765711;38,33;2;3;1;1;1;1;5;1;4
766711;38,373;1;3;1;1;1;1;1;1;2
768211;38,437;3;4;2;1;1;1;1;1;1
769711;38,508;3;5;1;1;1;2;1;1;4
771211;38,574;2;4;1;1;1;1;1;1;3
772711;38,65;4;5;1;1;1;2;6;1;3
774233;38,72;1;5;1;1;1;4;1;1;2
775733;38,793;1;3;1;2;1;5;1;1;4
777233;38,866;1;4;1;2;1;5;1;1;3
778733;38,935;1;4;1;2;1;1;1;1;3
780233;39,006;1;2;1;3;1;4;1;1;1
781733;39,084;1;6;1;4;2;5;1;1;1
783233;39,156;3;4;1;2;1;5;1;1;1
784733;39,223;4;3;1;1;1;2;1;