Iteration;Time;QI-0;QI-1;QI-2;QI-3;QI-4;QI-5;QI-6;QI-7;QI-8;
2100;1,098;8;3;5;7;6;9;4;1;2
3600;1,237;4;1;5;1;2;3;1;1;1
5137;1,377;1;1;3;1;2;4;1;1;1
6637;1,521;1;1;3;1;2;4;1;1;1
8137;1,623;3;1;1;1;2;4;1;1;1
10173;1,786;1;7;3;1;2;8;5;6;4
11673;1,866;1;3;1;4;1;6;5;1;2
13173;1,991;1;3;1;4;1;2;5;1;1
14173;2,055;1;2;1;1;1;3;1;1;1
15193;2,173;1;2;1;1;1;3;1;1;1
16693;2,288;5;1;1;4;1;3;1;1;1
18193;2,375;3;1;1;2;1;4;1;1;1
19693;2,482;6;1;1;4;1;3;1;1;5
21193;2,646;4;1;1;1;1;3;1;1;2
22718;2,763;1;3;1;2;1;4;1;1;1
24218;2,846;3;1;1;2;1;4;1;1;1
25718;2,943;3;2;1;5;4;6;1;1;1
27218;3,047;5;3;1;4;2;6;1;1;1
29218;3,192;6;1;1;4;5;7;1;1;3
30718;3,291;4;1;1;3;1;5;1;1;2
31737;3,359;1;1;1;2;1;3;1;1;1
32737;3,412;2;1;1;1;1;3;1;1;1
33737;3,455;1;1;1;2;1;3;1;1;1
35237;3,532;6;1;4;4;1;3;1;1;1
36737;3,619;6;1;1;4;5;2;1;1;3
38237;3,705;5;1;1;4;6;2;1;1;3
39737;3,786;1;1;1;2;3;4;1;1;1
41258;3,875;1;1;1;3;2;4;1;1;1
42758;3,96;3;1;1;2;1;4;1;1;1
44258;4,059;5;1;5;4;1;3;1;1;1
45758;4,135;1;1;1;2;1;6;1;1;1
47258;4,199;5;1;2;1;1;6;1;1;3
48758;4,271;2;1;3;1;1;4;1;1;1
50258;4,357;5;1;4;1;1;2;1;1;3
51758;4,446;2;1;1;1;3;5;1;1;1
53284;4,537;1;1;4;1;3;5;1;1;2
55284;4,658;1;5;1;3;6;7;1;1;4
56784;4,753;1;1;1;3;4;5;1;1;2
57784;4,824;1;1;1;2;1;3;1;1;1
58784;4,887;1;1;1;3;2;1;1;1;1
60284;4,986;2;1;1;1;3;4;1;1;1
61784;5,076;4;1;3;2;1;5;1;1;1
63784;5,203;6;1;5;3;1;7;1;1;4
65284;5,293;2;1;4;1;1;5;1;1;3
66815;5,388;1;1;3;1;1;4;1;1;2
68315;5,469;2;1;3;1;1;4;1;1;1
69815;5,591;5;1;1;1;1;3;1;1;4
70815;5,647;3;1;1;1;1;1;1;1;2
72315;5,734;3;1;1;4;1;5;1;1;2
73815;5,816;3;1;1;4;1;2;1;1;5
75315;5,898;4;1;1;3;1;1;1;1;2
76815;5,986;3;1;4;1;1;5;1;1;2
78315;6,078;3;1;1;1;4;5;1;1;2
79815;6,159;3;1;1;1;2;4;1;1;1
81339;6,246;4;1;1;1;3;1;1;1;2
82839;6,338;3;4;1;1;2;5;1;1;1
84339;6,421;3;1;1;2;4;5;1;1;1
85839;6,537;5;1;1;2;3;6;1;4;1
87339;6,616;4;1;1;2;3;5;1;1;1
88839;6,692;2;1;1;1;3;4;1;1;1
90339;6,77;5;1;1;4;1;2;1;1;3
91839;6,858;4;1;1;2;1;5;1;1;3
93339;6,932;4;1;1;3;1;1;1;1;2
94839;7,063;2;1;5;3;1;6;1;1;4
96339;7,217;5;1;4;3;1;1;1;1;2
97863;7,367;1;1;3;4;2;1;1;1;5
99363;7,452;1;1;4;2;3;1;1;1;1
100863;7,544;1;3;5;1;4;1;1;1;2
102363;7,779;1;4;2;1;3;1;1;1;1
103863;7,929;1;1;1;1;1;5;1;1;6
104863;8,074;1;1;1;1;1;2;1;1;3
105863;8,24;1;1;1;1;1;2;1;1;3
106863;8,388;1;1;1;2;1;1;1;1;3
107863;8,583;1;1;1;2;1;1;1;1;3
109363;8,79;1;1;1;6;1;5;1;1;1
110363;8,887;1;1;1;1;1;2;1;1;1
111887;9,063;4;1;1;1;1;3;1;2;1
113387;9,199;3;1;1;2;1;4;1;1;1
114387;9,246;2;1;1;1;1;3;1;1;1
115887;9,319;2;1;1;1;1;4;1;1;3
117887;9,423;4;6;1;3;1;7;1;1;5
119387;9,511;4;3;1;1;1;5;1;1;2
120887;9,59;4;3;1;1;1;5;1;1;1
121887;9,638;2;1;1;1;1;3;1;1;1
122887;9,687;3;1;1;1;1;2;1;1;1
123887;9,763;1;2;1;1;1;3;1;1;1
125387;9,837;2;1;1;3;1;4;1;1;1
127417;10,15;6;4;5;7;2;1;1;1;3
128917;10,234;6;5;4;2;1;1;1;1;3
130417;10,31;5;2;1;3;1;1;1;1;4
131917;10,493;2;4;1;3;1;1;1;1;1
133417;10,704;4;2;1;1;1;1;1;1;3
134917;10,869;4;1;1;2;1;3;1;1;5
136417;10,946;1;1;1;4;1;3;1;1;1
137917;11,059;1;1;2;4;1;5;1;1;3
139417;11,144;1;1;1;4;1;6;1;1;5
140417;11,191;1;1;1;3;1;2;1;1;1
141917;11,27;1;1;1;4;1;3;1;1;1
143444;11,357;1;4;1;1;1;3;1;1;2
144944;11,446;2;4;1;1;1;5;1;1;3
146444;11,532;2;1;3;1;1;5;1;1;4
147944;11,619;3;1;4;1;1;2;1;1;1
149444;11,704;3;1;2;1;1;4;1;1;1
150944;11,792;4;1;1;1;1;3;1;1;5
152444;11,877;4;1;1;2;1;5;1;1;3
153944;11,965;3;5;1;2;1;1;1;1;4
155444;12,049;4;3;1;1;1;1;1;1;2
156944;12,131;1;3;1;4;1;1;1;1;2
158444;12,214;4;1;2;3;1;1;1;1;5
159970;12,297;3;1;2;1;1;1;1;1;4
161470;12,381;4;1;1;3;1;2;1;1;5
162970;12,462;1;1;1;3;1;4;1;1;2
164470;12,546;2;1;1;1;1;4;1;1;3
165970;12,636;4;1;1;3;1;6;1;1;5
167470;12,716;3;1;1;1;1;4;1;1;2
168970;12,799;5;1;1;4;1;3;1;1;1
169970;12,851;2;1;1;1;1;3;1;1;1
170970;12,906;2;1;1;1;1;3;1;1;1
171970;12,962;2;1;1;1;1;3;1;1;1
173470;13,046;2;3;1;1;1;4;1;1;1
175002;13,142;2;4;1;1;1;5;1;1;3
176502;13,228;4;3;1;1;1;5;1;1;2
178002;13,32;5;1;1;1;1;3;1;1;4
179002;13,371;2;1;1;1;1;3;1;1;1
180002;13,429;3;1;1;1;1;2;1;1;1
181502;13,528;3;1;1;2;1;4;1;1;1
183002;13,643;1;1;1;4;1;3;1;1;2
184502;13,727;3;1;1;2;1;5;1;1;4
186002;13,812;5;1;1;4;1;3;1;1;1
187002;13,865;2;1;1;1;1;3;1;1;1
188002;13,917;2;1;1;3;1;1;1;1;1
189530;14,003;2;1;1;1;3;4;1;1;1
191030;14,085;3;1;1;2;1;4;1;1;1
192530;14,172;2;5;1;1;4;6;1;1;3
194030;14,255;4;1;1;1;1;5;1;1;1
195530;14,343;5;1;1;1;1;4;1;1;1
197030;14,433;3;5;1;1;1;6;1;1;4
198530;14,517;2;1;1;1;1;4;1;1;3
200030;14,603;3;4;1;2;1;5;1;1;1
201530;14,686;4;1;1;3;1;2;1;1;1
203030;14,768;1;3;1;2;1;4;1;1;1
204530;14,856;3;4;1;2;1;5;1;1;1
206062;14,941;1;3;1;2;1;4;1;1;1
207562;15,025;1;4;1;2;1;5;1;1;3
209062;15,108;1;3;1;1;1;4;1;1;2
210562;15,196;1;1;1;4;1;5;1;1;1
212062;15,282;1;4;1;2;1;5;1;1;3
213562;15,364;1;4;1;3;1;5;1;1;1
215062;15,553;4;1;1;2;1;3;1;1;1
216562;15,633;2;1;1;3;1;4;1;1;1
218062;15,715;3;1;1;2;1;4;1;1;1
219562;15,835;4;1;1;3;1;5;1;1;1
221062;15,917;3;1;1;1;1;4;1;1;2
222589;16,001;2;1;1;1;1;4;1;1;3
224089;16,081;4;1;1;3;1;5;1;1;2
225589;16,165;2;1;1;1;1;4;1;1;3
227089;16,25;3;5;1;4;1;2;1;1;1
228589;16,342;4;1;1;5;1;3;1;1;1
229589;16,396;2;1;1;3;1;1;1;1;1
230589;16,449;1;1;1;2;1;3;1;1;1
231589;16,511;2;1;1;1;1;3;1;1;1
233089;16,593;3;1;1;1;1;4;1;1;2
234589;16,685;5;1;1;6;1;4;1;1;1
235589;16,741;2;1;1;1;1;3;1;1;1
237123;16,84;3;1;1;2;1;4;1;1;1
238623;16,93;2;1;1;3;1;4;1;1;1
240123;17,016;3;1;1;4;1;2;1;1;1
241623;17,103;4;1;1;3;1;5;1;1;2
243123;17,194;2;4;1;3;1;1;1;1;5
244623;17,276;4;3;1;1;1;1;1;1;2
246123;17,37;3;2;1;1;1;1;1;1;4
247623;17,457;2;3;1;1;4;1;1;1;5
249123;17,55;4;1;3;1;2;1;1;1;5
250623;17,623;4;1;1;1;1;5;1;1;3
251623;17,675;3;1;1;1;1;2;1;1;1
252640;17,731;2;1;1;1;1;3;1;1;1
254140;17,817;2;1;1;4;1;3;1;1;1
255640;17,903;4;1;1;3;1;5;1;1;2
257140;17,995;3;1;1;5;1;6;1;1;4
258640;18,078;1;1;1;4;1;2;1;1;3
260140;18,161;3;1;1;4;1;2;1;1;1
261640;18,244;3;1;1;4;1;1;1;1;2
263140;18,328;1;1;1;4;1;3;1;1;2
264640;18,419;3;1;1;4;1;5;1;1;2
266140;18,511;4;1;1;5;6;2;1;1;3
267640;18,599;3;1;1;4;1;5;1;1;2
269173;18,687;3;1;1;2;1;4;1;1;1
270673;18,77;4;1;1;3;1;1;1;1;2
272173;18,853;3;1;1;1;1;4;1;1;2
273673;18,937;2;1;1;3;1;4;1;1;1
275173;19,03;4;1;1;6;1;5;1;1;3
276673;19,115;5;1;1;1;1;3;1;1;4
277673;19,172;2;1;1;1;1;3;1;1;1
278673;19,223;2;1;1;1;1;3;1;1;1
279673;19,278;2;1;1;1;1;3;1;1;1
280673;19,33;2;1;1;1;1;3;1;1;1
282173;19,417;2;1;1;3;1;5;1;1;1
283695;19,511;5;1;1;1;2;4;1;1;3
285195;19,606;3;1;1;1;1;5;1;1;4
286695;19,695;4;1;1;1;1;3;1;1;2
288195;19,779;3;1;1;1;1;4;1;1;2
289695;19,888;3;1;1;1;1;4;1;1;2
291195;19,995;3;1;1;4;1;5;1;1;2
292695;20,077;1;1;1;3;4;5;1;1;2
294195;20,209;1;1;1;4;1;3;1;1;2
295695;20,289;1;1;1;2;1;4;1;1;1
297195;20,369;1;1;1;3;1;4;1;1;2
298695;20,451;1;3;1;2;1;6;1;1;1
300733;20,57;6;4;5;2;3;7;1;1;1
302261;20,656;1;4;2;1;3;5;1;1;1
303761;20,727;1;1;3;1;1;4;1;1;1
305287;20,805;1;2;1;1;3;4;1;1;1
306787;20,878;1;1;1;1;1;4;1;1;1
308287;20,951;1;1;1;6;1;4;1;1;5
309813;21,014;3;1;1;2;1;4;1;1;1
311313;21,076;1;1;1;4;1;2;1;1;3
312813;21,153;1;1;1;3;1;4;1;1;2
314313;21,227;2;1;1;4;1;1;1;1;3
316348;21,337;2;6;1;4;5;7;1;1;3
317848;21,398;1;5;1;4;1;2;1;1;3
319348;21,458;1;3;1;2;1;4;1;1;1
320848;21,527;1;2;1;3;1;4;1;1;1
322348;21,611;1;1;1;3;1;4;1;1;2
323873;21,707;2;3;1;4;1;5;1;1;1
325373;21,798;2;5;1;4;5;3;1;1;1
326873;21,885;2;1;1;3;4;5;1;1;1
328373;21,974;2;1;1;4;1;3;1;1;1
329873;22,058;2;1;1;3;1;4;1;1;1
331373;22,143;2;1;1;4;1;5;1;1;3
332898;22,228;1;1;1;3;1;4;1;1;2
334398;22,314;1;4;1;3;1;5;1;1;2
335898;22,402;1;4;1;3;1;5;1;1;2
337398;22,486;1;1;1;3;1;4;1;1;2
338898;22,56;1;1;1;4;1;5;1;1;3
339898;22,597;1;1;1;2;1;3;1;1;1
341398;22,656;3;1;1;2;1;4;1;1;1
342918;22,717;1;1;1;3;1;4;1;1;2
344418;22,779;3;1;1;2;1;4;1;1;1
345918;22,871;1;3;1;5;1;4;1;1;2
347418;22,966;1;5;1;4;1;6;1;1;3
348918;23,053;1;2;1;3;1;4;1;1;1
350418;23,139;1;1;1;4;1;2;1;1;3
351918;23,219;1;1;1;3;1;4;1;1;2
353418;23,304;1;5;1;4;1;3;1;1;2
354941;23,39;1;3;1;2;1;4;1;1;1
356441;23,472;1;4;1;3;1;1;1;1;2
357941;23,552;1;1;1;4;1;5;1;1;3
358941;23,603;1;1;1;2;1;3;1;1;1
360441;23,684;1;1;1;3;1;4;1;1;2
361941;23,768;2;1;1;4;1;5;1;1;3
363441;23,873;1;1;1;2;1;3;1;1;4
364941;24,073;3;1;1;5;1;2;1;1;4
366441;24,233;1;1;1;4;1;2;1;1;3
367965;24,36;1;1;1;4;1;2;1;1;3
369465;24,446;3;1;1;5;1;6;1;1;4
370965;24,543;4;1;1;3;1;1;1;1;2
372465;24,634;3;1;1;2;1;4;1;1;1
373965;24,722;2;4;1;3;1;5;1;1;1
375465;24,804;1;3;1;2;1;4;1;1;1
376965;24,885;2;4;1;3;1;1;1;1;1
378465;24,97;2;4;1;3;1;5;1;1;1
379965;25,051;2;3;1;1;1;4;1;1;1
381465;25,123;4;1;1;3;1;5;1;1;2
382987;25,202;2;1;1;5;1;4;1;1;3
384487;25,276;1;1;1;4;1;2;1;1;3
385987;25,35;3;1;1;1;1;4;1;1;2
387487;25,418;1;1;1;3;1;4;1;1;2
388987;25,491;2;5;1;4;1;6;1;1;3
390487;25,582;4;1;1;3;1;5;1;1;2
391987;25,671;1;1;1;2;1;4;1;1;3
393487;25,756;1;1;1;4;1;2;1;1;3
394987;25,839;1;1;1;3;1;4;1;1;2
396487;25,924;3;1;1;4;1;5;1;1;2
397987;26,006;2;1;1;4;1;5;1;1;3
399511;26,088;2;1;1;3;1;4;1;1;1
401011;26,171;2;1;1;4;1;5;1;1;3
402511;26,253;1;1;1;3;1;4;1;1;2
404011;26,334;2;1;1;3;1;4;1;1;1
405511;26,417;1;1;1;3;1;4;1;1;2
407011;26,506;4;3;1;2;1;5;1;1;1
408511;26,586;2;1;1;3;1;4;1;1;1
410011;26,667;3;5;1;4;1;2;1;1;1
411511;26,748;2;1;1;4;1;3;1;1;1
413011;26,828;2;1;1;3;1;4;1;1;1
414511;26,915;1;3;3;6;1;5;1;1;2
416038;27,003;1;4;5;3;1;2;1;1;1
417538;27,082;1;3;1;2;1;4;1;1;1
419038;27,161;1;4;1;3;1;2;1;1;1
420538;27,242;1;1;1;3;1;4;1;1;1
422038;27,326;5;2;1;1;1;4;1;1;1
424038;27,452;4;6;1;5;1;7;1;1;3
425538;27,539;1;4;1;3;1;5;1;1;2
427038;27,621;1;4;1;3;1;1;1;1;2
428538;27,704;1;1;1;4;1;2;1;1;3
430038;27,786;1;4;1;3;1;1;1;1;2
431538;27,873;1;3;1;2;1;5;1;1;1
433066;27,968;6;3;4;2;1;5;1;1;1
434566;28,051;2;1;4;3;1;5;1;1;1
436066;28,132;2;1;1;3;1;4;1;1;1
437566;28,216;3;1;1;4;1;5;1;1;1
438566;28,269;2;1;1;3;1;1;1;1;1
440066;28,334;2;1;1;1;1;4;1;1;3
441566;28,416;2;1;1;3;1;4;1;1;5
443066;28,496;2;1;1;3;1;4;1;1;1
444566;28,581;3;1;1;4;1;5;1;1;2
446066;28,66;1;1;1;3;1;4;1;1;2
447566;28,742;2;1;1;3;1;4;1;1;1
449092;28,81;1;1;1;3;1;4;1;1;2
450592;28,896;3;5;1;4;1;6;1;1;2
452092;28,984;2;1;1;5;1;4;1;1;3
453592;29,071;2;1;1;4;1;5;1;1;3
455092;29,15;1;1;1;3;1;4;1;1;2
456592;29,239;1;1;1;3;1;4;1;1;2
458092;29,321;1;1;1;4;1;3;1;1;2
459592;29,403;4;1;1;3;1;5;1;1;2
461092;29,481;1;1;1;4;1;3;1;1;2
462592;29,561;1;1;1;4;1;2;1;1;3
464092;29,649;2;1;1;3;4;6;1;1;5
465621;29,737;1;1;1;3;4;5;1;1;2
467121;29,818;1;1;1;2;1;4;1;1;3
468621;29,905;1;5;1;4;1;3;1;1;2
470121;29,988;1;4;1;3;1;1;1;1;2
471621;30,071;1;3;1;2;1;4;1;1;1
473121;30,158;1;3;1;2;1;5;1;1;4
474621;30,239;1;1;1;3;1;4;1;1;2
476121;30,325;1;4;5;2;3;1;1;1;6
477621;30,412;1;3;4;2;5;1;1;1;1
479121;30,512;1;4;3;1;2;1;1;1;1
480621;30,615;1;3;4;1;2;1;1;1;1
482143;30,706;2;4;5;3;1;1;1;1;1
483643;30,787;2;1;4;3;1;5;1;1;1
485143;30,867;1;1;4;5;1;3;1;1;2
486643;30,946;1;1;3;2;1;4;1;1;1
488143;31,026;1;1;1;3;1;4;1;1;2
489643;31,111;1;1;5;4;1;2;1;1;3
491143;31,199;1;1;1;4;1;5;1;1;3
492643;31,289;3;1;1;2;1;4;1;1;1
494143;31,373;2;1;1;3;1;4;1;1;1
495643;31,451;2;1;1;3;1;4;1;1;1
497143;31,513;1;1;1;3;1;4;1;1;2
498665;31,597;3;1;5;4;6;1;1;1;2
500165;31,677;2;6;5;3;1;1;1;1;4
501665;31,752;4;2;1;3;1;1;1;1;5
503165;31,83;2;4;1;1;1;1;1;1;3
504665;31,915;1;4;1;2;1;1;1;1;3
506165;32,002;3;1;1;2;1;5;1;1;1
507665;32,09;6;1;1;5;1;3;1;1;4
509165;32,176;4;1;5;3;1;1;1;1;2
510665;32,258;4;1;3;1;1;1;1;1;2
512165;32,342;4;1;3;2;1;1;1;1;1
513665;32,424;1;1;4;3;1;1;1;1;2
515193;32,515;3;5;4;1;1;1;1;1;2
516693;32,606;2;5;6;1;1;4;1;1;3
518193;32,693;2;1;4;1;1;5;1;1;3
519693;32,777;1;1;3;1;1;4;1;1;2
521193;32,857;1;1;3;1;1;4;1;1;2
522693;32,935;2;1;1;4;1;5;1;1;3
524193;33,018;2;1;1;4;1;1;1;1;3
525693;33,104;2;5;1;4;1;1;1;1;3
527193;33,189;5;4;1;2;1;1;1;1;3
528693;33,273;2;4;1;3;1;1;1;1;1
530193;33,36;3;5;4;2;1;1;1;1;1
531722;33,446;3;2;1;4;1;1;1;1;1
533222;33,52;2;1;5;4;1;3;1;1;1
534722;33,577;1;1;1;2;1;4;1;1;1
536222;33,637;2;1;4;3;1;1;1;1;1
537722;33,698;2;1;5;4;1;1;1;1;3
539222;33,761;5;1;4;3;1;1;1;1;2
540722;33,823;2;4;3;5;1;1;1;1;1
542222;33,882;1;3;2;4;1;1;1;1;1
543722;33,942;4;3;2;1;1;1;1;1;1
545222;34,002;5;1;3;2;1;4;1;1;1
546722;34,061;1;1;3;2;1;4;1;1;1
548247;34,126;2;1;4;3;1;5;1;1;1
549747;34,188;3;1;2;1;1;4;1;1;1
551247;34,261;4;1;3;2;1;1;1;1;1
552747;34,351;3;1;6;5;1;4;1;1;1
554247;34,441;3;1;1;4;1;2;1;1;1
555747;34,524;4;1;2;1;1;3;1;1;1
557247;34,608;5;1;4;3;1;1;1;1;2
558747;34,695;2;1;4;1;1;1;1;1;3
560247;34,781;3;1;4;2;1;1;1;1;1
561747;34,868;1;5;4;3;1;1;1;1;2
563247;34,954;1;3;2;4;1;1;1;1;1
564773;35,048;1;4;5;3;1;1;1;1;2
566273;35,141;1;5;2;4;3;1;1;1;1
567773;35,221;1;3;1;4;2;1;1;1;1
569273;35,309;4;2;1;5;1;1;1;1;1
570773;35,372;1;4;3;2;5;1;1;1;1
572273;35,427;1;2;3;1;4;1;1;1;1
573773;35,493;1;1;1;6;1;4;1;1;5
574773;35,532;1;1;1;2;1;3;1;1;1
575773;35,57;1;1;1;2;1;3;1;1;1
577273;35,631;1;1;1;4;1;3;1;1;2
578773;35,69;4;1;1;1;1;3;1;1;2
580801;35,79;1;5;4;2;3;6;1;1;7
582301;35,873;1;1;4;1;1;5;1;1;3
583301;35,927;1;1;3;1;1;1;1;1;2
584301;35,993;1;1;1;1;1;3;1;1;2
585301;36,047;1;1;3;1;1;1;1;1;2
586801;36,142;3;1;4;1;1;5;1;1;2
588301;36,23;5;1;4;1;1;6;1;1;3
589801;36,312;2;1;1;1;1;4;1;1;3
591301;36,397;2;1;4;1;1;1;1;1;3
592801;36,48;1;1;3;1;1;4;1;1;2
594301;36,567;1;1;3;1;1;4;1;1;2
595819;36,661;1;1;4;2;1;5;1;1;3
597319;36,755;1;1;4;2;5;6;1;1;3
598819;36,854;1;1;4;2;1;5;1;1;3
600319;36,937;1;1;3;2;1;4;1;1;1
601819;37,024;1;1;3;2;1;4;1;1;1
603319;37,111;5;1;3;1;1;4;1;1;2
604819;37,27;2;1;3;1;1;4;1;1;1
606319;37,455;3;1;1;1;1;5;1;1;4
607819;37,596;1;4;1;1;1;2;1;1;3
609319;37,686;1;3;1;1;1;4;1;1;2
610819;37,772;1;3;1;4;1;5;1;1;2
612339;37,873;1;3;1;2;1;4;1;1;1
613865;37,964;1;1;1;3;1;5;1;1;4
615365;38,05;1;1;1;2;1;4;1;1;3
616894;38,137;1;1;1;2;4;1;1;1;3
618394;38,22;4;1;1;2;1;5;1;1;3
619894;38,302;1;1;1;2;1;4;1;1;3
621420;38,389;1;5;1;3;1;2;1;1;4
622920;38,46;1;1;1;3;1;5;1;1;4
623920;38,514;1;1;1;3;1;1;1;1;2
625420;38,598;1;1;1;2;3;4;1;1;1
626940;38,688;1;1;1;2;1;4;1;1;3
628440;38,766;2;1;1;3;1;5;1;1;4
629940;38,853;1;3;1;5;1;4;1;1;2
631440;38,938;1;1;1;2;1;4;1;1;3
632940;39,028;1;4;1;2;1;5;1;1;3
634465;39,118;1;3;1;2;1;4;1;1;1
635965;39,207;1;1;1;3;1;5;1;1;4
637465;39,291;1;1;1;2;1;4;1;1;3
638965;39,374;4;1;1;1;1;2;1;1;3
640465;39,457;1;1;1;2;1;3;1;1;4
641965;39,54;1;1;1;2;1;4;1;1;3
643488;39,636;2;5;1;4;1;1;1;1;3
644988;39,726;3;6;5;2;1;1;1;1;4
646488;39,812;1;4;5;2;1;1;1;1;3
647988;39,894;1;3;2;4;1;1;1;1;1
649488;39,978;1;4;2;3;1;1;1;1;1
650988;40,068;1;1;3;2;1;5;1;1;1
652488;40,158;1;1;1;3;1;5;1;1;4
654009;40,246;4;1;1;2;1;3;1;1;1
655509;40,332;4;1;1;2;1;5;1;1;3
657009;40,416;1;1;1;2;1;4;1;1;3
658509;40,5;2;1;1;3;1;1;1;1;4
660009;40,589;5;4;3;1;1;6;1;1;2
661509;40,676;4;1;3;1;1;5;1;1;2
663009;40,753;4;1;2;1;1;3;1;1;1
664509;40,813;1;1;3;1;1;4;1;1;2
666032;40,876;3;1;1;1;1;2;1;1;4
667532;40,961;5;1;6;2;1;3;1;1;4
669032;41,047;3;1;6;4;1;2;1;1;5
670532;41,131;4;1;2;5;1;3;1;1;1
672032;41,212;1;1;4;2;1;3;1;1;1
673532;41,294;3;1;1;4;1;2;1;1;1
675032;41,382;4;1;2;1;1;3;1;1;1
676532;41,463;2;1;1;3;1;4;1;1;1
678032;41,55;3;1;6;4;1;2;1;1;5
679551;41,637;5;1;4;1;1;3;1;1;2
681051;41,732;3;1;5;1;1;2;1;1;4
682551;41,814;1;1;4;1;1;3;1;1;2
684051;41,896;2;1;4;1;1;1;1;1;3
685551;41,976;3;1;2;1;1;4;1;1;1
687051;42,065;5;1;4;1;1;2;1;1;3
688551;42,15;3;1;5;1;1;2;1;1;4
690051;42,23;1;1;4;1;1;2;1;1;3
691551;42,315;3;1;1;1;1;4;1;1;1
693051;42,395;3;1;1;1;1;4;1;1;2
694569;42,487;3;1;1;1;1;4;1;1;5
696069;42,571;3;1;1;1;1;4;1;1;2
697569;42,652;1;1;1;2;1;4;1;1;3
699069;42,733;2;1;1;3;1;4;1;1;1
700569;42,822;3;4;1;1;1;5;1;1;2
702069;42,907;3;1;1;1;1;5;1;1;4
703069;42,959;2;1;1;1;1;1;1;1;3
704069;43,009;1;1;1;1;1;2;1;1;3
705069;43,061;1;1;1;1;1;3;1;1;2
706569;43,154;3;1;1;2;1;5;1;1;4
708069;43,27;1;4;1;2;1;5;1;1;3
709588;43,367;1;4;3;1;1;5;1;1;2
711088;43,449;1;1;1;1;1;4;1;1;3
712588;43,534;1;1;2;1;1;4;1;1;3
714088;43,619;1;2;2;1;1;1;1;1;4
715588;43,705;4;1;3;1;1;5;1;1;2
717088;43,791;4;1;1;2;1;5;1;1;3
718588;43,872;1;1;1;2;1;4;1;1;3
720088;43,96;2;1;1;3;1;4;1;1;5
721588;44,04;3;1;1;1;1;4;1;1;2
723088;44,126;2;1;1;3;1;5;1;1;4
724588;44,21;3;1;4;1;1;5;1;1;2
726110;44,296;1;1;3;1;1;4;1;1;2
727610;44,381;1;1;3;1;1;4;1;1;2
729110;44,462;3;1;1;1;1;4;1;1;2
730610;44,543;2;1;1;1;1;4;1;1;3
732110;44,628;3;1;1;4;1;6;1;1;5
733610;44,715;2;1;1;3;1;5;1;1;4
735110;44,794;4;1;1;2;1;1;1;1;3
736610;44,874;4;1;1;1;1;3;1;1;2
738110;44,982;2;1;1;1;1;3;1;1;4
739610;45,073;1;1;5;2;1;4;1;1;3
741110;45,156;1;1;4;2;1;1;1;1;3
742632;45,227;1;1;3;2;1;5;1;1;4
744132;45,307;1;1;4;2;1;1;1;1;3
745632;45,371;1;1;4;2;1;1;1;1;3
747132;45,461;3;1;1;4;1;6;1;1;5
748632;45,532;1;1;1;3;1;4;1;1;2
750132;45,611;1;1;1;2;1;4;1;1;3
751632;45,688;1;1;1;2;1;4;1;1;3
753132;45,767;2;1;1;1;1;3;1;1;4
754632;45,849;4;1;3;2;1;6;1;1;5
756132;45,934;2;1;5;3;1;1;1;1;4
757632;46,015;1;1;4;2;1;1;1;1;3
759148;46,09;3;1;4;