Iteration;Time;TD-0;TD-1;TD-2;TD-3;TD-4;TD-5;TD-6;TD-7;TD-8;
2100;1,098;0;4;0;0;0;0;4;4;4
3600;1,237;0;3;0;4;0;0;3;3;3
5137;1,377;0;2;0;3;0;0;2;2;2
6637;1,521;0;1;0;2;0;0;1;1;1
8137;1,623;0;0;0;1;0;0;0;0;0
10173;1,786;4;0;4;0;4;0;0;0;0
11673;1,866;3;0;3;0;3;0;0;4;0
13173;1,991;2;0;2;0;2;0;4;3;4
14173;2,055;1;0;1;0;1;0;3;2;3
15193;2,173;0;4;0;0;0;0;2;1;2
16693;2,291;0;3;5;0;5;0;1;0;1
18193;2,375;0;2;4;0;4;0;0;0;0
19693;2,482;0;1;3;0;3;0;5;4;0
21193;2,646;0;0;2;0;2;0;4;3;4
22718;2,763;0;0;1;0;1;0;3;2;3
24218;2,846;0;0;0;0;0;0;2;1;2
25718;2,943;0;0;6;0;0;0;1;0;1
27218;3,047;0;0;5;0;0;0;0;5;0
29218;3,192;0;4;4;0;0;0;6;4;0
30718;3,292;0;3;3;0;4;0;5;3;4
31737;3,359;0;2;2;0;3;0;4;2;3
32737;3,412;0;1;1;0;2;0;3;1;2
33737;3,455;0;0;0;0;1;0;2;0;1
35237;3,532;0;5;0;0;0;0;1;6;0
36737;3,619;0;4;4;0;0;0;0;5;0
38237;3,705;0;3;3;0;0;0;7;4;4
39737;3,786;0;2;2;0;0;0;6;3;3
41258;3,875;0;1;1;0;0;0;5;2;2
42758;3,961;0;0;0;0;0;0;4;1;1
44258;4,059;0;6;0;0;4;0;3;0;0
45758;4,135;0;5;0;0;3;0;2;0;0
47258;4,199;0;4;0;4;2;0;1;4;0
48758;4,271;0;3;0;3;1;0;0;3;0
50258;4,357;0;2;0;2;0;0;8;2;0
51758;4,446;0;1;0;1;0;0;99;1;0
53284;4,537;4;0;0;0;0;0;99;0;0
55284;4,658;3;0;4;0;0;0;99;5;0
56784;4,753;2;4;3;0;0;0;99;4;4
57784;4,824;1;3;2;0;0;0;99;3;3
58784;4,887;0;2;1;0;0;0;99;2;2
60284;4,986;0;1;0;0;0;0;99;1;1
61784;5,077;0;0;0;0;4;0;99;0;0
63784;5,203;0;5;0;0;3;0;99;6;0
65284;5,293;0;4;0;4;2;0;99;5;0
66815;5,388;0;3;0;3;1;0;99;4;0
68315;5,469;0;2;0;2;0;0;99;3;0
69815;5,591;0;1;4;1;5;0;99;2;0
70815;5,647;0;0;3;0;4;0;99;1;0
72315;5,734;0;6;2;0;3;0;99;0;0
73815;5,816;0;5;1;0;2;0;99;7;0
75315;5,899;0;4;0;0;1;0;99;6;0
76815;5,986;0;3;0;4;0;0;99;5;0
78315;6,078;0;2;4;3;0;0;99;4;0
79815;6,159;0;1;3;2;0;0;99;3;0
81339;6,246;0;0;2;1;0;0;99;2;0
82839;6,338;0;0;1;0;0;0;99;1;4
84339;6,421;0;4;0;0;0;0;99;0;3
85839;6,537;0;3;5;0;0;0;99;0;2
87339;6,616;0;2;4;0;0;0;99;4;1
88839;6,692;0;1;3;0;0;0;99;3;0
90339;6,77;0;0;2;0;4;0;99;2;0
91839;6,858;0;5;1;0;3;0;99;1;0
93339;6,932;0;4;0;0;2;0;99;0;0
94839;7,063;0;3;0;0;1;0;99;5;0
96339;7,217;0;2;0;0;0;4;99;4;0
97863;7,367;4;1;0;0;0;3;99;3;0
99363;7,452;3;0;0;0;0;2;99;2;0
100863;7,544;2;0;0;4;0;1;99;1;0
102363;7,779;1;0;0;3;0;0;99;0;0
103863;7,929;0;4;4;2;4;0;99;6;0
104863;8,074;0;3;3;1;3;0;99;5;0
105863;8,24;4;2;2;0;2;0;99;4;0
106863;8,388;3;1;1;0;1;0;99;3;0
107863;8,583;2;0;0;0;0;0;99;2;0
109363;8,79;1;5;5;0;5;0;99;1;4
110363;8,887;0;4;4;0;4;0;99;0;3
111887;9,064;0;3;3;0;3;0;99;0;2
113387;9,199;0;2;2;0;2;0;99;4;1
114387;9,246;0;1;1;0;1;0;99;3;0
115887;9,319;0;0;0;0;0;0;99;2;0
117887;9,423;0;0;6;0;6;0;99;1;0
119387;9,511;0;0;5;4;5;0;99;0;0
120887;9,59;0;0;4;3;4;0;99;5;4
121887;9,638;0;0;3;2;3;0;99;4;3
122887;9,687;0;0;2;1;2;0;99;3;2
123887;9,763;0;0;1;0;1;0;99;2;1
125387;9,837;0;0;0;0;0;0;99;1;0
127417;10,15;0;0;0;0;7;4;99;0;0
128917;10,234;0;0;0;0;6;3;99;6;0
130417;10,31;0;0;4;0;5;2;99;5;0
131917;10,493;0;0;3;0;4;1;99;4;0
133417;10,704;0;0;2;0;3;0;99;3;0
134917;10,869;0;4;1;0;2;0;99;2;0
136417;10,946;0;3;0;0;1;0;99;1;0
137917;11,059;4;2;0;0;0;0;99;0;0
139417;11,144;3;1;4;0;8;0;99;7;0
140417;11,191;2;0;3;0;7;0;99;6;0
141917;11,27;1;0;2;0;6;0;99;5;0
143444;11,357;0;0;1;0;5;0;99;4;0
144944;11,446;0;0;0;4;4;0;99;3;0
146444;11,532;0;4;0;3;3;0;99;2;0
147944;11,619;0;3;0;2;2;0;99;1;0
149444;11,704;0;2;0;1;1;0;99;0;0
150944;11,792;0;1;4;0;0;0;99;8;0
152444;11,877;0;0;3;0;8;0;99;99;0
153944;11,965;0;0;2;0;7;4;99;99;0
155444;12,049;0;0;1;0;6;3;99;99;0
156944;12,131;0;0;0;0;5;2;99;99;0
158444;12,214;0;4;0;0;4;1;99;99;0
159970;12,297;0;3;0;0;3;0;99;99;0
161470;12,381;0;2;4;0;2;0;99;99;0
162970;12,462;0;1;3;0;1;0;99;99;0
164470;12,546;0;0;2;0;0;0;99;99;0
165970;12,636;0;5;1;0;8;0;99;99;0
167470;12,716;0;4;0;0;7;0;99;99;0
168970;12,799;0;3;5;0;6;0;99;99;4
169970;12,851;0;2;4;0;5;0;99;99;3
170970;12,906;0;1;3;0;4;0;99;99;2
171970;12,962;0;0;2;0;3;0;99;99;1
173470;13,046;0;0;1;0;2;0;99;99;0
175002;13,142;0;0;0;4;1;0;99;99;0
176502;13,228;0;0;6;3;0;0;99;99;0
178002;13,32;0;4;5;2;8;0;99;99;0
179002;13,371;0;3;4;1;7;0;99;99;0
180002;13,429;0;2;3;0;6;0;99;99;0
181502;13,528;0;1;2;0;5;0;99;99;0
183002;13,643;0;0;1;0;4;0;99;99;0
184502;13,727;0;5;0;0;3;0;99;99;0
186002;13,812;0;4;7;0;2;0;99;99;4
187002;13,865;0;3;6;0;1;0;99;99;3
188002;13,917;0;2;5;0;0;0;99;99;2
189530;14,003;0;1;4;0;0;0;99;99;1
191030;14,085;0;0;3;0;0;0;99;99;0
192530;14,172;0;0;2;4;0;0;99;99;0
194030;14,255;0;0;1;3;0;0;99;99;0
195530;14,343;0;0;0;2;0;0;99;99;0
197030;14,433;0;0;8;1;4;0;99;99;0
198530;14,517;0;0;7;0;3;0;99;99;0
200030;14,603;0;0;6;0;2;0;99;99;4
201530;14,686;0;0;5;0;1;0;99;99;3
203030;14,768;0;0;4;0;0;0;99;99;2
204530;14,856;0;0;3;0;5;0;99;99;1
206062;14,941;0;0;2;0;4;0;99;99;0
207562;15,025;4;0;1;0;3;0;99;99;0
209062;15,108;3;0;0;0;2;0;99;99;0
210562;15,196;2;0;0;0;1;0;99;99;0
212062;15,282;1;0;4;0;0;0;99;99;0
213562;15,364;0;0;3;0;6;0;99;99;4
215062;15,553;0;0;2;0;5;0;99;99;3
216562;15,633;0;0;1;0;4;0;99;99;2
218062;15,715;0;0;0;0;3;0;99;99;1
219562;15,835;0;4;5;0;2;0;99;99;0
221062;15,917;0;3;4;0;1;0;99;99;0
222589;16,001;0;2;3;0;0;0;99;99;0
224089;16,081;0;1;2;0;7;0;99;99;0
225589;16,165;0;0;1;0;6;0;99;99;0
227089;16,25;0;0;0;0;5;0;99;99;4
228589;16,342;0;4;6;0;4;0;99;99;3
229589;16,396;0;3;5;0;3;0;99;99;2
230589;16,449;0;2;4;0;2;0;99;99;1
231589;16,511;0;1;3;0;1;0;99;99;0
233089;16,593;0;0;2;0;0;0;99;99;0
234589;16,685;0;5;1;0;8;0;99;99;4
235589;16,741;0;4;0;0;7;0;99;99;3
237123;16,84;0;3;0;0;6;0;99;99;2
238623;16,93;0;2;0;0;5;0;99;99;1
240123;17,016;0;1;0;0;4;0;99;99;0
241623;17,103;0;0;4;0;3;0;99;99;0
243123;17,194;0;0;3;0;2;4;99;99;0
244623;17,276;0;0;2;0;1;3;99;99;0
246123;17,37;0;0;1;0;0;2;99;99;0
247623;17,457;0;0;0;4;0;1;99;99;0
249123;17,55;0;4;0;3;0;0;99;99;0
250623;17,623;0;3;4;2;4;0;99;99;0
251623;17,675;0;2;3;1;3;0;99;99;0
252640;17,731;0;1;2;0;2;0;99;99;0
254140;17,817;0;0;1;0;1;0;99;99;0
255640;17,903;0;5;0;0;0;0;99;99;0
257140;17,995;0;4;5;0;5;0;99;99;0
258640;18,078;0;3;4;0;4;0;99;99;0
260140;18,161;0;2;3;0;3;0;99;99;0
261640;18,244;0;1;2;0;2;0;99;99;0
263140;18,328;0;0;1;0;1;0;99;99;0
264640;18,419;0;6;0;0;0;0;99;99;0
266140;18,511;0;5;6;0;0;0;99;99;0
267640;18,599;0;4;5;0;4;0;99;99;0
269173;18,687;0;3;4;0;3;0;99;99;0
270673;18,77;0;2;3;0;2;0;99;99;0
272173;18,853;0;1;2;0;1;0;99;99;0
273673;18,937;0;0;1;0;0;0;99;99;0
275173;19,03;0;7;0;0;5;0;99;99;0
276673;19,115;0;6;7;4;4;0;99;99;0
277673;19,172;0;5;6;3;3;0;99;99;0
278673;19,223;0;4;5;2;2;0;99;99;0
279673;19,278;0;3;4;1;1;0;99;99;0
280673;19,33;0;2;3;0;0;0;99;99;0
282173;19,417;0;1;2;0;0;0;99;99;0
283695;19,511;0;0;1;4;0;0;99;99;0
285195;19,606;0;8;0;3;4;0;99;99;0
286695;19,695;0;7;0;2;3;0;99;99;0
288195;19,779;0;6;0;1;2;0;99;99;0
289695;19,888;0;5;0;0;1;0;99;99;0
291195;19,995;0;4;4;0;0;0;99;99;0
292695;20,077;4;3;3;0;0;0;99;99;0
294195;20,209;3;2;2;0;0;0;99;99;0
295695;20,289;2;1;1;0;0;0;99;99;0
297195;20,369;1;0;0;0;0;0;99;99;0
298695;20,451;0;0;0;0;0;0;99;99;0
300733;20,57;0;0;0;4;0;0;99;99;4
302261;20,656;4;0;0;3;0;0;99;99;3
303761;20,727;3;0;0;2;0;0;99;99;2
305287;20,805;2;0;0;1;0;0;99;99;1
306787;20,878;1;0;0;0;0;0;99;99;0
308287;20,951;0;4;4;0;4;0;99;99;0
309813;21,014;0;3;3;0;3;0;99;99;0
311313;21,076;0;2;2;0;2;0;99;99;0
312813;21,153;0;1;1;0;1;0;99;99;0
314313;21,227;0;0;0;0;0;0;99;99;0
316348;21,337;4;0;5;0;0;0;99;99;0
317848;21,398;3;0;4;0;4;0;99;99;0
319348;21,458;2;0;3;0;3;0;99;99;0
320848;21,527;1;0;2;0;2;0;99;99;0
322348;21,611;0;0;1;0;1;0;99;99;0
323873;21,707;0;0;0;0;0;0;99;99;4
325373;21,798;0;0;6;0;0;0;99;99;3
326873;21,885;0;4;5;0;0;0;99;99;2
328373;21,974;0;3;4;0;0;0;99;99;1
329873;22,058;0;2;3;0;0;0;99;99;0
331373;22,143;0;1;2;0;4;0;99;99;0
332898;22,228;0;0;1;0;3;0;99;99;0
334398;22,314;4;0;0;0;2;0;99;99;0
335898;22,402;3;0;7;0;1;0;99;99;0
337398;22,486;2;0;6;0;0;0;99;99;0
338898;22,56;1;4;5;0;5;0;99;99;0
339898;22,597;0;3;4;0;4;0;99;99;0
341398;22,656;0;2;3;0;3;0;99;99;0
342918;22,717;0;1;2;0;2;0;99;99;0
344418;22,779;0;0;1;0;1;0;99;99;0
345918;22,871;4;0;0;0;0;0;99;99;0
347418;22,966;3;0;8;0;6;0;99;99;0
348918;23,053;2;0;7;0;5;0;99;99;0
350418;23,139;1;0;6;0;4;0;99;99;0
351918;23,219;0;0;5;0;3;0;99;99;0
353418;23,304;5;0;4;0;2;0;99;99;0
354941;23,39;4;0;3;0;1;0;99;99;0
356441;23,472;3;0;2;0;0;0;99;99;0
357941;23,552;2;4;1;0;7;0;99;99;0
358941;23,603;1;3;0;0;6;0;99;99;0
360441;23,684;0;2;0;0;5;0;99;99;0
361941;23,768;0;1;4;0;4;0;99;99;0
363441;23,873;0;0;3;0;3;0;99;99;0
364941;24,073;0;5;2;0;2;0;99;99;0
366441;24,233;0;4;1;0;1;0;99;99;0
367965;24,36;0;3;0;0;0;0;99;99;0
369465;24,446;0;2;5;0;8;0;99;99;0
370965;24,543;0;1;4;0;7;0;99;99;0
372465;24,634;0;0;3;0;6;0;99;99;0
373965;24,722;0;0;2;0;5;0;99;99;4
375465;24,804;0;0;1;0;4;0;99;99;3
376965;24,885;0;0;0;0;3;0;99;99;2
378465;24,97;0;0;6;0;2;0;99;99;1
379965;25,051;0;0;5;0;1;0;99;99;0
381465;25,123;0;4;4;0;0;0;99;99;0
382987;25,202;0;3;3;0;8;0;99;99;0
384487;25,276;0;2;2;0;7;0;99;99;0
385987;25,35;0;1;1;0;6;0;99;99;0
387487;25,418;0;0;0;0;5;0;99;99;0
388987;25,491;0;0;7;0;4;0;99;99;0
390487;25,582;0;4;6;0;3;0;99;99;0
391987;25,671;0;3;5;0;2;0;99;99;0
393487;25,756;0;2;4;0;1;0;99;99;0
394987;25,839;0;1;3;0;0;0;99;99;0
396487;25,924;0;0;2;0;8;0;99;99;0
397987;26,006;0;5;1;0;7;0;99;99;0
399511;26,088;0;4;0;0;6;0;99;99;0
401011;26,171;0;3;8;0;5;0;99;99;0
402511;26,253;0;2;7;0;4;0;99;99;0
404011;26,334;0;1;6;0;3;0;99;99;0
405511;26,417;0;0;5;0;2;0;99;99;0
407011;26,506;0;0;4;0;1;0;99;99;4
408511;26,586;0;0;3;0;0;0;99;99;3
410011;26,667;0;0;2;0;8;0;99;99;2
411511;26,748;0;0;1;0;7;0;99;99;1
413011;26,828;0;0;0;0;6;0;99;99;0
414511;26,915;4;0;0;0;5;0;99;99;0
416038;27,003;3;0;0;0;4;0;99;99;4
417538;27,082;2;0;0;0;3;0;99;99;3
419038;27,161;1;0;0;0;2;0;99;99;2
420538;27,242;0;0;0;0;1;0;99;99;1
422038;27,326;0;0;0;0;0;0;99;99;0
424038;27,452;0;0;4;0;8;0;99;99;0
425538;27,539;4;0;3;0;7;0;99;99;0
427038;27,621;3;0;2;0;6;0;99;99;0
428538;27,704;2;0;1;0;5;0;99;99;0
430038;27,786;1;0;0;0;4;0;99;99;0
431538;27,873;0;0;0;0;3;0;99;99;0
433066;27,968;0;0;0;0;2;0;99;99;4
434566;28,051;0;4;0;0;1;0;99;99;3
436066;28,132;0;3;0;0;0;0;99;99;2
437566;28,216;0;2;4;0;8;0;99;99;1
438566;28,269;0;1;3;0;7;0;99;99;0
440066;28,334;0;0;2;0;6;0;99;99;0
441566;28,416;0;5;1;0;5;0;99;99;0
443066;28,496;0;4;0;0;4;0;99;99;0
444566;28,581;0;3;5;0;3;0;99;99;0
446066;28,66;0;2;4;0;2;0;99;99;0
447566;28,742;0;1;3;0;1;0;99;99;0
449092;28,81;0;0;2;0;0;0;99;99;0
450592;28,896;0;0;1;0;8;0;99;99;0
452092;28,984;0;4;0;0;7;0;99;99;0
453592;29,071;0;3;6;0;6;0;99;99;0
455092;29,15;0;2;5;0;5;0;99;99;0
456592;29,239;0;1;4;0;4;0;99;99;0
458092;29,321;0;0;3;0;3;0;99;99;0
459592;29,403;0;5;2;0;2;0;99;99;0
461092;29,481;0;4;1;0;1;0;99;99;0
462592;29,561;0;3;0;0;0;0;99;99;0
464092;29,649;0;2;7;0;0;0;99;99;0
465621;29,737;4;1;6;0;0;0;99;99;0
467121;29,818;3;0;5;0;0;0;99;99;0
468621;29,905;2;0;4;0;4;0;99;99;0
470121;29,988;1;0;3;0;3;0;99;99;0
471621;30,071;0;0;2;0;2;0;99;99;0
473121;30,158;5;0;1;0;1;0;99;99;0
474621;30,239;4;0;0;0;0;0;99;99;0
476121;30,325;3;0;0;0;0;4;99;99;0
477621;30,412;2;0;0;0;0;3;99;99;4
479121;30,512;1;0;0;0;0;2;99;99;3
480621;30,615;0;0;0;0;0;1;99;99;2
482143;30,706;0;0;0;0;4;0;99;99;1
483643;30,787;0;4;0;0;3;0;99;99;0
485143;30,867;4;3;0;0;2;0;99;99;0
486643;30,946;3;2;0;0;1;0;99;99;0
488143;31,026;2;1;0;0;0;0;99;99;0
489643;31,111;1;0;0;0;5;0;99;99;0
491143;31,199;0;5;4;0;4;0;99;99;0
492643;31,289;0;4;3;0;3;0;99;99;0
494143;31,373;0;3;2;0;2;0;99;99;0
495643;31,451;0;2;1;0;1;0;99;99;0
497143;31,513;0;1;0;0;0;0;99;99;0
498665;31,597;0;0;0;0;0;4;99;99;0
500165;31,677;0;0;0;0;4;3;99;99;0
501665;31,752;0;0;4;0;3;2;99;99;0
503165;31,83;0;0;3;0;2;1;99;99;0
504665;31,915;0;0;2;0;1;0;99;99;0
506165;32,002;0;0;1;0;0;0;99;99;0
507665;32,09;0;4;0;0;5;0;99;99;0
509165;32,176;0;3;0;0;4;4;99;99;0
510665;32,258;0;2;0;0;3;3;99;99;0
512165;32,342;0;1;0;0;2;2;99;99;0
513665;32,424;0;0;0;0;1;1;99;99;0
515193;32,515;0;0;0;4;0;0;99;99;0
516693;32,606;0;0;0;3;6;0;99;99;0
518193;32,693;0;4;0;2;5;0;99;99;0
519693;32,777;0;3;0;1;4;0;99;99;0
521193;32,857;0;2;0;0;3;0;99;99;0
522693;32,935;0;1;4;0;2;0;99;99;0
524193;33,018;0;0;3;0;1;0;99;99;0
525693;33,104;0;0;2;0;0;4;99;99;0
527193;33,189;0;0;1;0;7;3;99;99;0
528693;33,273;0;0;0;0;6;2;99;99;0
530193;33,36;0;0;0;0;5;1;99;99;4
531722;33,446;0;0;0;0;4;0;99;99;3
533222;33,52;0;4;0;0;3;0;99;99;2
534722;33,577;0;3;0;0;2;0;99;99;1
536222;33,637;0;2;0;0;1;0;99;99;0
537722;33,698;0;1;0;0;0;4;99;99;0
539222;33,761;0;0;0;0;8;3;99;99;0
540722;33,823;0;0;0;0;7;2;99;99;4
542222;33,882;0;0;0;0;6;1;99;99;3
543722;33,942;0;0;0;0;5;0;99;99;2
545222;34,002;0;4;0;0;4;0;99;99;1
546722;34,061;0;3;0;0;3;0;99;99;0
548247;34,126;0;2;0;0;2;0;99;99;5
549747;34,188;0;1;0;0;1;0;99;99;4
551247;34,261;0;0;0;0;0;0;99;99;3
552747;34,351;0;5;0;0;8;0;99;99;2
554247;34,441;0;4;0;0;7;0;99;99;1
555747;34,524;0;3;0;0;6;0;99;99;0
557247;34,608;0;2;0;0;5;4;99;99;0
558747;34,695;0;1;0;0;4;3;99;99;0
560247;34,781;0;0;0;0;3;2;99;99;0
561747;34,868;4;0;0;0;2;1;99;99;0
563247;34,954;3;0;0;0;1;0;99;99;0
564773;35,048;2;0;0;0;0;5;99;99;0
566273;35,141;1;0;0;0;0;4;99;99;4
567773;35,221;0;0;0;0;0;3;99;99;3
569273;35,309;0;0;0;0;0;2;99;99;2
570773;35,372;4;0;0;0;0;1;99;99;1
572273;35,427;3;0;0;0;0;0;99;99;0
573773;35,493;2;4;4;0;4;0;99;99;0
574773;35,532;1;3;3;0;3;0;99;99;0
575773;35,57;0;2;2;0;2;0;99;99;0
577273;35,631;0;1;1;0;1;0;99;99;0
578773;35,69;0;0;0;0;0;0;99;99;0
580801;35,79;4;0;0;4;0;0;99;99;0
582301;35,873;3;4;0;3;4;0;99;99;0
583301;35,927;2;3;0;2;3;0;99;99;0
584301;35,993;1;2;0;1;2;0;99;99;0
585301;36,047;0;1;0;0;1;0;99;99;0
586801;36,142;0;0;0;5;0;0;99;99;0
588301;36,23;0;5;0;4;5;0;99;99;0
589801;36,312;0;4;0;3;4;0;99;99;0
591301;36,397;0;3;0;2;3;0;99;99;0
592801;36,48;0;2;0;1;2;0;99;99;0
594301;36,567;0;1;0;0;1;0;99;99;0
595819;36,661;4;0;0;0;0;0;99;99;0
597319;36,755;3;6;0;0;0;0;99;99;0
598819;36,854;2;5;0;0;4;0;99;99;0
600319;36,937;1;4;0;0;3;0;99;99;0
601819;37,024;0;3;0;0;2;0;99;99;0
603319;37,111;0;2;0;4;1;0;99;99;0
604819;37,27;0;1;0;3;0;0;99;99;0
606319;37,455;0;0;4;2;5;0;99;99;0
607819;37,596;0;0;3;1;4;0;99;99;0
609319;37,686;0;0;2;0;3;0;99;99;0
610819;37,772;4;0;1;0;2;0;99;99;0
612339;37,873;3;0;0;0;1;0;99;99;0
613865;37,964;2;4;5;0;0;0;99;99;0
615365;38,051;1;3;4;0;0;0;99;99;0
616894;38,137;0;2;3;0;0;0;99;99;0
618394;38,22;0;1;2;0;4;0;99;99;0
619894;38,302;0;0;1;0;3;0;99;99;0
621420;38,389;4;0;0;0;2;0;99;99;0
622920;38,46;3;4;6;0;1;0;99;99;0
623920;38,514;2;3;5;0;0;0;99;99;0
625420;38,598;1;2;4;0;0;0;99;99;0
626940;38,688;0;1;3;0;0;0;99;99;0
628440;38,766;0;0;2;0;4;0;99;99;0
629940;38,853;4;0;1;0;3;0;99;99;0
631440;38,938;3;0;0;0;2;0;99;99;0
632940;39,028;2;0;7;0;1;0;99;99;0
634465;39,118;1;0;6;0;0;0;99;99;0
635965;39,207;0;4;5;0;5;0;99;99;0
637465;39,291;0;3;4;0;4;0;99;99;0
638965;39,374;0;2;3;0;3;0;99;99;0
640465;39,457;0;1;2;0;2;0;99;99;0
641965;39,54;0;0;1;0;1;0;99;99;0
643488;39,636;0;0;0;0;0;4;99;99;0
644988;39,726;0;0;0;0;6;3;99;99;0
646488;39,812;4;0;0;0;5;2;99;99;0
647988;39,894;3;0;0;0;4;1;99;99;0
649488;39,978;2;0;0;0;3;0;99;99;0
650988;40,068;1;0;0;0;2;0;99;99;0
652488;40,158;0;4;4;0;1;0;99;99;0
654009;40,246;0;3;3;0;0;0;99;99;0
655509;40,332;0;2;2;0;7;0;99;99;0
657009;40,416;0;1;1;0;6;0;99;99;0
658509;40,5;0;0;0;0;5;0;99;99;0
660009;40,589;0;0;0;4;4;0;99;99;0
661509;40,676;0;4;0;3;3;0;99;99;0
663009;40,753;0;3;0;2;2;0;99;99;0
664509;40,813;0;2;0;1;1;0;99;99;0
666032;40,876;0;1;0;0;0;0;99;99;0
667532;40,961;0;0;0;0;8;0;99;99;0
669032;41,047;0;5;0;0;7;0;99;99;0
670532;41,131;0;4;0;0;6;0;99;99;4
672032;41,212;0;3;0;0;5;0;99;99;3
673532;41,294;0;2;0;0;4;0;99;99;2
675032;41,382;0;1;0;0;3;0;99;99;1
676532;41,463;0;0;0;0;2;0;99;99;0
678032;41,55;0;6;0;0;1;0;99;99;0
679551;41,637;0;5;0;4;0;0;99;99;0
681051;41,732;0;4;0;3;8;0;99;99;0
682551;41,814;0;3;0;2;7;0;99;99;0
684051;41,896;0;2;0;1;6;0;99;99;0
685551;41,976;0;1;0;0;5;0;99;99;0
687051;42,065;0;0;0;5;4;0;99;99;0
688551;42,15;0;7;0;4;3;0;99;99;0
690051;42,23;0;6;0;3;2;0;99;99;0
691551;42,315;0;5;0;2;1;0;99;99;0
693051;42,395;0;4;0;1;0;0;99;99;0
694569;42,487;0;3;4;0;8;0;99;99;0
696069;42,571;0;2;3;0;7;0;99;99;0
697569;42,652;0;1;2;0;6;0;99;99;0
699069;42,733;0;0;1;0;5;0;99;99;0
700569;42,822;0;0;0;4;4;0;99;99;0
702069;42,907;0;4;5;3;3;0;99;99;0
703069;42,959;0;3;4;2;2;0;99;99;0
704069;43,009;0;2;3;1;1;0;99;99;0
705069;43,061;0;1;2;0;0;0;99;99;0
706569;43,154;0;0;1;0;8;0;99;99;0
708069;43,27;4;0;0;0;7;0;99;99;0
709588;43,367;3;0;0;4;6;0;99;99;0
711088;43,449;2;0;0;3;5;0;99;99;0
712588;43,534;1;0;0;2;4;0;99;99;0
714088;43,619;0;0;0;1;3;0;99;99;0
715588;43,706;0;4;0;0;2;0;99;99;0
717088;43,791;0;3;4;0;1;0;99;99;0
718588;43,872;0;2;3;0;0;0;99;99;0
7200