Iteration;Time;TD-0;TD-1;TD-2;TD-3;TD-4;TD-5;TD-6;TD-7;TD-8;
2130;0,745;4;4;0;4;0;0;4;0;0
3753;0,952;3;3;4;3;0;0;3;4;0
4839;1,049;2;2;3;2;0;0;2;3;0
5839;1,149;1;1;2;1;0;0;1;2;0
6911;1,225;0;0;1;0;0;0;0;1;0
8911;1,377;0;5;0;0;0;0;0;0;4
10911;1,663;0;4;0;0;0;4;0;5;3
12493;1,801;0;3;0;4;0;3;0;4;2
13993;1,916;0;2;0;3;0;2;0;3;1
15493;2,02;0;1;0;2;0;1;4;2;0
16993;2,127;0;0;0;1;0;0;3;1;0
18540;2,206;0;0;0;0;0;5;2;0;0
20540;2,366;0;0;0;0;0;4;1;6;4
22040;2,502;0;0;4;0;0;3;0;5;3
23540;2,62;0;4;3;0;0;2;0;4;2
25040;2,681;0;3;2;0;0;1;4;3;1
26071;2,722;0;2;1;0;0;0;3;2;0
27571;2,784;4;1;0;0;0;0;2;1;0
29071;2,861;3;0;5;0;0;0;1;0;0
30571;2,934;2;0;4;0;0;4;0;0;0
32071;3,006;1;0;3;0;4;3;0;4;0
33571;3,121;0;0;2;0;3;2;4;3;0
35098;3,191;0;0;1;0;2;1;3;2;0
36598;3,26;0;0;0;0;1;0;2;1;0
38098;3,348;0;0;6;0;0;0;1;0;0
40098;3,459;4;0;5;0;0;0;0;5;0
41598;3,538;3;0;4;4;0;0;0;4;0
43098;3,618;2;0;3;3;0;4;0;3;0
44598;3,732;1;0;2;2;0;3;0;2;0
46118;3,817;0;0;1;1;0;2;4;1;0
47618;3,89;0;0;0;0;0;1;3;0;0
49618;3,993;0;0;7;5;0;0;2;0;0
51118;4,073;0;0;6;4;4;0;1;4;0
52618;4,146;0;0;5;3;3;0;0;3;0
54118;4,225;4;0;4;2;2;0;0;2;0
55618;4,292;3;0;3;1;1;0;0;1;0
57118;4,354;2;0;2;0;0;0;0;0;0
59149;4,47;1;0;1;6;0;0;0;0;4
60649;4,543;0;0;0;5;0;0;4;4;3
62149;4,639;0;0;8;4;0;0;3;3;2
63649;4,704;0;0;7;3;0;0;2;2;1
65149;4,768;0;0;6;2;0;0;1;1;0
66649;4,838;0;0;5;1;4;0;0;0;0
68149;4,914;0;0;4;0;3;4;0;0;0
69649;5,035;0;0;3;7;2;3;0;4;0
71149;5,155;0;0;2;6;1;2;0;3;0
72671;5,275;0;0;1;5;0;1;0;2;0
74171;5,353;0;0;0;4;0;0;4;1;0
75671;5,441;0;0;8;3;0;0;3;0;0
77171;5,522;0;0;7;2;4;0;2;0;0
78671;5,615;0;0;6;1;3;0;1;4;4
79671;5,684;0;0;5;0;2;0;0;3;3
81171;5,766;0;4;4;0;1;0;0;2;2
82671;5,841;0;3;3;0;0;0;0;1;1
84171;5,921;0;2;2;0;5;0;0;0;0
85671;6,009;0;1;1;0;4;4;0;0;0
87193;6,095;0;0;0;0;3;3;4;0;0
88693;6,166;0;0;0;0;2;2;3;4;4
90193;6,227;0;0;0;0;1;1;2;3;3
91693;6,289;0;0;0;0;0;0;1;2;2
93193;6,364;0;0;0;0;6;0;0;1;1
94693;6,442;0;0;0;0;5;0;5;0;0
96693;6,567;0;0;4;0;4;4;4;0;0
98193;6,643;0;4;3;0;3;3;3;4;0
99193;6,686;0;3;2;0;2;2;2;3;0
100193;6,73;0;2;1;0;1;1;1;2;0
101193;6,783;0;1;0;0;0;0;0;1;0
103226;6,962;0;0;5;0;7;0;0;0;0
105226;7,177;0;5;4;0;6;0;4;0;0
106726;7,324;0;4;3;4;5;0;3;4;0
107726;7,399;0;3;2;3;4;0;2;3;0
108726;7,493;0;2;1;2;3;0;1;2;0
109726;7,603;0;1;0;1;2;0;0;1;0
111226;7,682;0;0;0;0;1;0;5;0;0
113226;7,772;4;0;4;0;0;0;4;0;0
114726;7,836;3;0;3;0;0;4;3;4;0
116226;7,908;2;0;2;0;0;3;2;3;0
117726;8,017;1;0;1;0;0;2;1;2;0
119244;8,137;0;0;0;0;0;1;0;1;0
121244;8,228;0;0;0;4;0;0;0;0;4
123244;8,394;4;0;0;3;0;5;0;0;3
124744;8,544;3;0;4;2;0;4;0;4;2
125744;8,68;2;0;3;1;0;3;0;3;1
126744;8,78;1;0;2;0;0;2;0;2;0
128244;8,989;0;0;1;0;0;1;4;1;0
129744;9,146;0;0;0;4;0;0;3;0;0
131744;9,35;0;0;5;3;0;0;2;0;4
133244;9,464;0;0;4;2;4;0;1;4;3
134244;9,569;0;0;3;1;3;0;0;3;2
135767;9,672;0;0;2;0;2;0;0;2;1
137267;9,74;0;0;1;0;1;4;0;1;0
138767;9,835;0;0;0;4;0;3;0;0;0
140767;10,019;4;0;6;3;0;2;0;0;0
142267;10,089;3;0;5;2;0;1;0;4;4
143267;10,13;2;0;4;1;0;0;0;3;3
144767;10,193;1;0;3;0;0;0;0;2;2
146267;10,262;0;0;2;0;4;0;0;1;1
147767;10,335;0;0;1;4;3;0;0;0;0
149267;10,422;0;0;0;3;2;0;0;0;5
150767;10,494;0;0;0;2;1;4;0;4;4
152289;10,572;0;0;0;1;0;3;0;3;3
153789;10,643;0;0;0;0;0;2;4;2;2
155289;10,728;0;0;0;5;0;1;3;1;1
156789;10,798;0;0;0;4;0;0;2;0;0
158789;10,905;0;0;4;3;0;0;1;0;6
160289;10,979;0;0;3;2;0;4;0;4;5
161789;11,045;0;0;2;1;0;3;0;3;4
163289;11,111;0;0;1;0;0;2;0;2;3
164789;11,188;0;0;0;6;0;1;4;1;2
166289;11,248;0;0;0;5;0;0;3;0;1
167789;11,316;4;0;0;4;0;0;2;0;0
169317;11,393;3;0;0;3;4;0;1;4;0
170817;11,46;2;0;0;2;3;0;0;3;0
172317;11,534;1;0;0;1;2;0;0;2;4
173817;11,601;0;0;0;0;1;0;4;1;3
175317;11,671;0;0;0;7;0;0;3;0;2
176817;11,749;0;0;4;6;0;0;2;0;1
178317;11,821;4;0;3;5;0;0;1;4;0
179817;11,891;3;0;2;4;0;0;0;3;0
181317;11,966;2;0;1;3;0;0;5;2;0
182817;12,035;1;0;0;2;0;0;4;1;0
184317;12,089;0;0;0;1;0;0;3;0;4
185841;12,147;0;0;0;0;4;0;2;0;3
187341;12,211;0;0;4;0;3;0;1;4;2
188841;12,28;0;0;3;0;2;0;0;3;1
190341;12,35;0;0;2;0;1;4;0;2;0
191841;12,422;0;0;1;4;0;3;4;1;0
193341;12,486;0;0;0;3;0;2;3;0;0
194841;12,558;0;0;0;2;0;1;2;0;4
196341;12,63;0;0;4;1;0;0;1;4;3
197841;12,697;0;0;3;0;0;0;0;3;2
199341;12,771;0;0;2;5;0;0;0;2;1
200841;12,841;0;0;1;4;4;0;4;1;0
202366;12,909;0;0;0;3;3;0;3;0;0
203866;12,989;0;0;5;2;2;0;2;0;0
205366;13,06;0;0;4;1;1;4;1;4;0
206366;13,104;0;0;3;0;0;3;0;3;0
207866;13,184;0;0;2;0;5;2;0;2;0
209366;13,258;0;0;1;4;4;1;4;1;0
210366;13,302;0;0;0;3;3;0;3;0;0
211866;13,379;0;0;0;2;2;5;2;0;0
213366;13,452;0;0;0;1;1;4;1;4;4
214366;13,492;0;0;0;0;0;3;0;3;3
215866;13,566;0;0;4;0;0;2;0;2;2
217390;13,64;0;0;3;0;4;1;4;1;1
218390;13,682;0;0;2;0;3;0;3;0;0
219890;13,756;0;0;1;0;2;0;2;0;5
221390;13,825;0;0;0;0;1;4;1;4;4
222890;13,89;0;0;0;0;0;3;0;3;3
224390;13,962;4;0;0;0;0;2;0;2;2
225890;14,03;3;0;4;0;0;1;4;1;1
226890;14,074;2;0;3;0;0;0;3;0;0
228390;14,148;1;0;2;0;0;0;2;0;6
229890;14,218;0;0;1;0;4;0;1;4;5
231390;14,283;0;0;0;0;3;0;0;3;4
232913;14,424;0;0;5;0;2;0;0;2;3
234413;14,522;0;0;4;4;1;0;4;1;2
235413;14,576;0;0;3;3;0;0;3;0;1
236913;14,652;0;0;2;2;5;0;2;0;0
238413;14,726;0;0;1;1;4;0;1;4;7
239413;14,774;0;0;0;0;3;0;0;3;6
240913;14,849;0;0;6;0;2;0;0;2;5
242413;14,923;0;0;5;4;1;0;4;1;4
243413;14,965;0;0;4;3;0;0;3;0;3
244913;15,032;0;0;3;2;0;4;2;0;2
246413;15,136;0;0;2;1;0;3;1;4;1
247428;15,213;0;0;1;0;0;2;0;3;0
248928;15,402;0;0;0;0;4;1;0;2;0
250428;15,595;0;0;7;0;3;0;4;1;0
251928;15,664;0;0;6;0;2;0;3;0;4
253428;15,735;0;0;5;0;1;4;2;0;3
254928;15,806;0;0;4;0;0;3;1;4;2
256428;15,872;0;0;3;0;0;2;0;3;1
257928;15,953;0;0;2;0;4;1;0;2;0
259428;16,074;0;4;1;0;3;0;4;1;0
260928;16,159;0;3;0;0;2;0;3;0;0
262428;16,233;0;2;0;0;1;4;2;0;0
263944;16,31;0;1;4;0;0;3;1;4;0
265444;16,389;0;0;3;0;0;2;0;3;0
266944;16,473;0;0;2;4;0;1;0;2;0
268444;16,553;0;0;1;3;0;0;4;1;4
269944;16,631;0;0;0;2;0;0;3;0;3
271444;16,71;0;0;5;1;0;0;2;0;2
272944;16,782;4;0;4;0;0;0;1;4;1
274444;16,854;3;0;3;0;0;0;0;3;0
275944;16,929;2;0;2;0;4;0;0;2;0
277444;17,01;1;0;1;0;3;4;4;1;0
278444;17,058;0;0;0;0;2;3;3;0;0
279962;17,142;0;0;6;0;1;2;2;0;0
281462;17,225;4;0;5;0;0;1;1;4;0
282962;17,3;3;0;4;0;0;0;0;3;0
284462;17,388;2;0;3;0;4;0;0;2;0
285962;17,469;1;0;2;0;3;0;4;1;4
286962;17,528;0;0;1;0;2;0;3;0;3
288462;17,609;5;0;0;0;1;0;2;0;2
289962;17,702;4;0;7;0;0;0;1;4;1
291462;17,775;3;0;6;0;0;0;0;3;0
292962;17,85;2;0;5;0;0;0;0;2;5
294462;17,922;1;0;4;0;4;0;4;1;4
295479;17,966;0;0;3;0;3;0;3;0;3
296979;18,037;0;0;2;0;2;4;2;0;2
298479;18,108;0;0;1;0;1;3;1;4;1
299479;18,151;0;0;0;0;0;2;0;3;0
301479;18,251;0;0;8;0;0;1;0;2;6
302979;18,323;0;0;7;0;4;0;4;1;5
304479;18,389;0;0;6;0;3;0;3;0;4
305979;18,461;4;0;5;0;2;0;2;0;3
307479;18,532;3;0;4;0;1;0;1;4;2
308479;18,571;2;0;3;0;0;0;0;3;1
309979;18,624;1;0;2;0;0;0;5;2;0
311498;18,678;0;0;1;0;4;0;4;1;0
312998;18,742;0;0;0;0;3;0;3;0;4
314498;18,816;0;0;0;0;2;4;2;0;3
315998;18,885;0;0;0;4;1;3;1;4;2
316998;18,924;0;0;0;3;0;2;0;3;1
318498;18,993;0;0;4;2;0;1;0;2;0
319998;19,067;4;0;3;1;0;0;4;1;0
321498;19,136;3;0;2;0;0;0;3;0;0
322998;19,212;2;0;1;0;4;0;2;0;0
324498;19,286;1;0;0;0;3;0;1;4;4
325998;19,348;0;0;0;0;2;0;0;3;3
327520;19,406;0;0;0;0;1;0;5;2;2
329020;19,478;0;0;4;0;0;0;4;1;1
330520;19,553;0;0;3;0;5;0;3;0;0
332020;19,629;0;0;2;4;4;0;2;0;0
333520;19,704;4;0;1;3;3;0;1;4;0
334520;19,751;3;0;0;2;2;0;0;3;0
336020;19,832;2;0;0;1;1;0;6;2;0
337520;19,902;1;0;0;0;0;0;5;1;0
339020;19,975;0;0;0;0;6;0;4;0;0
341020;20,076;5;0;0;0;5;0;3;0;4
342520;20,145;4;0;0;0;4;4;2;4;3
343536;20,186;3;0;0;0;3;3;1;3;2
344536;20,226;2;0;0;0;2;2;0;2;1
346036;20,292;1;0;0;0;1;1;0;1;0
347536;20,359;0;0;0;4;0;0;0;0;0
349536;20,455;0;0;4;3;0;5;0;0;4
351036;20,527;0;0;3;2;4;4;0;4;3
352036;20,572;0;0;2;1;3;3;0;3;2
353036;20,616;0;0;1;0;2;2;4;2;1
354036;20,659;0;0;0;0;1;1;3;1;0
355536;20,731;0;4;0;0;0;0;2;0;0
357536;20,835;0;3;0;0;5;0;1;0;4
359051;20,908;0;2;0;0;4;0;0;4;3
360551;20,977;0;1;4;0;3;0;0;3;2
362051;21,047;0;0;3;0;2;0;4;2;1
363551;21,114;0;0;2;0;1;0;3;1;0
365051;21,187;0;0;1;0;0;4;2;0;0
366551;21,262;0;0;0;0;0;3;1;0;4
368051;21,334;4;0;0;0;0;2;0;4;3
369551;21,409;3;0;0;4;0;1;0;3;2
371051;21,479;2;0;0;3;0;0;4;2;1
372551;21,548;1;0;0;2;0;0;3;1;0
374051;21,618;0;0;0;1;0;4;2;0;0
375578;21,677;0;0;4;0;0;3;1;0;0
377078;21,739;0;0;3;0;4;2;0;4;0
378578;21,812;4;0;2;0;3;1;0;3;0
380078;21,883;3;0;1;0;2;0;4;2;0
381578;21,952;2;0;0;0;1;0;3;1;0
383078;22,033;1;0;0;0;0;0;2;0;4
384578;22,106;0;0;0;0;5;0;1;0;3
386078;22,222;0;0;0;0;4;4;0;4;2
387578;22,305;4;0;0;0;3;3;0;3;1
389078;22,358;3;0;0;0;2;2;4;2;0
390578;22,429;2;0;0;0;1;1;3;1;0
392101;22,5;1;0;0;0;0;0;2;0;0
394101;22,61;0;0;4;0;0;0;1;0;4
395601;22,688;0;0;3;0;4;0;0;4;3
397101;22,761;4;0;2;0;3;0;0;3;2
398601;22,829;3;0;1;0;2;0;4;2;1
399601;22,873;2;0;0;0;1;0;3;1;0
401101;22,946;1;0;5;0;0;0;2;0;0
402601;23,028;0;0;4;0;0;0;1;0;4
404101;23,106;0;0;3;0;4;0;0;4;3
405601;23,181;4;0;2;0;3;0;0;3;2
407101;23,245;3;0;1;0;2;0;4;2;1
408117;23,29;2;0;0;0;1;0;3;1;0
409617;23,355;1;0;0;4;0;0;2;0;0
411117;23,422;0;0;0;3;5;0;1;0;0
412617;23,489;0;0;0;2;4;0;0;4;4
414117;23,567;0;0;0;1;3;0;5;3;3
415617;23,626;0;0;0;0;2;0;4;2;2
417117;23,688;0;4;0;0;1;0;3;1;1
418617;23,744;0;3;0;0;0;0;2;0;0
420617;23,832;0;2;4;0;6;0;1;0;0
422117;23,896;0;1;3;4;5;0;0;4;0
423617;23,953;0;0;2;3;4;0;0;3;0
425139;24,017;0;0;1;2;3;0;4;2;0
426639;24,075;0;0;0;1;2;0;3;1;0
428139;24,138;0;0;0;0;1;0;2;0;4
429639;24,203;0;0;0;0;0;4;1;0;3
431139;24,267;4;0;0;0;0;3;0;4;2
432639;24,333;3;0;4;0;0;2;0;3;1
434139;24,395;2;0;3;0;0;1;4;2;0
435639;24,466;1;0;2;0;0;0;3;1;0
437139;24,535;0;0;1;0;0;5;2;0;0
438639;24,621;0;0;0;0;0;4;1;0;4
440139;24,689;0;0;5;0;0;3;0;4;3
441663;24,755;0;0;4;4;0;2;0;3;2
443163;24,814;0;0;3;3;0;1;4;2;1
444163;24,851;0;0;2;2;0;0;3;1;0
445663;24,912;0;0;1;1;0;0;2;0;5
447163;24,965;0;0;0;0;0;0;1;5;4
448663;25,04;0;0;0;0;4;0;0;4;3
450163;25,116;0;0;0;0;3;0;5;3;2
451663;25,187;0;0;0;4;2;0;4;2;1
453163;25,252;0;0;0;3;1;0;3;1;0
454663;25,324;0;4;0;2;0;0;2;0;0
456163;25,4;0;3;0;1;0;0;1;6;0
457689;25,474;0;2;0;0;0;0;0;5;4
459189;25,55;0;1;0;5;0;0;0;4;3
460689;25,627;0;0;0;4;4;0;4;3;2
462189;25,699;0;0;0;3;3;0;3;2;1
463689;25,769;0;0;0;2;2;0;2;1;0
465189;25,841;0;0;4;1;1;0;1;0;0
466689;25,914;0;0;3;0;0;0;0;0;4
468689;26,038;0;0;2;6;0;0;5;4;3
470189;26,104;0;0;1;5;0;0;4;3;2
471689;26,169;0;0;0;4;0;0;3;2;1
473189;26,251;0;0;0;3;4;0;2;1;0
474700;26,327;0;0;4;2;3;0;1;0;0
476200;26,398;0;0;3;1;2;0;0;0;4
477700;26,47;4;0;2;0;1;0;0;4;3
479200;26,541;3;0;1;0;0;0;4;3;2
480700;26,609;2;0;0;0;0;0;3;2;1
482200;26,679;1;0;0;0;4;0;2;1;0
483700;26,748;0;0;4;0;3;0;1;0;0
485200;26,822;0;0;3;0;2;4;0;0;0
486700;26,896;0;0;2;4;1;3;0;4;0
488200;26,966;0;0;1;3;0;2;4;3;0
489700;27,033;0;0;0;2;0;1;3;2;0
491218;27,105;0;0;5;1;0;0;2;1;0
492718;27,173;0;0;4;0;4;0;1;0;0
494218;27,246;0;0;3;5;3;0;0;5;0
495718;27,315;0;0;2;4;2;0;0;4;0
497218;27,386;0;0;1;3;1;0;4;3;4
498218;27,42;0;0;0;2;0;0;3;2;3
499718;27,472;0;0;0;1;5;0;2;1;2
501218;27,519;0;0;0;0;4;0;1;0;1
502718;27,573;0;0;4;0;3;0;0;0;0
504718;27,65;0;0;3;4;2;0;0;4;5
506218;27,698;0;0;2;3;1;0;4;3;4
507232;27,729;0;0;1;2;0;0;3;2;3
508732;27,777;0;0;0;1;0;0;2;1;2
510232;27,827;0;0;0;0;4;0;1;0;1
511732;27,88;0;4;0;0;3;0;0;0;0
513732;27,956;0;3;4;0;2;0;5;4;0
515232;28,005;0;2;3;0;1;0;4;3;0
516732;28,053;0;1;2;0;0;0;3;2;0
518232;28,103;0;0;1;0;5;0;2;1;0
519732;28,153;0;0;0;0;4;4;1;0;0
521232;28,206;0;0;5;0;3;3;0;0;0
522732;28,262;0;0;4;0;2;2;0;4;4
524254;28,32;0;0;3;0;1;1;4;3;3
525254;28,359;0;0;2;0;0;0;3;2;2
526754;28,413;0;0;1;0;6;0;2;1;1
528254;28,459;0;0;0;0;5;0;1;0;0
530254;28,534;0;0;6;0;4;4;0;0;0
531754;28,609;0;0;5;0;3;3;0;4;0
533254;28,68;0;4;4;0;2;2;4;3;0
534254;28,723;0;3;3;0;1;1;3;2;0
535254;28,765;0;2;2;0;0;0;2;1;0
536754;28,835;0;1;1;0;7;0;1;0;0
538254;28,905;0;0;0;0;6;0;0;5;0
540286;29,015;0;0;0;4;5;4;0;4;0
541786;29,09;0;0;0;3;4;3;4;3;0
543286;29,158;0;0;0;2;3;2;3;2;0
544786;29,224;0;0;0;1;2;1;2;1;0
546286;29,279;0;0;0;0;1;0;1;0;0
548286;29,379;0;0;4;0;0;0;0;0;4
550286;29,477;0;0;3;0;8;0;5;4;3
551786;29,542;0;0;2;0;7;0;4;3;2
553286;29,603;0;0;1;0;6;0;3;2;1
554786;29,659;0;0;0;0;5;0;2;1;0
556286;29,711;0;0;0;0;4;4;1;0;0
557803;29,767;0;0;0;0;3;3;0;0;4
559303;29,817;0;4;0;0;2;2;0;4;3
560803;29,865;0;3;0;0;1;1;4;3;2
561803;29,904;0;2;0;0;0;0;3;2;1
563303;29,973;0;1;0;0;8;0;2;1;0
564803;30,037;0;0;0;0;7;0;1;0;5
566303;30,108;0;0;0;0;6;0;0;5;4
567803;30,185;0;0;0;4;5;0;0;4;3
569303;30,253;0;0;0;3;4;0;4;3;2
570803;30,316;0;0;0;2;3;0;3;2;1
572303;30,38;0;0;0;1;2;0;2;1;0
573830;30,449;0;0;0;0;1;0;1;0;6
575330;30,52;0;0;0;0;0;0;0;6;5
577330;30,614;4;0;4;0;0;0;5;5;4
578830;30,675;3;0;3;0;0;0;4;4;3
580330;30,737;2;0;2;0;0;0;3;3;2
581830;30,848;1;0;1;0;0;0;2;2;1
583330;30,913;0;0;0;0;0;0;1;1;0
585330;31,008;0;0;5;0;0;4;0;0;0
587330;31,122;4;0;4;0;0;3;0;0;4
588830;31,212;3;0;3;0;4;2;0;4;3
589830;31,254;2;0;2;0;3;1;0;3;2
590847;31,297;1;0;1;0;2;0;4;2;1
591847;31,353;0;0;0;0;1;0;3;1;0
593347;31,428;0;0;0;0;0;4;2;0;0
595347;31,531;0;0;4;0;5;3;1;0;0
596847;31,606;0;0;3;4;4;2;0;4;0
598347;31,676;0;0;2;3;3;1;0;3;0
599847;31,747;0;0;1;2;2;0;4;2;0
601347;31,814;0;0;0;1;1;0;3;1;0
602847;31,883;0;0;0;0;0;0;2;0;4
604847;31,979;0;0;4;5;0;0;1;0;3
606347;32,047;0;0;3;4;0;0;0;4;2
607866;32,112;0;0;2;3;4;0;0;3;1
609366;32,172;0;0;1;2;3;0;4;2;0
610866;32,234;0;0;0;1;2;0;3;1;0
612366;32,298;0;4;0;0;1;0;2;0;0
613866;32,365;0;3;0;0;0;4;1;0;0
615366;32,432;0;2;0;0;5;3;0;4;0
616866;32,492;0;1;0;4;4;2;0;3;0
618366;32,551;0;0;0;3;3;1;4;2;0
619866;32,608;0;0;0;2;2;0;3;1;0
621366;32,661;0;0;0;1;1;0;2;0;4
622866;32,718;0;0;4;0;0;0;1;0;3
624383;32,775;0;0;3;5;0;0;0;4;2
625883;32,828;0;0;2;4;0;0;5;3;1
627383;32,886;0;0;1;3;0;0;4;2;0
628883;32,955;0;0;0;2;0;0;3;1;5
630383;33,017;0;0;5;1;0;0;2;0;4
631883;33,089;4;0;4;0;0;0;1;0;3
633383;33,164;3;0;3;0;4;0;0;4;2
634883;33,234;2;0;2;0;3;0;0;3;1
636383;33,303;1;0;1;0;2;0;4;2;0
637883;33,373;0;0;0;0;1;0;3;1;0
639383;33,45;0;0;6;0;0;0;2;0;0
641411;33,561;4;0;5;4;0;0;1;0;0
642911;33,634;3;0;4;3;0;0;0;4;4
644411;33,706;2;0;3;2;0;0;0;3;3
645911;33,776;1;0;2;1;0;0;4;2;2
646911;33,82;0;0;1;0;0;0;3;1;1
648411;33,893;0;0;0;0;4;0;2;0;0
650411;33,997;0;0;7;0;3;4;1;0;0
651911;34,07;4;0;6;0;2;3;0;4;0
653411;34,142;3;0;5;0;1;2;0;3;0
654911;34,212;2;0;4;0;0;1;4;2;0
656411;34,286;1;0;3;0;0;0;3;1;0
657941;34,366;0;0;2;0;0;5;2;0;0
659441;34,444;0;0;1;0;0;4;1;0;4
660941;34,515;0;0;0;0;4;3;0;4;3
662441;34,584;0;0;8;0;3;2;0;3;2
663941;34,653;0;0;7;0;2;1;4;2;1
664941;34,701;0;0;6;0;1;0;3;1;0
666441;34,775;0;0;5;0;0;0;2;0;5
667941;34,852;0;0;4;0;5;0;1;0;4
669441;34,925;4;0;3;0;4;0;0;4;3
670941;34,993;3;0;2;0;3;0;0;3;2
672441;35,064;2;0;1;0;2;0;4;2;1
673459;35,11;1;0;0;0;1;0;3;1;0
674959;35,183;0;0;0;0;0;0;2;0;6
676959;35,289;0;0;4;0;6;0;1;0;5
678459;35,363;0;0;3;0;5;4;0;4;4
679959;35,433;0;0;2;0;4;3;0;3;3
681459;35,5;0;0;1;0;3;2;4;2;2
682459;35,543;0;0;0;0;2;1;3;1;1
683959;35,61;0;0;0;0;1;0;2;0;0
685959;35,717;0;0;0;4;0;5;1;0;0
687459;35,797;0;0;0;3;0;4;0;4;4
688959;35,871;4;0;0;2;0;3;0;3;3
690481;35,943;3;0;0;1;0;2;4;2;2
691481;35,987;2;0;0;0;0;1;3;1;1
692981;36,055;1;0;0;0;0;0;2;0;0
694981;36,164;0;0;4;0;4;0;1;0;0
696481;36,245;0;0;3;4;3;0;0;4;0
697981;36,318;0;0;2;3;2;0;0;3;4
699481;36,385;0;0;1;2;1;0;4;2;3
700481;36,428;0;0;0;1;0;0;3;1;2
701981;36,5;0;0;0;0;5;0;2;0;1
703481;36,575;0;0;0;0;4;0;1;5;0
704981;36,653;0;0;0;0;3;4;0;4;0
706510;36,731;0;0;0;0;2;3;5;3;0
708010;36,781;0;0;0;0;1;2;4;2;4
709510;36,828;0;0;0;0;0;1;3;1;3
711010;36,878;0;0;4;0;0;0;2;0;2
712510;36,933;0;0;3;0;0;5;1;0;1
714010;37,003;4;0;2;0;0;4;0;4;0
715510;37,078;3;0;1;0;0;3;0;3;5
717010;37,148;2;0;0;0;0;2;4;2;4
718510;37,215;1;0;0;0;0;1;3;1;3
720010;37,278;0;0;0;0;0;0;2;0;2
722010;37,375;5;0;4;0;0;0;1;0;1
723534;37,462;4;0;3;0;0;0;0;4;0
725034;37,55;3;0;2;0;0;0;5;3;0
726534;37,627;2;0;1;0;4;0;4;2;0
728034;37,691;1;0;0;0;3;0;3;1;0
729534;37,757;0;0;0;4;2;0;2;0;0
731034;37,824;0;0;0;3;1;0;1;0;4
732534;37,886;0;0;0;2;0;0;0;4;3
734034;37,952;0;0;0;1;0;0;6;3;2
735534;38,015;0;0;0;0;4;0;5;2;1
737034;38,077;0;0;0;0;3;4;4;1;0
738534;38,136;0;0;4;0;2;3;3;0;0
740055;38,199;0;0;3;4;1;2;2;0;0
741555;38,259;0;0;2;3;0;1;1;4;0
743055;38,318;0;0;1;2;0;0;0;3;0
744555;38,372;0;0;0;1;0;0;7;2;0
746055;38,446;0;0;0;0;0;4;6;1;0
747555;38,518;0;0;0;5;0;3;5;0;0
749055;38,586;0;0;0;4;0;2;4;0;4
750555;38,655;0;0;0;3;4;1;3;4;3
751555;38,698;0;0;0;2;3;0;2;3;2
753055;38,765;0;0;0;1;2;0;1;2;1
754555;38,832;0;0;0;0;1;0;0;1;0
756591;38,939;0;4;4;0;0;0;0;0;0
758591;39,046;0;3;3;4;5;0;0;0;0
760091;39,119;0;2;2;3;4;0;4;4;0
761091;39,162;0;1;1;2;3;0;3;3;0
762091;39,206;0;0;0;1;2;0;2;2;0
763591;39,259;4;0;0;0;1;0;1;1;0
765091;39,311;3;0;0;5;0;0;0;0;0
767091;39,389;2;0;4;4;0;0;0;0;4
768591;39,456;1;0;3;3;0;0;4;4;3
769591;39,5;0;0;2;2;0;0;3;