Iteration;Time;QI-0;QI-1;QI-2;QI-3;QI-4;QI-5;QI-6;QI-7;QI-8;
2064;0,935;5;7;6;4;1;9;2;3;8
3564;1,198;4;2;3;1;1;5;1;1;1
5103;1,49;4;1;3;1;1;2;1;1;1
6603;1,621;3;4;2;1;1;1;1;1;1
8103;1,773;2;4;1;1;1;3;1;1;1
10145;2,022;4;7;2;6;8;5;3;1;1
11645;2,298;1;5;1;4;6;3;1;1;2
13145;2,452;1;2;1;1;1;3;1;1;4
14645;2,66;1;2;1;4;1;3;1;1;1
16173;2,822;1;4;1;1;1;2;1;1;3
17673;2,917;1;3;2;4;1;5;1;1;1
19673;3,083;6;4;2;7;8;1;5;3;1
21173;3,192;1;3;1;4;5;1;2;1;1
22673;3,283;1;3;1;4;2;1;1;1;1
24201;3,428;1;4;1;2;3;1;1;1;1
25701;3,524;1;2;1;3;4;1;1;1;1
27201;3,622;1;6;5;3;2;1;1;1;4
28701;3,743;1;4;3;5;6;1;1;1;2
30201;3,835;1;4;1;3;6;1;1;1;5
31701;3,923;1;1;1;4;5;1;1;1;1
33233;4,02;1;2;1;4;5;1;3;1;1
34733;4,109;1;1;1;4;2;1;3;1;1
36233;4,199;1;1;1;3;4;2;1;1;1
37733;4,291;1;5;4;3;2;6;1;1;1
39233;4,379;1;1;2;3;5;4;1;1;1
40733;4,465;1;1;5;3;2;4;1;1;1
42233;4,551;1;1;5;2;3;4;6;1;1
43765;4,643;1;1;4;3;5;2;1;1;1
45265;4,728;1;1;3;1;4;2;1;1;1
46765;4,816;1;1;3;2;5;4;1;1;1
48265;4,909;1;1;5;3;2;4;1;1;1
49765;5,007;1;1;4;1;5;2;1;1;3
51265;5,114;1;1;5;1;3;4;1;1;1
52265;5,176;1;1;3;1;1;2;1;1;1
53265;5,223;1;1;2;1;3;1;1;1;1
54799;5,298;1;2;1;1;4;3;1;1;1
56299;5,398;1;5;3;1;2;4;1;1;1
57799;5,49;1;1;3;1;4;5;1;1;2
59299;5,578;6;1;3;1;2;5;4;1;1
60799;5,678;3;1;4;1;5;2;1;1;1
62299;5,761;1;1;4;1;2;3;1;1;1
63799;5,84;2;1;1;1;3;4;1;1;1
65299;5,93;5;5;4;2;1;3;1;1;1
66799;6,019;4;5;2;1;1;6;1;1;3
68318;6,161;3;5;2;1;1;6;4;1;1
69818;6,247;4;1;5;1;1;3;2;1;1
70818;6,285;2;1;1;1;1;3;1;1;1
72318;6,357;2;1;3;1;1;4;1;1;1
73818;6,444;3;1;4;1;5;2;1;1;1
75318;6,534;1;1;3;1;4;5;1;1;2
76818;6,621;1;4;3;1;6;1;5;1;2
78318;6,705;1;3;1;1;5;1;4;1;2
79818;6,793;1;1;1;1;4;1;3;1;2
81318;6,878;1;3;1;1;1;1;4;1;2
82843;6,964;5;1;1;3;4;1;1;1;2
84343;7,046;2;1;1;1;5;4;1;1;3
85843;7,128;3;1;1;1;4;5;1;1;2
87343;7,214;1;1;1;1;4;3;1;1;2
88843;7,301;1;1;1;1;5;4;3;1;2
90343;7,383;1;2;1;1;5;4;3;1;1
91843;7,468;1;2;1;1;4;3;1;1;1
93343;7,548;1;3;1;1;4;2;1;1;1
94843;7,631;1;1;2;1;4;3;1;1;1
96343;7,725;2;1;1;3;5;4;1;1;1
97843;7,815;4;1;1;2;6;5;1;1;3
99372;7,917;4;1;1;1;2;5;1;1;3
100872;8,022;1;5;1;1;2;3;1;1;4
102372;8,243;1;3;1;1;2;1;1;1;4
103872;8,494;1;5;4;1;1;2;1;1;3
105372;8,7;1;3;2;1;1;1;1;1;4
106872;8,993;1;6;2;4;1;5;3;1;1
108372;9,147;6;5;1;3;1;4;2;1;1
109872;9,293;2;3;1;1;1;4;1;1;1
111372;9,44;4;5;1;3;1;2;1;1;1
112872;9,514;2;1;1;4;1;3;1;1;1
114372;9,594;5;4;1;2;1;3;1;1;1
115899;9,679;4;3;2;5;1;6;1;1;1
117399;9,759;5;4;3;1;1;2;1;1;1
118899;9,833;2;1;4;1;1;3;1;1;1
120399;9,906;3;1;4;1;2;5;1;1;1
121899;9,986;4;1;3;1;1;2;1;1;1
123399;10,065;4;1;1;1;5;2;1;1;3
124899;10,258;5;1;1;3;2;6;1;1;4
126399;10,465;4;1;1;3;2;5;1;1;1
127899;10,597;4;3;1;2;1;5;1;1;1
129399;10,771;3;2;1;1;1;4;1;1;1
130899;10,917;2;5;4;1;1;3;1;1;1
132434;11,023;1;3;2;1;1;4;1;1;1
133934;11,18;2;5;4;1;1;3;1;1;1
135434;11,267;1;3;2;1;6;5;4;1;1
136934;11,363;1;4;2;1;1;5;3;1;1
138434;11,444;1;2;1;3;1;4;1;1;1
139934;11,529;1;3;2;1;1;4;1;1;1
141434;11,614;1;4;3;2;1;1;1;1;1
142934;11,704;1;6;5;2;1;3;1;1;4
144934;11,827;1;4;5;6;2;7;1;1;3
146434;11,915;1;3;4;1;1;5;1;1;2
147934;12,003;1;3;2;1;1;4;1;1;1
149456;12,093;1;4;3;1;1;1;1;1;2
150956;12,179;1;3;2;1;1;4;1;1;1
152456;12,263;1;4;3;1;1;5;1;1;2
154456;12,389;1;6;1;5;7;3;1;1;4
155956;12,477;1;1;1;3;2;5;1;1;4
157456;12,57;1;1;1;3;4;1;1;1;2
158956;12,655;1;1;1;2;3;4;1;1;1
160456;12,739;1;1;1;2;3;4;1;1;1
161956;12,832;1;1;4;5;2;1;1;1;3
163456;12,926;6;5;1;4;3;1;1;1;1
164956;13,01;2;4;1;3;1;1;5;1;1
166486;13,103;4;2;1;3;1;1;1;1;1
167486;13,155;2;3;1;1;1;1;1;1;1
168986;13,237;2;4;1;3;1;1;1;1;1
170486;13,328;1;5;4;2;1;6;1;1;3
171986;13,409;1;4;5;6;1;2;1;1;3
173486;13,477;1;4;2;5;1;6;3;1;1
174986;13,569;1;4;3;2;1;1;5;1;1
175986;13,628;1;3;1;2;1;1;1;1;1
177486;13,714;1;2;3;4;1;1;1;1;1
178986;13,816;2;3;4;1;1;1;1;1;1
180486;13,911;2;6;4;3;1;1;1;1;5
182531;14,055;5;3;1;7;1;6;4;1;2
184031;14,148;1;5;1;2;1;3;4;1;1
185031;14,202;1;3;1;2;1;1;1;1;1
186031;14,254;1;3;1;2;1;1;1;1;1
187031;14,309;1;3;1;2;1;1;1;1;1
188531;14,404;1;5;4;1;1;2;1;1;3
190531;14,531;5;1;7;1;3;4;1;1;6
192031;14,619;1;1;4;1;5;2;1;1;3
193531;14,711;1;1;3;1;2;1;1;1;4
195031;14,797;1;1;3;1;1;4;1;1;2
196531;14,89;1;1;3;5;1;4;1;1;2
198067;14,97;1;5;4;1;1;2;1;1;3
199567;15,047;2;5;4;1;1;1;6;1;3
201067;15,124;1;4;5;1;1;1;3;1;2
202567;15,246;1;3;4;1;1;1;1;1;2
204067;15,336;1;4;5;1;1;1;2;1;3
205567;15,442;1;5;4;3;1;1;2;1;1
207067;15,515;1;3;2;1;1;4;1;1;1
208567;15,592;4;2;3;1;1;5;1;1;1
210067;15,662;1;3;2;1;1;4;1;1;1
211567;15,731;1;3;2;1;1;4;1;1;1
213567;15,838;5;4;1;1;7;6;2;1;3
215087;15,925;1;3;1;1;4;5;1;1;2
216587;16,009;1;5;1;3;1;2;1;1;4
218087;16,095;1;4;1;2;1;1;1;1;3
219587;16,263;1;4;1;1;1;2;1;1;3
221087;16,355;1;5;1;3;1;2;1;1;4
222587;16,447;3;6;1;4;1;1;2;1;5
224087;16,543;1;5;1;3;6;1;2;1;4
225587;16,627;1;4;1;5;2;1;1;1;3
227087;16,71;1;3;1;4;1;1;1;1;2
228587;16,792;1;4;1;2;1;1;1;1;3
230087;16,892;1;5;2;4;1;3;1;1;6
231614;16,987;3;4;1;2;1;6;1;1;5
233114;17,076;3;4;1;2;1;1;5;1;6
234614;17,174;2;4;1;5;1;1;1;1;3
236114;17,235;3;4;1;1;1;1;1;1;2
237614;17,298;2;5;1;3;1;1;1;1;4
239114;17,356;5;3;4;1;1;1;1;1;2
240614;17,417;3;5;2;1;1;1;1;1;4
242114;17,486;4;3;1;1;1;1;5;1;2
243614;17,589;1;2;1;1;1;1;4;1;3
245114;17,691;3;2;1;1;1;1;1;1;4
246614;17,781;1;6;1;3;2;1;4;1;5
248139;17,868;1;2;1;1;5;1;4;1;3
249639;17,953;1;3;1;1;5;6;4;1;2
251139;18,041;1;5;1;1;1;2;3;1;4
252639;18,129;1;4;1;1;1;2;1;1;3
254139;18,217;4;3;1;1;1;5;2;1;1
255639;18,309;3;4;1;2;1;5;1;1;1
257139;18,391;2;4;1;3;1;1;1;1;1
258639;18,485;3;5;1;4;6;2;1;1;1
260139;18,573;1;3;1;4;5;2;1;1;1
261639;18,66;1;3;1;2;5;4;1;1;1
263139;18,747;1;1;1;4;5;3;2;1;1
264670;18,835;1;1;1;3;4;1;2;1;1
266170;18,917;1;1;1;3;2;4;1;1;1
267670;19,008;5;1;1;3;4;1;2;1;1
269170;19,094;4;1;1;3;5;1;2;1;1
270670;19,187;1;5;1;4;2;1;3;1;6
272170;19,275;1;1;1;3;5;1;4;1;1
273170;19,329;1;1;1;2;1;1;3;1;1
274670;19,405;1;1;1;1;2;3;4;1;1
276170;19,468;1;1;1;4;2;3;1;1;1
277670;19,533;1;1;1;3;4;5;2;1;1
279170;19,611;1;3;1;6;1;5;4;1;2
280705;19,714;1;6;2;3;1;1;4;1;5
282205;19,806;1;2;4;5;1;1;3;1;1
283705;19,898;1;4;1;3;1;1;2;1;1
285205;19,987;1;2;1;4;1;1;3;1;1
286705;20,073;3;6;4;2;1;1;5;1;1
288205;20,157;4;6;1;2;1;3;5;1;1
289705;20,242;1;6;1;2;1;4;3;1;5
291205;20,33;1;4;1;1;1;5;2;1;3
292705;20,418;1;3;1;1;1;4;1;1;2
294205;20,504;1;3;1;1;1;4;1;1;2
295705;20,601;1;3;1;1;5;6;4;1;2
297234;20,697;2;5;1;1;1;6;3;1;4
298734;20,787;3;6;1;1;1;4;2;1;5
300234;20,875;3;4;1;1;1;1;2;1;5
301734;20,969;2;3;1;1;1;1;1;1;4
303234;21,061;1;4;1;1;1;1;2;1;3
304734;21,15;6;4;1;1;5;1;3;1;2
306234;21,232;2;4;1;1;1;1;3;1;5
307734;21,322;2;5;1;1;1;6;4;1;3
309234;21,408;1;4;1;1;1;5;2;1;3
310734;21,493;1;3;1;1;1;4;1;1;2
312234;21,58;1;2;1;1;1;3;4;1;1
313758;21,678;1;1;1;1;4;3;2;1;5
315258;21,765;1;1;4;1;1;5;2;1;3
316758;21,857;1;1;2;1;1;5;4;1;3
318258;21,942;1;1;2;1;1;5;3;1;4
319758;22,024;1;1;1;1;1;4;2;1;3
321258;22,114;1;5;2;1;1;4;3;1;1
322758;22,197;1;3;2;1;1;5;4;1;1
324258;22,28;1;3;1;1;1;4;2;1;1
325758;22,368;1;4;2;1;1;5;3;1;1
327258;22,462;1;3;1;1;1;4;2;1;1
328758;22,556;1;5;2;1;1;3;4;1;1
330273;22,649;1;5;3;2;1;1;4;1;1
331773;22,739;1;2;4;1;5;1;3;1;1
333273;22,825;1;4;2;1;1;1;3;1;1
334773;22,912;1;1;4;1;3;1;2;1;1
336273;23,005;5;3;2;1;1;1;4;1;1
337773;23,101;1;5;2;1;1;6;4;1;3
339273;23,255;1;6;4;3;1;2;5;1;1
340773;23,346;1;5;3;1;1;4;2;1;1
342273;23,433;1;2;1;1;1;4;3;1;1
343773;23,535;1;5;1;1;3;4;2;1;1
345273;23,705;5;1;1;1;3;4;1;1;1
346807;23,895;3;1;1;1;2;1;1;1;4
348307;24,038;2;1;1;3;1;5;1;1;4
349807;24,118;2;1;1;3;1;1;1;1;4
351307;24,235;1;1;5;2;1;4;1;1;3
352807;24,41;1;6;3;2;1;1;5;1;4
354307;24,502;1;5;2;1;1;1;3;1;4
355807;24,597;1;1;3;1;5;1;4;1;2
357307;24,688;1;1;3;1;4;1;2;1;1
358807;24,773;2;1;3;1;1;1;5;1;4
360307;24,86;2;1;1;1;1;5;4;1;3
361807;24,948;3;1;1;1;1;5;2;1;4
363336;25,041;1;4;1;1;1;5;2;1;3
364836;25,126;1;4;1;1;1;3;2;1;1
366336;25,215;1;3;1;1;1;5;4;1;2
367836;25,303;1;5;2;1;1;1;3;1;4
369336;25,396;1;4;3;1;1;1;1;1;2
370836;25,483;6;5;4;1;1;1;3;1;2
372336;25,544;3;2;1;1;1;1;5;1;4
373836;25,606;2;4;1;1;1;1;1;1;3
375336;25,679;2;3;1;1;1;6;5;1;4
376836;25,766;4;1;1;1;1;5;3;1;2
378336;25,848;1;1;1;1;1;3;4;1;2
379870;25,914;4;1;2;1;1;1;5;1;3
381370;25,983;3;1;4;5;1;1;2;1;1
382870;26,062;3;1;1;2;1;1;4;1;1
384370;26,146;1;3;2;5;1;1;4;1;1
385870;26,225;1;3;2;4;1;1;5;1;1
387370;26,31;1;1;5;2;1;3;4;1;1
388870;26,395;1;1;3;2;1;1;5;1;4
390370;26,486;1;1;4;2;1;1;3;1;1
391870;26,57;3;1;2;1;1;1;5;1;4
393370;26,652;3;1;1;1;1;1;2;1;4
394870;26,737;4;1;2;1;1;1;5;1;3
396394;26,825;2;1;4;1;1;1;5;1;3
397894;26,912;4;1;1;1;5;1;3;1;2
399394;26,996;1;1;1;2;5;1;4;1;3
400894;27,079;1;1;1;2;1;1;4;1;3
402394;27,162;1;1;1;2;1;1;4;1;3
403894;27,249;1;2;1;4;1;1;5;1;3
405394;27,343;1;1;5;2;1;4;3;1;6
406894;27,413;6;1;1;2;1;3;5;1;4
408394;27,473;1;1;1;2;1;5;4;1;3
409894;27,534;1;1;1;1;1;4;3;1;2
411394;27,598;1;1;1;3;4;5;2;1;1
412926;27,664;1;1;1;3;5;4;2;1;1
414426;27,748;1;1;1;2;4;5;3;1;1
415926;27,833;4;1;1;5;2;3;1;1;1
417426;27,914;3;1;1;4;2;1;1;1;1
418926;28,001;4;1;1;2;5;1;1;1;3
420426;28,082;1;1;1;2;4;1;1;1;3
421926;28,167;1;2;1;3;4;1;1;1;5
423426;28,268;1;1;6;4;5;1;3;1;2
424926;28,351;1;1;5;1;4;1;3;1;2
426426;28,437;1;1;3;1;2;5;1;1;4
427926;28,518;1;1;1;1;3;4;1;1;2
429451;28,606;1;1;2;1;4;5;1;1;3
430951;28,675;1;3;2;1;1;5;1;1;4
432451;28,735;1;2;3;5;1;1;1;1;4
433951;28,802;1;5;3;4;1;1;2;1;1
435451;28,891;1;2;4;3;1;1;1;1;1
436951;28,976;1;4;1;2;1;1;3;1;1
438451;29,068;2;3;4;5;1;1;6;1;1
439951;29,152;4;5;1;3;1;2;6;1;1
441451;29,243;5;3;1;2;1;6;4;1;1
442951;29,323;1;2;1;3;1;5;4;1;1
444451;29,4;1;4;1;2;1;1;3;1;1
445977;29,481;1;2;1;3;1;1;4;1;1
447477;29,561;1;6;4;1;3;5;1;1;1
448977;29,638;1;1;3;1;2;4;1;1;1
450477;29,72;4;2;6;1;1;5;1;1;3
451977;29,806;1;3;4;1;1;2;1;1;5
453477;29,883;1;1;2;1;1;4;1;1;3
454977;29,962;1;6;3;2;1;5;4;1;1
456477;30,039;1;1;2;3;1;5;4;1;1
457977;30,126;1;1;2;3;1;5;4;1;1
459477;30,208;4;1;1;2;1;3;5;1;1
460977;30,285;1;1;1;2;1;4;3;1;1
462504;30,371;1;1;1;2;1;5;4;1;3
464004;30,459;1;1;1;2;1;3;5;1;4
465504;30,539;1;1;1;2;1;4;3;1;1
467004;30,623;1;1;5;6;2;4;1;1;3
468504;30,706;1;1;3;5;1;2;1;1;4
470004;30,785;2;1;1;3;1;5;1;1;4
471504;30,863;1;1;1;4;1;2;1;1;3
473004;30,946;1;4;1;3;1;5;1;1;2
474504;31,03;1;1;1;2;1;5;4;1;3
476004;31,128;1;1;1;3;1;5;4;1;2
477504;31,213;1;1;1;2;1;5;4;1;3
479030;31,284;1;1;1;2;1;1;4;1;3
480530;31,356;1;1;1;2;1;5;3;1;4
482030;31,434;1;1;1;4;1;5;3;1;2
483530;31,519;1;1;1;1;1;4;3;1;2
485030;31,607;1;1;1;2;4;5;3;1;1
486530;31,694;1;1;1;2;4;5;3;1;1
488030;31,78;1;1;1;1;2;4;3;1;1
489530;31,867;4;1;1;2;1;5;3;1;1
491030;31,965;2;3;1;4;1;1;5;1;1
492530;32,053;5;4;1;3;1;1;1;1;2
494030;32,136;1;2;1;4;1;1;1;1;3
495557;32,224;1;4;1;3;1;1;1;1;2
497057;32,312;1;5;3;4;6;1;1;1;2
498557;32,402;1;1;4;5;2;6;1;1;3
500057;32,493;1;1;4;5;1;2;6;1;3
501557;32,582;1;1;2;3;1;1;5;1;4
503057;32,674;1;1;3;4;1;1;2;1;1
504557;32,763;5;1;1;2;1;1;3;1;4
506057;32,85;4;5;1;1;1;1;2;1;3
507557;32,931;1;3;1;1;2;1;5;1;4
509057;33,02;1;1;1;1;4;5;3;1;2
510557;33,108;1;1;1;1;1;2;4;1;3
512088;33,205;1;1;5;1;2;1;3;1;4
513588;33,301;1;1;2;3;4;1;5;1;1
515088;33,401;5;1;4;2;3;1;1;1;1
516588;33,494;5;1;2;3;4;1;1;1;1
518088;33,58;1;1;4;2;3;1;1;1;1
519588;33,671;1;1;3;2;4;5;1;1;1
521088;33,763;1;1;3;4;1;5;1;1;2
522588;33,854;1;1;1;3;1;5;4;1;2
524088;33,94;1;1;1;3;1;4;2;1;1
525588;34,028;1;1;1;2;1;5;4;1;3
527088;34,117;1;1;1;4;1;5;3;1;2
528619;34,213;1;1;1;3;1;5;4;1;2
530119;34,28;1;1;4;2;1;5;3;1;1
531619;34,36;1;1;1;2;1;4;3;1;1
533119;34,444;1;1;2;3;1;4;1;1;1
534619;34,527;1;1;2;1;1;4;3;1;1
536119;34,62;3;6;2;4;1;1;5;1;1
538119;34,747;1;6;2;3;5;1;4;1;7
539619;34,837;1;1;1;3;2;1;5;1;4
541119;34,922;1;1;1;2;1;1;4;1;3
542619;35,007;1;1;1;4;3;1;2;1;1
544119;35,097;1;1;1;3;1;5;4;1;2
545643;35,192;5;1;2;6;1;1;4;1;3
547143;35,283;3;2;6;1;1;1;4;1;5
548643;35,375;2;1;4;1;1;1;3;1;5
550143;35,461;2;1;3;1;1;1;4;1;1
551643;35,548;1;1;4;1;5;1;3;1;2
553143;35,637;1;1;2;1;1;5;4;1;3
554643;35,724;1;1;1;2;1;5;4;1;3
556143;35,817;1;2;1;5;1;3;1;1;4
557643;35,9;1;1;1;3;1;4;1;1;2
559143;35,989;1;2;1;5;1;4;1;1;3
560643;36,077;1;1;1;4;2;5;1;1;3
562174;36,169;1;1;3;5;1;2;1;1;4
563674;36,255;1;1;2;3;1;5;4;1;1
565174;36,34;1;1;1;4;1;3;2;1;1
566674;36,425;1;1;2;3;1;1;4;1;1
568174;36,515;4;3;2;5;1;1;6;1;1
569674;36,61;1;5;6;2;4;1;3;1;1
571174;36,703;1;1;2;4;5;1;6;1;3
572674;36,789;1;1;1;3;5;1;4;1;2
574174;36,875;1;1;1;4;3;1;2;1;1
575674;36,965;1;1;1;3;1;5;4;1;2
577174;37,055;2;1;1;3;1;5;4;1;1
578701;37,145;1;4;1;2;1;5;3;1;1
580201;37,237;1;2;3;4;1;1;5;1;1
581701;37,316;1;1;3;4;1;1;2;1;1
583201;37,406;1;1;2;4;3;1;5;1;1
584701;37,5;1;1;1;2;5;1;4;1;3
586201;37,57;2;1;1;3;1;1;5;1;4
587701;37,649;5;1;1;1;1;4;3;1;2
589201;37,731;1;1;1;1;1;2;3;1;4
590701;37,815;2;1;1;1;1;5;4;1;3
592201;37,901;2;1;3;1;1;5;1;1;4
593701;37,986;2;1;3;1;1;5;1;1;4
595231;38,072;2;1;1;4;1;5;1;1;3
596731;38,151;1;1;1;2;1;4;1;1;3
598231;38,231;2;1;1;1;1;4;1;1;3
599731;38,316;5;1;1;6;1;2;4;1;3
601231;38,402;1;1;1;2;1;5;4;1;3
602731;38,493;1;1;2;4;1;6;3;1;5
604231;38,588;1;1;1;3;1;5;4;1;2
605731;38,674;1;1;1;2;1;1;4;1;3
607231;38,757;1;1;1;2;1;1;4;1;3
608731;38,833;2;1;1;3;1;4;1;1;5
610231;38,911;1;3;1;4;1;2;1;1;5
611760;38,977;1;1;2;4;1;3;1;1;5
613260;39,042;1;1;2;4;1;5;1;1;3
614760;39,102;1;1;1;3;1;4;1;1;2
616260;39,173;1;1;2;3;1;1;5;1;4
617760;39,262;2;1;1;3;1;1;4;1;5
619260;39,351;2;3;1;5;1;1;4;1;1
620760;39,435;3;1;1;2;1;1;4;1;1
622260;39,518;4;2;1;3;1;1;1;1;1
623760;39,605;2;3;1;4;1;1;5;1;1
625260;39,694;6;4;2;1;5;1;3;1;1
626760;39,783;1;5;2;1;6;1;4;1;3
628287;39,877;1;4;2;1;1;1;5;1;3
629787;39,964;1;4;3;1;1;1;1;1;2
631287;40,051;1;1;3;1;1;1;4;1;2
632787;40,145;1;5;6;2;1;3;4;1;1
634287;40,236;5;4;3;2;1;1;6;1;1
635787;40,326;4;6;1;3;2;1;5;1;1
637287;40,414;3;2;1;4;1;1;5;1;1
638787;40,494;1;4;1;3;1;1;2;1;1
640287;40,584;2;3;1;5;1;1;4;1;1
641787;40,67;1;4;1;3;1;2;5;1;1
643287;40,759;1;2;3;4;1;1;5;1;1
644806;40,853;1;4;2;3;1;1;5;1;1
646306;40,937;1;4;1;2;1;1;3;1;1
647806;41,017;1;4;1;3;1;1;2;1;1
649306;41,105;4;6;3;5;1;1;2;1;1
650806;41,195;4;3;5;6;1;2;1;1;1
652306;41,269;2;3;4;5;1;1;1;1;1
653806;41,358;4;5;2;3;1;1;1;1;1
655306;41,423;3;4;1;2;1;1;1;1;1
656806;41,476;3;4;1;2;1;1;1;1;1
658306;41,536;4;5;1;2;1;1;3;1;1
659806;41,625;6;5;1;2;1;4;3;1;1
661329;41,698;2;5;1;1;1;4;3;1;1
662829;41,755;3;4;1;1;1;2;1;1;1
664329;41,816;3;4;1;1;2;1;5;1;1
665829;41,878;1;2;3;1;5;1;4;1;1
667329;41,937;1;1;4;1;2;1;3;1;1
668829;41,999;1;2;3;4;1;1;5;1;1
670329;42,061;1;1;3;2;1;1;4;1;1
671829;42,125;1;1;2;4;1;6;5;1;3
673329;42,188;5;1;4;1;1;2;6;1;3
674829;42,248;3;1;1;1;1;2;5;1;4
676329;42,313;2;1;1;1;1;5;4;1;3
677857;42,395;3;1;1;1;1;4;2;1;1
679357;42,482;2;3;1;1;1;4;1;1;5
680857;42,564;2;4;1;1;1;5;1;1;3
682357;42,627;5;1;2;1;1;4;1;1;3
683857;42,683;3;1;1;1;1;4;1;1;2
685357;42,757;3;1;4;1;1;2;1;1;5
686857;42,841;5;1;2;1;1;4;3;1;1
688357;42,921;2;1;1;1;1;4;3;1;1
689857;43,008;2;3;4;5;1;1;6;1;1
691357;43,08;2;1;5;4;1;1;3;1;1
692857;43,149;1;1;3;2;1;1;4;1;1
694387;43,216;4;1;5;2;1;1;3;1;1
695887;43,273;1;1;4;3;2;1;1;1;1
697387;43,354;3;1;4;5;1;2;1;1;1
698887;43,436;1;3;2;5;1;4;1;1;1
700387;43,526;1;2;1;4;1;3;1;1;1
701887;43,612;1;2;3;4;1;1;5;1;1
703387;43,701;1;1;4;2;1;1;5;1;3
704887;43,785;1;1;2;3;5;1;4;1;1
706387;43,871;4;1;3;2;1;1;1;1;1
707887;43,957;1;1;3;4;2;1;1;1;1
709387;44,039;2;1;4;5;1;3;1;1;1
710909;44,126;2;3;4;5;1;1;1;1;1
712409;44,213;6;5;1;2;1;1;4;1;3
713909;44,301;1;2;1;4;1;1;5;1;3
714909;44,354;1;2;1;1;1;1;1;1;3
716409;44,438;1;2;1;3;1;1;1;1;4
717909;44,505;1;2;1;4;1;5;1;1;3
719409;44,588;1;5;2;3;1;4;1;1;1
720909;44,67;6;4;3;2;1;1;1;1;1
722409;44,744;3;4;2;1;1;1;1;1;1
723909;44,819;4;1;2;3;1;1;1;1;1
725409;44,9;5;3;2;4;1;1;1;1;1
726934;44,987;5;4;2;1;1;1;1;1;3
728434;45,113;2;4;3;1;1;1;1;1;5
729934;45,197;2;3;1;1;1;1;5;1;4
731434;45,276;1;4;1;1;1;1;3;1;2
732434;45,325;1;2;1;1;1;1;1;1;3
733934;45,408;5;1;1;2;3;1;1;1;4
735434;45,485;4;1;1;1;3;1;1;1;2
736934;45,588;5;1;6;1;3;4;1;1;2
738434;45,674;2;1;4;1;3;6;1;1;5
739934;45,756;2;1;3;1;1;4;1;1;5
741434;45,827;1;3;2;1;1;5;1;1;4
742963;45,912;1;3;2;1;1;4;1;1;1
744463;45,999;1;2;1;4;1;5;1;1;3
745963;46,079;1;1;1;3;1;4;1;1;2
747463;46,218;1;2;1;4;1;6;5;1;3
748963;46,297;5;1;1;2;1;6;4;1;3
750463;46,367;1;1;1;2;1;4;1;1;3
751963;46,442;1;1;2;3;1;5;1;1;4
753463;46,526;1;1;1;4;1;3;1;1;2
754963;46,615;1;1;2;3;1;1;1;1;4
756963;46,747;1;3;2;4;1;7;6;1;5
758463;46,835;1;1;1;2;1;5;4;1;3
759982;46,92;1;1;1;3;1;4;1;1;2
761482;47,001;3;1;1;1;1;4;1;1;2
762982;47,087;4;1;1;1;1;3;1;1;2
764482;47,174;5;1;1;3;1;2;1;1;4
765982;47,27;1;2;1;3;1;6;5;1;4
767482;47,365;1;2;1;1;5;6;3;1;4
768982;47,451;1;3;1;1;1;2;1;1;4
770482;47,53;1;2;1;1;1;4;1;1;3
771982;47,601;1;4;1;1;2;3;1;1;1
773482;47,685;1;4;2;1;3;6;1;1;5
775482;47,804;1;3;2;5;1;4;7;1;6
777011;47,895;