Iteration;Time;TD-0;TD-1;TD-2;TD-3;TD-4;TD-5;TD-6;TD-7;TD-8;
2094;0,946;4;4;0;0;0;0;4;0;4
3594;1,097;3;3;0;4;0;0;3;0;3
5125;1,267;2;2;0;3;0;0;2;0;2
6667;1,371;1;1;0;2;0;0;1;0;1
8167;1,716;0;0;0;1;0;0;0;0;0
10218;1,963;0;5;4;0;0;0;5;0;0
11718;2,051;0;4;3;5;0;0;4;0;0
13218;2,2;0;3;2;4;0;0;3;0;4
14745;2,32;0;2;1;3;0;0;2;0;3
16245;2,462;0;1;0;2;0;0;1;0;2
17745;2,619;0;0;0;1;4;0;0;0;1
19245;2,721;0;0;0;0;3;0;6;0;0
21277;2,908;0;0;4;0;2;0;5;0;5
22777;2,991;4;0;3;0;1;0;4;0;4
24277;3,071;3;0;2;0;0;0;3;0;3
25777;3,173;2;0;1;4;0;0;2;0;2
27277;3,287;1;0;0;3;0;0;1;0;1
28802;3,421;0;0;0;2;0;0;0;4;0
30802;3,546;0;0;4;1;0;0;7;3;0
32302;3,631;0;0;3;0;0;4;6;2;0
33802;3,722;0;0;2;0;4;3;5;1;0
35302;3,805;0;0;1;0;3;2;4;0;0
36802;3,887;0;0;0;4;2;1;3;0;0
38325;3,978;0;4;0;3;1;0;2;4;0
39825;4,062;4;3;0;2;0;0;1;3;0
41325;4,145;3;2;0;1;0;0;0;2;0
42825;4,234;2;1;0;0;0;0;8;1;0
44325;4,318;1;0;0;0;0;4;99;0;0
45825;4,409;0;0;0;0;0;3;99;0;4
47325;4,501;0;0;0;0;4;2;99;4;3
48846;4,59;4;0;0;0;3;1;99;3;2
49846;4,644;3;0;0;0;2;0;99;2;1
51346;4,744;2;0;0;0;1;0;99;1;0
52846;4,84;1;0;0;0;0;0;99;0;5
54346;4,952;0;0;4;0;0;0;99;0;4
55846;5,085;0;0;3;4;0;0;99;4;3
57346;5,189;0;0;2;3;0;0;99;3;2
58846;5,288;0;0;1;2;0;0;99;2;1
60358;5,382;4;0;0;1;0;0;99;1;0
61858;5,493;3;0;5;0;0;0;99;0;0
63358;5,581;2;0;4;0;0;0;99;0;4
64858;5,668;1;4;3;0;0;0;99;4;3
65858;5,72;0;3;2;0;0;0;99;3;2
67358;5,802;0;2;1;0;0;0;99;2;1
68858;5,888;4;1;0;0;0;0;99;1;0
70358;5,973;3;0;0;4;0;0;99;0;0
71858;6,061;2;0;0;3;0;4;99;0;0
73380;6,158;1;4;0;2;0;3;99;4;0
74380;6,208;0;3;0;1;0;2;99;3;0
75880;6,285;0;2;0;0;0;1;99;2;0
77380;6,368;4;1;0;0;0;0;99;1;4
78880;6,452;3;0;0;0;0;0;99;0;3
80380;6,544;2;0;0;4;0;0;99;0;2
81880;6,634;1;0;0;3;4;0;99;4;1
82880;6,686;0;0;0;2;3;0;99;3;0
84380;6,771;0;0;4;1;2;0;99;2;0
85880;6,857;4;0;3;0;1;0;99;1;0
87396;6,952;3;0;2;0;0;0;99;0;0
88896;7,035;2;0;1;0;0;0;99;5;4
90396;7,112;1;0;0;0;0;0;99;4;3
91896;7,188;0;0;5;0;0;0;99;3;2
93396;7,267;5;0;4;0;4;0;99;2;1
94396;7,317;4;0;3;0;3;0;99;1;0
95896;7,399;3;0;2;0;2;0;99;0;0
97396;7,483;2;0;1;4;1;0;99;0;0
98896;7,568;1;0;0;3;0;0;99;4;0
100396;7,652;0;0;6;2;0;0;99;3;0
101896;7,784;0;4;5;1;0;0;99;2;0
103419;7,949;4;3;4;0;0;0;99;1;0
104919;8,039;3;2;3;0;0;0;99;0;0
106419;8,268;2;1;2;4;0;0;99;0;0
107919;8,445;1;0;1;3;0;0;99;4;0
109419;8,631;0;0;0;2;0;0;99;3;0
110919;8,787;0;4;0;1;0;0;99;2;0
112419;8,875;4;3;0;0;0;4;99;1;0
113919;8,996;3;2;0;0;0;3;99;0;0
115419;9,18;2;1;0;0;0;2;99;5;0
116919;9,334;1;0;0;0;0;1;99;4;0
118419;9,497;0;0;0;4;0;0;99;3;0
119945;9,641;0;0;4;3;0;0;99;2;0
121445;9,752;0;0;3;2;0;0;99;1;4
122945;9,828;0;0;2;1;0;0;99;0;3
124445;9,917;0;0;1;0;0;4;99;0;2
125945;9,997;0;0;0;0;4;3;99;4;1
127445;10,073;4;0;0;0;3;2;99;3;0
128945;10,152;3;0;0;0;2;1;99;2;0
130445;10,227;2;0;0;0;1;0;99;1;0
131945;10,309;1;0;4;0;0;0;99;0;0
133445;10,389;0;0;3;0;0;0;99;0;4
134945;10,466;0;0;2;0;0;4;99;4;3
136462;10,537;0;0;1;0;0;3;99;3;2
137962;10,612;4;0;0;0;0;2;99;2;1
139462;10,682;3;0;0;0;0;1;99;1;0
140962;10,758;2;0;0;0;0;0;99;0;5
142462;10,843;1;0;0;0;0;5;99;0;4
143962;10,913;0;0;0;0;4;4;99;4;3
145462;10,988;0;0;0;0;3;3;99;3;2
146962;11,049;4;0;0;0;2;2;99;2;1
147962;11,094;3;0;0;0;1;1;99;1;0
149462;11,171;2;0;0;0;0;0;99;0;0
151462;11,286;1;0;4;4;0;0;99;0;0
152989;11,371;0;0;3;3;0;4;99;4;0
154489;11,458;0;0;2;2;0;3;99;3;0
155989;11,554;0;0;1;1;0;2;99;2;0
157489;11,637;0;0;0;0;0;1;99;1;0
158989;11,724;0;0;5;0;0;0;99;0;0
160989;11,851;0;4;4;0;0;0;99;0;4
162489;11,937;0;3;3;0;0;4;99;4;3
163489;11,989;0;2;2;0;0;3;99;3;2
164489;12,039;0;1;1;0;0;2;99;2;1
165489;12,097;0;0;0;0;0;1;99;1;0
166989;12,189;0;0;6;0;0;0;99;0;0
169023;12,316;0;0;5;4;0;5;99;0;0
170523;12,416;0;0;4;3;0;4;99;4;4
171523;12,467;0;0;3;2;0;3;99;3;3
172523;12,515;0;0;2;1;0;2;99;2;2
173523;12,564;0;0;1;0;0;1;99;1;1
175023;12,648;0;0;0;0;0;0;99;0;0
177023;12,78;4;0;7;0;0;6;99;0;0
178523;12,891;3;0;6;0;0;5;99;4;4
179523;12,954;2;0;5;0;0;4;99;3;3
180523;13,016;1;0;4;0;0;3;99;2;2
181523;13,075;0;0;3;0;0;2;99;1;1
183049;13,173;0;0;2;0;0;1;99;0;0
184549;13,277;0;0;1;0;0;0;99;0;5
186049;13,382;4;0;0;0;0;0;99;4;4
187549;13,524;3;0;8;0;0;0;99;3;3
189049;13,63;2;0;7;0;0;0;99;2;2
190549;13,727;1;0;6;0;0;0;99;1;1
192049;13,906;0;0;5;0;0;0;99;0;0
194049;14,196;0;0;4;0;0;4;99;5;0
195549;14,287;0;0;3;0;0;3;99;4;4
197049;14,371;0;0;2;0;0;2;99;3;3
198549;14,455;0;0;1;0;0;1;99;2;2
200071;14,543;0;0;0;0;0;0;99;1;1
201571;14,629;0;4;0;0;0;0;99;0;0
203571;14,749;4;3;4;0;0;0;99;0;0
205071;14,836;3;2;3;0;0;0;99;4;0
206571;14,937;2;1;2;0;0;0;99;3;0
208071;15,023;1;0;1;0;0;0;99;2;0
209571;15,109;0;0;0;4;0;0;99;1;0
211071;15,196;0;0;5;3;0;0;99;0;0
212571;15,288;0;0;4;2;0;0;99;5;0
214071;15,373;4;0;3;1;0;0;99;4;0
215571;15,449;3;0;2;0;0;0;99;3;0
217092;15,529;2;0;1;0;0;4;99;2;0
218592;15,596;1;0;0;0;0;3;99;1;0
220092;15,659;0;0;0;0;0;2;99;0;4
221592;15,745;0;0;0;0;4;1;99;0;3
223092;15,825;0;0;0;0;3;0;99;4;2
224592;15,895;0;0;4;0;2;0;99;3;1
226092;15,973;0;0;3;0;1;0;99;2;0
227592;16,057;0;0;2;4;0;0;99;1;0
229092;16,136;0;4;1;3;0;0;99;0;0
230592;16,236;0;3;0;2;0;0;99;0;4
232092;16,405;4;2;0;1;0;0;99;4;3
233105;16,463;3;1;0;0;0;0;99;3;2
234605;16,543;2;0;0;0;0;0;99;2;1
236105;16,632;1;0;4;0;0;0;99;1;0
237605;16,716;0;0;3;4;0;0;99;0;0
239105;16,806;0;4;2;3;0;0;99;0;0
240605;16,894;0;3;1;2;0;0;99;4;0
242105;16,979;0;2;0;1;0;0;99;3;0
243605;17,076;4;1;0;0;0;0;99;2;0
245105;17,162;3;0;4;0;0;0;99;1;0
246605;17,249;2;0;3;4;0;0;99;0;0
248105;17,341;1;0;2;3;0;0;99;5;0
249626;17,43;0;0;1;2;0;0;99;4;0
251126;17,516;0;4;0;1;0;0;99;3;0
252626;17,602;4;3;0;0;0;0;99;2;0
254126;17,699;3;2;0;5;0;0;99;1;0
255626;17,783;2;1;0;4;0;0;99;0;0
257126;17,868;1;0;0;3;0;0;99;6;0
258626;17,963;0;0;0;2;0;4;99;5;0
260126;18,042;0;4;0;1;0;3;99;4;0
261626;18,12;0;3;0;0;0;2;99;3;0
263126;18,203;0;2;0;6;0;1;99;2;0
264626;18,279;0;1;0;5;0;0;99;1;0
266151;18,37;0;0;4;4;0;0;99;0;0
267651;18,459;4;0;3;3;0;0;99;7;0
269151;18,544;3;0;2;2;0;0;99;6;0
270651;18,628;2;0;1;1;0;0;99;5;0
272151;18,713;1;0;0;0;0;0;99;4;0
273651;18,802;0;0;0;0;0;4;99;3;0
275151;18,886;0;0;0;0;4;3;99;2;0
276651;18,966;4;0;0;0;3;2;99;1;0
278151;19,044;3;0;0;0;2;1;99;0;0
279651;19,129;2;0;4;0;1;0;99;0;0
281151;19,211;1;0;3;4;0;0;99;4;0
282674;19,3;0;0;2;3;0;0;99;3;0
284174;19,383;5;0;1;2;0;0;99;2;0
285674;19,469;4;0;0;1;0;0;99;1;0
287174;19,556;3;0;5;0;0;0;99;0;0
288674;19,645;2;0;4;0;4;0;99;0;0
290174;19,733;1;0;3;0;3;0;99;4;0
291674;19,821;0;0;2;0;2;0;99;3;0
293174;19,905;6;0;1;0;1;0;99;2;0
294674;20,001;5;0;0;0;0;0;99;1;0
296174;20,088;4;0;6;0;0;0;99;0;0
297674;20,21;3;0;5;0;0;0;99;5;0
299193;20,295;2;0;4;4;0;0;99;4;0
300693;20,374;1;0;3;3;0;0;99;3;0
302193;20,455;0;0;2;2;0;0;99;2;0
303693;20,545;0;0;1;1;0;0;99;1;4
305193;20,629;0;0;0;0;0;0;99;0;3
307193;20,757;0;0;7;0;0;0;99;6;2
308693;20,842;4;0;6;0;0;0;99;5;1
310193;20,924;3;0;5;0;0;0;99;4;0
311693;21,008;2;0;4;4;0;0;99;3;0
313193;21,094;1;0;3;3;0;0;99;2;0
314693;21,177;0;0;2;2;0;0;99;1;0
316224;21,269;0;0;1;1;0;4;99;0;0
317724;21,375;0;4;0;0;0;3;99;0;0
319224;21,464;0;3;0;0;4;2;99;4;0
320724;21,545;0;2;0;0;3;1;99;3;0
322224;21,622;0;1;0;0;2;0;99;2;0
323724;21,709;4;0;0;0;1;0;99;1;0
325224;21,797;3;5;0;0;0;0;99;0;0
326724;21,885;2;4;4;0;0;0;99;0;0
328224;21,972;1;3;3;0;0;0;99;4;0
329724;22,052;0;2;2;0;0;0;99;3;0
331224;22,199;5;1;1;0;0;0;99;2;0
332749;22,281;4;0;0;0;0;0;99;1;0
334249;22,374;3;0;0;4;0;0;99;0;0
335749;22,461;2;0;0;3;0;0;99;5;0
337249;22,551;1;0;0;2;0;4;99;4;0
338749;22,636;0;0;0;1;0;3;99;3;0
340249;22,723;0;0;0;0;4;2;99;2;0
341749;22,808;0;0;0;0;3;1;99;1;4
343249;22,885;0;0;0;0;2;0;99;0;3
344749;22,977;4;0;0;0;1;0;99;6;2
346249;23,065;3;0;0;0;0;0;99;5;1
347749;23,154;2;0;0;4;0;0;99;4;0
349279;23,246;1;0;4;3;0;0;99;3;0
350779;23,328;0;0;3;2;0;0;99;2;0
352279;23,413;5;0;2;1;0;0;99;1;0
353779;23,496;4;0;1;0;0;0;99;0;0
355279;23,576;3;0;0;0;0;0;99;7;0
356779;23,658;2;0;0;0;4;0;99;6;0
358279;23,74;1;0;4;0;3;0;99;5;0
359779;23,82;0;0;3;0;2;0;99;4;0
361279;23,902;6;0;2;0;1;0;99;3;0
362779;23,981;5;0;1;0;0;0;99;2;0
364279;24,126;4;0;0;0;0;4;99;1;0
365801;24,286;3;0;5;0;0;3;99;0;0
367301;24,368;2;0;4;0;0;2;99;0;4
368801;24,445;1;0;3;0;0;1;99;4;3
369801;24,496;0;0;2;0;0;0;99;3;2
371301;24,596;0;0;1;4;0;0;99;2;1
372801;24,712;0;0;0;3;0;0;99;1;0
374301;24,884;4;0;0;2;4;0;99;0;0
375801;25,028;3;0;4;1;3;0;99;0;0
377301;25,112;2;0;3;0;2;0;99;4;0
378801;25,196;1;0;2;0;1;0;99;3;0
380301;25,281;0;0;1;0;0;0;99;2;0
381820;25,38;5;0;0;0;0;0;99;1;0
383320;25,474;4;0;0;0;0;4;99;0;0
384820;25,568;3;0;0;0;0;3;99;5;0
386320;25,664;2;0;4;0;0;2;99;4;0
387820;25,75;1;0;3;0;0;1;99;3;0
389320;25,841;0;0;2;0;0;0;99;2;0
390820;25,934;6;0;1;0;0;0;99;1;0
392320;26,024;5;0;0;0;4;0;99;0;0
393820;26,128;4;0;5;0;3;0;99;6;0
395320;26,2;3;0;4;0;2;0;99;5;0
396820;26,267;2;0;3;0;1;0;99;4;0
398348;26,329;1;0;2;0;0;0;99;3;0
399848;26,393;0;0;1;0;5;0;99;2;0
401348;26,468;7;0;0;0;4;0;99;1;0
402848;26,534;6;0;6;0;3;0;99;0;0
404348;26,597;5;0;5;4;2;0;99;0;0
405848;26,674;4;0;4;3;1;0;99;4;0
406848;26,726;3;0;3;2;0;0;99;3;0
408348;26,793;2;0;2;1;0;0;99;2;0
409848;26,854;1;0;1;0;0;0;99;1;0
411348;26,914;0;0;0;0;0;4;99;0;0
413348;27,001;0;0;7;0;0;3;99;0;4
414873;27,063;0;0;6;4;0;2;99;4;3
415873;27,102;0;0;5;3;0;1;99;3;2
416873;27,141;0;0;4;2;0;0;99;2;1
418373;27,198;0;0;3;1;0;0;99;1;0
419873;27,258;4;0;2;0;0;0;99;0;0
421373;27,32;3;0;1;0;4;0;99;5;0
422873;27,378;2;0;0;0;3;0;99;4;0
424373;27,44;1;0;8;0;2;0;99;3;0
425873;27,515;0;0;7;0;1;0;99;2;0
427373;27,602;0;0;6;0;0;4;99;1;0
428873;27,69;0;0;5;4;0;3;99;0;0
430398;27,783;0;0;4;3;0;2;99;0;4
431898;27,869;0;0;3;2;0;1;99;4;3
432898;27,923;0;0;2;1;0;0;99;3;2
434398;28,007;0;0;1;0;0;0;99;2;1
435898;28,096;0;0;0;0;0;0;99;1;0
437898;28,218;4;0;0;0;4;0;99;0;5
439398;28,306;3;0;0;0;3;0;99;0;4
440898;28,384;2;0;0;4;2;0;99;4;3
441898;28,435;1;0;0;3;1;0;99;3;2
442898;28,486;0;0;0;2;0;0;99;2;1
444398;28,57;5;0;0;1;0;0;99;1;0
445925;28,657;4;0;0;0;0;4;99;0;0
447425;28,742;3;0;0;0;0;3;99;0;4
448925;28,825;2;4;0;0;0;2;99;4;3
449925;28,875;1;3;0;0;0;1;99;3;2
450925;28,925;0;2;0;0;0;0;99;2;1
452425;29,01;6;1;0;0;0;0;99;1;0
453925;29,087;5;0;4;0;0;0;99;0;0
455425;29,172;4;0;3;0;0;0;99;5;0
456925;29,25;3;0;2;4;0;0;99;4;0
458425;29,329;2;0;1;3;0;0;99;3;0
459925;29,411;1;0;0;2;0;0;99;2;0
461453;29,478;0;0;5;1;0;0;99;1;0
462953;29,539;0;0;4;0;4;0;99;0;0
464453;29,62;0;0;3;5;3;0;99;6;0
465953;29,699;0;0;2;4;2;0;99;5;0
467453;29,783;0;0;1;3;1;0;99;4;0
468953;29,863;0;0;0;2;0;0;99;3;0
470453;29,941;0;0;6;1;0;0;99;2;0
471953;30,026;4;0;5;0;0;0;99;1;0
473453;30,101;3;0;4;0;4;0;99;0;0
474953;30,184;2;0;3;0;3;0;99;7;0
476453;30,265;1;0;2;0;2;0;99;6;0
477968;30,347;0;0;1;0;1;0;99;5;0
479468;30,428;0;0;0;4;0;0;99;4;0
480968;30,516;0;0;7;3;0;0;99;3;0
482468;30,611;4;0;6;2;0;0;99;2;0
483968;30,69;3;0;5;1;0;0;99;1;0
485468;30,778;2;0;4;0;0;0;99;0;0
486968;30,86;1;0;3;0;0;0;99;8;0
488468;30,949;0;0;2;0;0;0;99;99;4
489968;31,031;5;0;1;0;0;0;99;99;3
491468;31,142;4;0;0;0;0;0;99;99;2
492968;31,228;3;0;0;0;4;0;99;99;1
494491;31,313;2;0;0;0;3;0;99;99;0
495991;31,395;1;0;0;0;2;4;99;99;0
497491;31,476;0;0;0;0;1;3;99;99;0
498991;31,558;0;0;0;4;0;2;99;99;0
500491;31,644;0;0;4;3;0;1;99;99;0
501991;31,729;0;0;3;2;0;0;99;99;0
503491;31,816;0;0;2;1;0;5;99;99;0
504991;31,887;0;0;1;0;0;4;99;99;0
506491;31,967;4;0;0;0;0;3;99;99;4
507991;32,053;3;0;0;0;0;2;99;99;3
509491;32,135;2;0;0;0;0;1;99;99;2
511014;32,22;1;0;0;0;0;0;99;99;1
512514;32,308;0;0;4;0;0;0;99;99;0
514014;32,397;5;0;3;0;0;0;99;99;0
515514;32,484;4;0;2;4;0;0;99;99;0
517014;32,566;3;0;1;3;0;0;99;99;0
518514;32,65;2;0;0;2;0;0;99;99;0
520014;32,739;1;0;0;1;4;0;99;99;0
521514;32,823;0;0;0;0;3;0;99;99;0
523014;32,908;6;0;0;0;2;0;99;99;0
524514;32,967;5;4;0;0;1;0;99;99;0
526014;33,043;4;3;0;0;0;0;99;99;0
527537;33,115;3;2;0;4;0;0;99;99;0
529037;33,177;2;1;0;3;0;0;99;99;0
530537;33,248;1;0;0;2;0;0;99;99;0
532037;33,336;0;0;0;1;4;0;99;99;0
533537;33,422;7;0;0;0;3;0;99;99;0
535037;33,511;6;0;0;5;2;0;99;99;0
536537;33,596;5;0;0;4;1;0;99;99;0
538037;33,679;4;0;0;3;0;0;99;99;0
539537;33,767;3;0;0;2;5;0;99;99;0
541037;33,85;2;0;0;1;4;0;99;99;0
542537;33,933;1;0;0;0;3;0;99;99;0
544056;34,02;0;0;4;0;2;0;99;99;0
545556;34,106;0;0;3;0;1;4;99;99;0
547056;34,188;0;0;2;0;0;3;99;99;0
548556;34,278;4;0;1;0;0;2;99;99;0
550056;34,362;3;0;0;0;0;1;99;99;0
551556;34,451;2;0;0;0;0;0;99;99;4
553056;34,55;1;0;0;0;4;0;99;99;3
554556;34,632;0;0;0;0;3;0;99;99;2
556056;34,717;5;0;0;0;2;0;99;99;1
557556;34,779;4;0;0;0;1;0;99;99;0
559056;34,842;3;0;4;0;0;0;99;99;0
560583;34,908;2;0;3;0;0;4;99;99;0
562083;34,984;1;0;2;0;0;3;99;99;0
563583;35,067;0;0;1;0;0;2;99;99;0
565083;35,154;0;0;0;0;0;1;99;99;4
566583;35,24;4;0;0;0;0;0;99;99;3
568083;35,326;3;0;0;0;0;5;99;99;2
569583;35,406;2;0;0;0;0;4;99;99;1
571083;35,489;1;0;0;0;0;3;99;99;0
572583;35,578;0;0;0;0;0;2;99;99;5
574083;35,666;0;0;0;0;4;1;99;99;4
575583;35,749;0;0;0;0;3;0;99;99;3
577112;35,841;0;0;0;4;2;0;99;99;2
578612;35,926;0;0;0;3;1;0;99;99;1
580112;36,008;0;0;0;2;0;0;99;99;0
581612;36,089;4;0;0;1;0;0;99;99;0
583112;36,178;3;0;0;0;4;0;99;99;0
584612;36,265;2;0;4;0;3;0;99;99;0
586112;36,346;1;0;3;0;2;0;99;99;0
587612;36,426;0;0;2;0;1;0;99;99;0
589112;36,514;5;0;1;0;0;0;99;99;0
590612;36,601;4;0;0;0;5;0;99;99;0
592112;36,691;3;0;0;4;4;0;99;99;0
593637;36,782;2;0;0;3;3;0;99;99;0
595137;36,865;1;0;0;2;2;0;99;99;0
596637;36,95;0;0;0;1;1;0;99;99;0
598137;37,017;0;0;0;0;0;0;99;99;0
600137;37,143;4;0;0;5;0;0;99;99;0
601637;37,23;3;0;0;4;0;4;99;99;0
603137;37,306;2;0;0;3;0;3;99;99;0
604637;37,376;1;0;0;2;0;2;99;99;0
606137;37,461;0;0;0;1;0;1;99;99;0
607637;37,551;0;0;0;0;0;0;99;99;4
609137;37,645;0;0;0;6;0;0;99;99;3
610661;37,734;0;0;0;5;4;0;99;99;2
612161;37,815;0;0;0;4;3;0;99;99;1
613661;37,896;0;0;0;3;2;0;99;99;0
615161;37,981;0;0;0;2;1;0;99;99;0
616661;38,086;0;0;0;1;0;0;99;99;0
618161;38,195;4;0;0;0;5;0;99;99;0
619661;38,279;3;0;4;0;4;0;99;99;0
621161;38,356;2;0;3;0;3;0;99;99;0
622661;38,436;1;0;2;0;2;0;99;99;0
624161;38,518;0;0;1;0;1;0;99;99;0
625661;38,604;0;0;0;4;0;0;99;99;0
627189;38,695;0;0;5;3;0;0;99;99;0
628689;38,782;4;0;4;2;0;0;99;99;0
630189;38,863;3;0;3;1;0;0;99;99;0
631689;38,945;2;0;2;0;0;0;99;99;0
633189;39,038;1;0;1;0;0;4;99;99;0
634689;39,122;0;0;0;0;0;3;99;99;0
636189;39,21;0;0;0;0;4;2;99;99;0
637689;39,296;4;0;0;0;3;1;99;99;4
638689;39,347;3;0;0;0;2;0;99;99;3
640189;39,433;2;0;0;0;1;0;99;99;2
641689;39,516;1;0;0;0;0;0;99;99;1
643203;39,603;0;0;4;0;0;0;99;99;0
644703;39,695;5;0;3;0;0;0;99;99;0
646203;39,781;4;0;2;4;0;0;99;99;0
647703;39,865;3;0;1;3;0;0;99;99;0
649203;39,953;2;0;0;2;0;0;99;99;0
650703;40,04;1;0;0;1;4;0;99;99;0
652203;40,124;0;0;0;0;3;0;99;99;0
653703;40,214;0;0;0;0;2;0;99;99;4
655203;40,304;4;0;0;0;1;0;99;99;3
656703;40,388;3;0;0;0;0;0;99;99;2
658203;40,478;2;0;4;0;0;0;99;99;1
659724;40,562;1;0;3;0;0;0;99;99;0
661224;40,647;0;0;2;0;4;0;99;99;0
662724;40,733;5;0;1;0;3;0;99;99;0
664224;40,817;4;0;0;0;2;0;99;99;0
665724;40,904;3;0;5;0;1;0;99;99;0
667224;40,989;2;0;4;0;0;0;99;99;0
668724;41,061;1;0;3;0;5;0;99;99;0
670224;41,145;0;0;2;0;4;0;99;99;0
671724;41,22;6;0;1;0;3;0;99;99;0
673224;41,28;5;0;0;0;2;0;99;99;0
674724;41,344;4;0;0;0;1;4;99;99;0
676248;41,429;3;0;0;0;0;3;99;99;0
677748;41,486;2;0;0;0;6;2;99;99;0
679248;41,56;1;0;0;0;5;1;99;99;0
680748;41,637;0;0;0;0;4;0;99;99;0
682248;41,724;7;0;0;4;3;0;99;99;0
683748;41,806;6;0;0;3;2;0;99;99;0
685248;41,89;5;0;0;2;1;0;99;99;0
686748;41,973;4;0;0;1;0;0;99;99;0
688248;42,062;3;0;0;0;7;0;99;99;0
689748;42,151;2;0;0;5;6;0;99;99;0
691248;42,235;1;0;0;4;5;0;99;99;0
692768;42,319;0;0;0;3;4;0;99;99;0
694268;42,407;8;0;0;2;3;0;99;99;0
695768;42,488;7;0;0;1;2;0;99;99;0
697268;42,572;6;0;0;0;1;0;99;99;0
698768;42,647;5;0;0;0;0;4;99;99;0
700268;42,729;4;4;0;0;0;3;99;99;0
701768;42,804;3;3;0;0;0;2;99;99;0
703268;42,876;2;2;0;0;0;1;99;99;0
704768;42,955;1;1;0;0;0;0;99;99;0
706268;43,026;0;0;4;0;0;0;99;99;0
707768;43,092;0;0;3;0;4;0;99;99;0
709297;43,157;0;0;2;4;3;0;99;99;0
710797;43,216;0;0;1;3;2;0;99;99;0
712297;43,294;0;0;0;2;1;0;99;99;0
713797;43,377;0;4;0;1;0;0;99;99;0
715297;43,457;4;3;0;0;0;0;99;99;0
716797;43,542;3;2;4;0;0;0;99;99;0
718297;43,625;2;1;3;0;0;0;99;99;0
719797;43,708;1;0;2;0;0;0;99;99;0
721297;43,796;0;0;1;4;0;0;99;99;0
722797;43,881;5;0;0;3;0;0;99;99;0
724297;43,959;4;0;0;2;4;0;99;99;0
725823;44,042;3;0;0;1;3;0;99;99;0
727323;44,106;2;0;0;0;2;0;99;99;0
728823;44,189;1;0;0;5;1;0;99;99;0
730323;44,268;0;0;0;4;0;0;99;99;0
731823;44,354;0;0;4;3;0;0;99;99;0
733323;44,439;4;0;3;2;0;0;99;99;0
734823;44,521;3;0;2;1;0;0;99;99;0
736323;44,605;2;0;1;0;0;0;99;99;0
737823;44,687;1;0;0;6;0;0;99;99;0
739323;44,769;0;0;5;5;0;0;99;99;0
740823;44,851