Iteration;Time;TD-0;TD-1;TD-2;TD-3;TD-4;TD-5;TD-6;TD-7;TD-8;
2081;1,178;4;0;0;4;4;0;0;0;4
3581;1,356;3;0;4;3;3;0;0;4;3
4620;1,455;2;0;3;2;2;0;0;3;2
5620;1,557;1;0;2;1;1;0;0;2;1
6620;1,621;0;0;1;0;0;0;0;1;0
8659;1,817;0;0;0;5;0;0;0;0;5
10659;2,083;4;0;0;4;0;0;4;5;4
12159;2,26;3;0;0;3;0;0;3;4;3
13659;2,437;2;0;0;2;0;0;2;3;2
15185;2,526;1;0;0;1;0;0;1;2;1
16685;2,618;0;0;0;0;0;0;0;1;0
18685;2,742;5;4;0;0;0;0;0;0;6
20185;2,882;4;3;0;4;0;0;4;0;5
21685;2,979;3;2;0;3;0;0;3;4;4
22707;3,046;2;1;0;2;0;0;2;3;3
23707;3,109;1;0;0;1;0;0;1;2;2
25207;3,2;0;0;0;0;0;0;0;1;1
27207;3,324;6;0;0;0;4;0;0;0;0
29207;3,446;5;0;0;0;3;4;0;5;0
30707;3,544;4;0;0;0;2;3;4;4;0
32238;3,644;3;0;0;0;1;2;3;3;0
33738;3,726;2;0;0;0;0;1;2;2;0
35238;3,832;1;0;4;0;0;0;1;1;0
36738;3,921;0;0;3;4;0;0;0;0;4
38238;4,013;7;0;2;3;0;0;5;6;3
39238;4,069;6;0;1;2;0;0;4;5;2
40238;4,12;5;0;0;1;0;0;3;4;1
41764;4,208;4;0;0;0;0;0;2;3;0
43264;4,298;3;0;4;5;0;0;1;2;5
44264;4,36;2;0;3;4;0;0;0;1;4
45764;4,452;1;0;2;3;0;0;0;0;3
47264;4,549;0;0;1;2;0;0;4;7;2
48764;4,64;0;0;0;1;0;0;3;6;1
50264;4,739;4;0;0;0;0;0;2;5;0
51764;4,835;3;0;4;6;0;0;1;4;6
52782;4,903;2;0;3;5;0;0;0;3;5
54282;5,014;1;0;2;4;0;0;0;2;4
55782;5,098;0;0;1;3;0;0;4;1;3
57282;5,18;0;0;0;2;0;0;3;0;2
58782;5,267;4;0;5;1;0;0;2;8;1
59782;5,313;3;0;4;0;0;0;1;99;0
61282;5,402;2;0;3;7;0;0;0;99;7
62782;5,486;1;0;2;6;0;0;0;99;6
64282;5,568;0;0;1;5;0;0;4;99;5
65814;5,651;0;0;0;4;0;0;3;99;4
67314;5,712;4;0;6;3;0;0;2;99;3
68314;5,755;3;0;5;2;0;0;1;99;2
69314;5,807;2;0;4;1;0;0;0;99;1
70814;5,889;1;0;3;0;0;0;0;99;0
72314;5,977;0;4;2;0;0;0;4;99;8
73814;6,086;0;3;1;0;0;0;3;99;7
75314;6,176;4;2;0;0;0;0;2;99;6
76814;6,268;3;1;0;0;0;0;1;99;5
78314;6,352;2;0;0;0;0;0;0;99;4
79840;6,446;1;0;0;4;0;0;0;99;3
81340;6,531;0;0;0;3;4;0;4;99;2
82840;6,616;0;0;0;2;3;0;3;99;1
84340;6,699;4;0;0;1;2;0;2;99;0
85840;6,78;3;0;0;0;1;0;1;99;0
87340;6,861;2;0;0;0;0;0;0;99;0
89340;6,973;1;0;0;4;0;0;5;99;0
90840;7,053;0;4;0;3;0;0;4;99;4
92340;7,131;0;3;0;2;0;0;3;99;3
93840;7,215;4;2;0;1;0;0;2;99;2
94840;7,268;3;1;0;0;0;0;1;99;1
96369;7,375;2;0;0;0;0;0;0;99;0
98369;7,536;1;0;0;4;0;0;6;99;5
99869;7,623;0;0;0;3;0;0;5;99;4
101369;7,729;5;0;4;2;0;0;4;99;3
102369;7,838;4;0;3;1;0;0;3;99;2
103369;7,9;3;0;2;0;0;0;2;99;1
104869;7,996;2;0;1;0;0;0;1;99;0
106369;8,145;1;0;0;0;0;0;0;99;6
107869;8,311;0;4;0;4;0;0;0;99;5
109369;8,416;0;3;0;3;0;0;4;99;4
110869;8,54;4;2;0;2;0;0;3;99;3
111891;8,607;3;1;0;1;0;0;2;99;2
112891;8,693;2;0;0;0;0;0;1;99;1
114391;8,896;1;0;0;0;0;0;0;99;0
116391;9,234;0;0;4;4;0;0;5;99;0
117891;9,382;0;0;3;3;0;0;4;99;0
119391;9,528;4;0;2;2;0;0;3;99;4
120391;9,607;3;0;1;1;0;0;2;99;3
121391;9,667;2;0;0;0;0;0;1;99;2
122891;9,748;1;0;5;5;0;0;0;99;1
124391;9,827;0;0;4;4;0;0;0;99;0
125891;9,911;5;0;3;3;0;0;4;99;5
126906;9,966;4;0;2;2;0;0;3;99;4
127906;10,015;3;0;1;1;0;0;2;99;3
128906;10,066;2;0;0;0;0;0;1;99;2
130406;10,197;1;0;0;0;0;0;0;99;1
131906;10,374;0;0;4;4;0;0;5;99;0
133406;10,549;0;0;3;3;0;0;4;99;6
134906;10,676;4;0;2;2;0;0;3;99;5
135906;10,772;3;0;1;1;0;0;2;99;4
136906;10,872;2;0;0;0;0;0;1;99;3
138406;10,96;1;0;5;5;0;0;0;99;2
139906;11,043;0;0;4;4;0;0;0;99;1
141428;11,168;0;0;3;3;4;0;4;99;0
142928;11,285;4;0;2;2;3;0;3;99;0
143928;11,339;3;0;1;1;2;0;2;99;0
144928;11,392;2;0;0;0;1;0;1;99;0
146428;11,478;1;0;0;0;0;0;0;99;0
148428;11,595;0;0;4;4;0;0;5;99;4
149928;11,679;0;0;3;3;0;0;4;99;3
151428;11,767;4;0;2;2;0;0;3;99;2
152428;11,822;3;0;1;1;0;0;2;99;1
153428;11,88;2;0;0;0;0;0;1;99;0
154928;11,974;1;4;0;5;0;0;0;99;5
156462;12,065;0;3;0;4;0;0;0;99;4
157962;12,152;0;2;4;3;0;0;4;99;3
158962;12,205;4;1;3;2;0;0;3;99;2
159962;12,255;3;0;2;1;0;0;2;99;1
160962;12,31;2;0;1;0;0;0;1;99;0
162462;12,402;1;0;0;6;0;0;0;99;6
163962;12,491;0;0;5;5;0;0;5;99;5
165462;12,573;0;0;4;4;0;0;4;99;4
166962;12,655;4;0;3;3;0;0;3;99;3
167962;12,706;3;0;2;2;0;0;2;99;2
168962;12,758;2;0;1;1;0;0;1;99;1
169980;12,818;1;0;0;0;0;0;0;99;0
171980;12,956;0;4;6;7;0;0;6;99;7
172980;13,015;0;3;5;6;0;0;5;99;6
173980;13,068;4;2;4;5;0;0;4;99;5
174980;13,12;3;1;3;4;0;0;3;99;4
175980;13,171;2;0;2;3;0;0;2;99;3
176980;13,227;1;0;1;2;0;0;1;99;2
177980;13,283;0;0;0;1;0;0;0;99;1
179480;13,377;0;4;7;0;0;0;0;99;0
180980;13,472;4;3;6;8;0;0;4;99;8
181980;13,524;3;2;5;7;0;0;3;99;7
182998;13,577;2;1;4;6;0;0;2;99;6
183998;13,625;1;0;3;5;0;0;1;99;5
184998;13,679;0;0;2;4;0;0;0;99;4
186498;13,764;0;4;1;3;0;0;0;99;3
187998;13,844;0;3;0;2;0;0;4;99;2
189498;13,925;4;2;0;1;0;0;3;99;1
190498;13,98;3;1;0;0;0;0;2;99;0
191998;14,065;2;0;0;8;0;0;1;99;8
193498;14,152;1;0;0;7;0;0;0;99;7
194998;14,24;0;0;0;6;0;0;5;99;6
196498;14,326;0;0;4;5;0;0;4;99;5
198028;14,415;0;0;3;4;0;0;3;99;4
199528;14,498;0;0;2;3;0;0;2;99;3
201028;14,579;0;0;1;2;0;0;1;99;2
202528;14,658;0;0;0;1;0;0;0;99;1
204028;14,741;0;4;5;0;0;0;0;99;0
205528;14,819;0;3;4;8;0;0;4;99;8
206528;14,866;0;2;3;7;0;0;3;99;7
207528;14,914;0;1;2;6;0;0;2;99;6
208528;14,967;0;0;1;5;0;0;1;99;5
210028;15,061;0;0;0;4;0;0;0;99;4
211528;15,185;0;0;6;3;0;0;5;99;3
213050;15,312;0;0;5;2;0;0;4;99;2
214550;15,391;0;0;4;1;0;0;3;99;1
216050;15,47;0;0;3;0;0;0;2;99;0
217550;15,687;0;4;2;0;0;0;1;99;8
219050;15,799;0;3;1;0;0;0;0;99;7
220550;15,904;0;2;0;4;0;0;6;99;6
222050;16,074;0;1;0;3;0;0;5;99;5
223550;16,189;0;0;0;2;0;0;4;99;4
225050;16,282;0;0;4;1;0;0;3;99;3
226550;16,373;0;0;3;0;0;0;2;99;2
228050;16,461;0;4;2;5;0;0;1;99;1
229068;16,516;0;3;1;4;0;0;0;99;0
230568;16,683;0;2;0;3;0;0;0;99;8
232068;16,772;0;1;0;2;0;0;4;99;7
233568;16,859;0;0;0;1;0;0;3;99;6
235068;16,944;0;0;0;0;4;0;2;99;5
236568;17,027;0;0;4;6;3;0;1;99;4
237568;17,081;0;0;3;5;2;0;0;99;3
239068;17,174;0;0;2;4;1;0;0;99;2
240568;17,257;0;0;1;3;0;0;4;99;1
242068;17,341;0;0;0;2;0;0;3;99;0
243568;17,435;0;0;5;1;0;0;2;99;8
245091;17,527;0;0;4;0;0;0;1;99;7
246591;17,614;0;4;3;7;0;0;0;99;6
248091;17,703;0;3;2;6;0;0;0;99;5
249591;17,787;0;2;1;5;0;0;4;99;4
250591;17,84;0;1;0;4;0;0;3;99;3
252091;17,923;0;0;0;3;0;0;2;99;2
253591;18,012;0;5;4;2;0;0;1;99;1
254591;18,064;0;4;3;1;0;0;0;99;0
256091;18,154;0;3;2;0;0;0;5;99;8
257591;18,239;0;2;1;0;0;0;4;99;7
259091;18,329;0;1;0;0;0;0;3;99;6
260619;18,421;0;0;0;0;4;0;2;99;5
262119;18,51;4;0;0;0;3;0;1;99;4
263619;18,587;3;0;0;0;2;0;0;99;3
265119;18,666;2;0;0;0;1;0;0;99;2
266619;18,744;1;0;0;0;0;0;4;99;1
268119;18,82;0;4;4;0;0;0;3;99;0
269619;18,904;0;3;3;4;0;0;2;99;0
271119;18,977;0;2;2;3;0;0;1;99;0
272619;19,052;0;1;1;2;0;0;0;99;0
274119;19,122;0;0;0;1;0;0;5;99;4
275619;19,191;0;5;5;0;0;0;4;99;3
277153;19,278;0;4;4;0;0;0;3;99;2
278653;19,374;0;3;3;0;0;0;2;99;1
280153;19,459;0;2;2;0;0;0;1;99;0
281653;19,548;0;1;1;4;0;0;0;99;0
283153;19,639;0;0;0;3;0;0;6;99;4
284653;19,726;0;0;6;2;0;0;5;99;3
286153;19,809;0;0;5;1;0;0;4;99;2
287653;19,895;0;0;4;0;0;0;3;99;1
289153;19,978;0;0;3;5;0;0;2;99;0
290653;20,048;0;4;2;4;0;0;1;99;5
291653;20,097;0;3;1;3;0;0;0;99;4
293183;20,205;0;2;0;2;0;0;0;99;3
294683;20,327;0;1;7;1;0;0;4;99;2
295683;20,38;0;0;6;0;0;0;3;99;1
297183;20,474;0;5;5;6;0;0;2;99;0
298683;20,558;0;4;4;5;0;0;1;99;0
300183;20,644;0;3;3;4;0;0;0;99;0
301683;20,745;0;2;2;3;0;0;5;99;4
302683;20,8;0;1;1;2;0;0;4;99;3
303683;20,854;0;0;0;1;0;0;3;99;2
305183;20,94;0;0;8;0;0;0;2;99;1
306683;21,031;0;0;7;0;0;0;1;99;0
308212;21,123;0;0;6;0;4;0;0;99;0
309712;21,212;0;0;5;0;3;0;6;99;4
311212;21,295;0;0;4;0;2;0;5;99;3
312712;21,379;0;0;3;0;1;0;4;99;2
314212;21,462;0;0;2;0;0;0;3;99;1
315712;21,551;0;4;1;4;0;0;2;99;0
317212;21,614;0;3;0;3;0;0;1;99;0
318712;21,68;0;2;8;2;0;0;0;99;4
320212;21,76;0;1;7;1;0;0;0;99;3
321712;21,854;0;0;6;0;0;0;4;99;2
323212;21,946;0;5;5;5;0;0;3;99;1
324231;22,02;0;4;4;4;0;0;2;99;0
325731;22,102;0;3;3;3;0;0;1;99;0
327231;22,182;0;2;2;2;0;0;0;99;0
328731;22,257;0;1;1;1;0;0;5;99;4
329731;22,311;0;0;0;0;0;0;4;99;3
331231;22,402;0;0;8;0;0;0;3;99;2
332731;22,49;0;0;7;4;0;0;2;99;1
334231;22,571;0;0;6;3;0;0;1;99;0
335731;22,655;0;0;5;2;0;0;0;99;0
337231;22,745;0;4;4;1;0;0;0;99;4
338731;22,828;0;3;3;0;0;0;4;99;3
340262;22,918;0;2;2;0;0;0;3;99;2
341762;23,004;0;1;1;0;0;0;2;99;1
343262;23,087;0;0;0;0;0;0;1;99;0
345262;23,213;0;0;8;4;0;0;0;99;5
346762;23,3;0;0;7;3;0;0;5;99;4
348262;23,397;0;0;6;2;0;0;4;99;3
349762;23,48;0;0;5;1;0;0;3;99;2
351262;23,581;0;0;4;0;0;0;2;99;1
352762;23,672;0;4;3;5;0;0;1;99;0
354262;23,752;0;3;2;4;0;0;0;99;0
355762;23,837;0;2;1;3;0;0;0;99;4
357295;23,923;0;1;0;2;0;0;4;99;3
358795;24,004;0;0;0;1;0;0;3;99;2
360295;24,083;0;5;4;0;0;0;2;99;1
361795;24,161;0;4;3;0;0;0;1;99;0
363295;24,242;0;3;2;4;0;0;0;99;5
364795;24,321;0;2;1;3;0;0;0;99;4
366295;24,399;0;1;0;2;0;0;4;99;3
367795;24,487;0;0;0;1;0;0;3;99;2
369295;24,588;0;6;4;0;0;0;2;99;1
370795;24,669;0;5;3;0;0;0;1;99;0
372295;24,827;0;4;2;0;0;0;0;99;0
373817;24,933;0;3;1;0;4;0;0;99;0
375317;25,017;0;2;0;4;3;0;4;99;0
376817;25,103;0;1;0;3;2;0;3;99;0
378317;25,194;0;0;0;2;1;0;2;99;0
379817;25,281;0;0;4;1;0;0;1;99;4
381317;25,378;0;0;3;0;0;0;0;99;3
382817;25,474;0;4;2;5;0;0;0;99;2
384317;25,562;0;3;1;4;0;0;4;99;1
385317;25,617;0;2;0;3;0;0;3;99;0
386817;25,707;0;1;0;2;0;0;2;99;0
388317;25,794;0;0;4;1;0;0;1;99;4
389843;25,877;0;0;3;0;0;0;0;99;3
391343;25,965;0;0;2;6;0;0;5;99;2
392843;26,044;0;0;1;5;0;0;4;99;1
394343;26,125;0;0;0;4;0;0;3;99;0
395843;26,207;0;4;5;3;0;0;2;99;0
397343;26,264;0;3;4;2;0;0;1;99;0
398843;26,331;0;2;3;1;0;0;0;99;0
400343;26,419;0;1;2;0;0;0;0;99;0
401843;26,486;0;0;1;7;0;0;4;99;4
403343;26,553;0;0;0;6;0;0;3;99;3
404843;26,652;0;4;6;5;0;0;2;99;2
405866;26,707;0;3;5;4;0;0;1;99;1
406866;26,761;0;2;4;3;0;0;0;99;0
408366;26,846;0;1;3;2;0;0;5;99;5
409366;26,9;0;0;2;1;0;0;4;99;4
410866;26,981;0;0;1;0;0;0;3;99;3
412366;27,065;0;4;0;8;0;0;2;99;2
413866;27,147;0;3;0;7;0;0;1;99;1
415366;27,229;0;2;0;6;0;0;0;99;0
416866;27,329;0;1;4;5;0;0;0;99;0
418366;27,418;0;0;3;4;0;0;4;99;4
419866;27,503;0;0;2;3;0;0;3;99;3
421389;27,592;0;0;1;2;0;0;2;99;2
422889;27,675;0;0;0;1;0;0;1;99;1
424389;27,762;0;0;5;0;0;0;0;99;0
426389;27,887;0;4;4;8;0;0;5;99;5
427389;27,938;0;3;3;7;0;0;4;99;4
428389;27,992;0;2;2;6;0;0;3;99;3
429389;28,045;0;1;1;5;0;0;2;99;2
430389;28,1;0;0;0;4;0;0;1;99;1
431889;28,184;0;0;6;3;0;0;0;99;0
433389;28,269;0;4;5;2;0;0;6;99;6
434389;28,323;0;3;4;1;0;0;5;99;5
435406;28,379;0;2;3;0;0;0;4;99;4
436906;28,461;0;1;2;0;0;0;3;99;3
438406;28,541;0;0;1;0;0;0;2;99;2
439906;28,623;0;5;0;4;0;0;1;99;1
441406;28,705;0;4;0;3;0;0;0;99;0
442906;28,8;0;3;4;2;0;0;7;99;7
443906;28,854;0;2;3;1;0;0;6;99;6
444906;28,909;0;1;2;0;0;0;5;99;5
446406;28,991;0;0;1;0;0;0;4;99;4
447906;29,075;0;6;0;4;0;0;3;99;3
449406;29,166;0;5;0;3;0;0;2;99;2
450926;29,251;0;4;0;2;0;0;1;99;1
452426;29,329;0;3;0;1;0;0;0;99;0
453926;29,418;0;2;4;0;0;0;8;99;8
455426;29,498;0;1;3;0;0;0;99;99;7
456926;29,583;0;0;2;0;0;0;99;99;6
458426;29,671;0;7;1;4;0;0;99;99;5
459426;29,723;0;6;0;3;0;0;99;99;4
460926;29,809;0;5;0;2;0;0;99;99;3
462426;29,889;0;4;0;1;0;0;99;99;2
463926;29,959;0;3;0;0;0;0;99;99;1
465426;30,039;0;2;0;0;0;0;99;99;0
466949;30,126;0;1;0;0;4;0;99;99;0
468449;30,234;0;0;0;4;3;0;99;99;4
469949;30,303;0;0;0;3;2;0;99;99;3
471449;30,38;0;0;0;2;1;0;99;99;2
472949;30,453;0;0;0;1;0;0;99;99;1
474449;30,53;0;0;0;0;0;0;99;99;0
476449;30,645;0;4;4;5;0;0;99;99;5
477449;30,688;0;3;3;4;0;0;99;99;4
478449;30,739;0;2;2;3;0;0;99;99;3
479449;30,788;0;1;1;2;0;0;99;99;2
480449;30,838;0;0;0;1;0;0;99;99;1
481969;30,922;0;0;0;0;4;0;99;99;0
483469;31,002;0;0;0;6;3;0;99;99;6
484969;31,089;0;0;0;5;2;0;99;99;5
486469;31,168;0;0;0;4;1;0;99;99;4
487969;31,253;0;0;0;3;0;0;99;99;3
489469;31,339;0;4;0;2;0;0;99;99;2
490969;31,424;0;3;0;1;0;0;99;99;1
492469;31,508;0;2;0;0;0;0;99;99;0
493969;31,599;0;1;4;7;0;0;99;99;7
494969;31,652;0;0;3;6;0;0;99;99;6
496469;31,736;0;0;2;5;0;0;99;99;5
498000;31,83;0;0;1;4;0;0;99;99;4
499500;31,918;0;0;0;3;0;0;99;99;3
501000;32,006;0;0;5;2;0;0;99;99;2
502500;32,092;0;0;4;1;0;0;99;99;1
504000;32,178;0;0;3;0;0;0;99;99;0
505500;32,272;0;4;2;8;0;0;99;99;8
506500;32,325;0;3;1;7;0;0;99;99;7
507500;32,379;0;2;0;6;0;0;99;99;6
509000;32,464;0;1;0;5;0;0;99;99;5
510500;32,552;0;0;0;4;0;0;99;99;4
512000;32,643;0;0;0;3;0;0;99;99;3
513534;32,736;0;0;0;2;4;0;99;99;2
515034;32,806;0;0;0;1;3;0;99;99;1
516534;32,88;0;0;0;0;2;0;99;99;0
518034;32,976;0;4;4;8;1;0;99;99;8
519034;33,027;0;3;3;7;0;0;99;99;7
520034;33,083;0;2;2;6;0;0;99;99;6
521034;33,137;0;1;1;5;0;0;99;99;5
522034;33,19;0;0;0;4;0;0;99;99;4
523534;33,277;0;5;5;3;0;0;99;99;3
524534;33,333;0;4;4;2;0;0;99;99;2
525534;33,387;0;3;3;1;0;0;99;99;1
526547;33,442;0;2;2;0;0;0;99;99;0
528047;33,53;0;1;1;8;0;0;99;99;8
529047;33,584;0;0;0;7;0;0;99;99;7
530547;33,672;0;6;6;6;0;0;99;99;6
531547;33,725;0;5;5;5;0;0;99;99;5
532547;33,777;0;4;4;4;0;0;99;99;4
533547;33,83;0;3;3;3;0;0;99;99;3
534547;33,883;0;2;2;2;0;0;99;99;2
535547;33,937;0;1;1;1;0;0;99;99;1
536547;33,99;0;0;0;0;0;0;99;99;0
538547;34,118;0;0;7;8;0;0;99;99;0
540073;34,211;0;0;6;7;0;0;99;99;4
541573;34,298;0;0;5;6;0;0;99;99;3
543073;34,381;0;0;4;5;0;0;99;99;2
544573;34,465;0;0;3;4;0;0;99;99;1
546073;34,553;0;0;2;3;0;0;99;99;0
547573;34,643;0;4;1;2;0;0;99;99;0
549073;34,725;0;3;0;1;0;0;99;99;0
550573;34,808;0;2;0;0;0;0;99;99;4
552073;34,895;0;1;4;8;0;0;99;99;3
553073;34,949;0;0;3;7;0;0;99;99;2
554573;35,033;0;0;2;6;0;0;99;99;1
556104;35,11;0;0;1;5;0;0;99;99;0
557604;35,173;0;0;0;4;0;0;99;99;5
559104;35,258;0;0;5;3;0;0;99;99;4
560604;35,342;0;0;4;2;0;0;99;99;3
562104;35,426;0;0;3;1;0;0;99;99;2
563604;35,51;0;0;2;0;0;0;99;99;1
565104;35,599;0;0;1;8;0;0;99;99;0
566604;35,687;0;4;0;7;0;0;99;99;6
568104;35,771;0;3;0;6;0;0;99;99;5
569604;35,868;0;2;0;5;0;0;99;99;4
571104;35,951;0;1;0;4;0;0;99;99;3
572632;36,039;0;0;0;3;0;0;99;99;2
574132;36,124;0;5;4;2;0;0;99;99;1
575132;36,176;0;4;3;1;0;0;99;99;0
576632;36,26;0;3;2;0;0;0;99;99;0
578132;36,352;0;2;1;8;0;0;99;99;4
579132;36,406;0;1;0;7;0;0;99;99;3
580632;36,493;0;0;0;6;0;0;99;99;2
582132;36,583;0;0;4;5;0;0;99;99;1
583632;36,668;0;0;3;4;0;0;99;99;0
585132;36,756;0;4;2;3;0;0;99;99;5
586132;36,808;0;3;1;2;0;0;99;99;4
587153;36,864;0;2;0;1;0;0;99;99;3
588653;36,948;0;1;0;0;0;0;99;99;2
590153;37,035;0;0;4;8;0;0;99;99;1
591653;37,115;0;0;3;7;0;0;99;99;0
593153;37,195;0;4;2;6;0;0;99;99;6
594153;37,244;0;3;1;5;0;0;99;99;5
595153;37,303;0;2;0;4;0;0;99;99;4
596653;37,389;0;1;0;3;0;0;99;99;3
598153;37,474;0;0;0;2;0;0;99;99;2
599653;37,562;0;5;0;1;0;0;99;99;1
601153;37,647;0;4;0;0;0;0;99;99;0
602678;37,737;0;3;0;0;4;0;99;99;0
604178;37,824;0;2;0;0;3;0;99;99;0
605678;37,908;0;1;0;4;2;0;99;99;4
606678;37,96;0;0;0;3;1;0;99;99;3
608178;38,039;0;0;0;2;0;0;99;99;2
609678;38,121;0;4;0;1;0;0;99;99;1
611178;38,2;0;3;0;0;0;0;99;99;0
612678;38,277;4;2;4;5;0;0;99;99;5
613678;38,321;3;1;3;4;0;0;99;99;4
614678;38,371;2;0;2;3;0;0;99;99;3
615678;38,423;1;0;1;2;0;0;99;99;2
616697;38,475;0;0;0;1;0;0;99;99;1
618197;38,557;0;4;5;0;0;0;99;99;0
619697;38,649;0;3;4;0;0;0;99;99;0
621197;38,733;0;2;3;4;0;0;99;99;4
622197;38,783;0;1;2;3;0;0;99;99;3
623197;38,835;0;0;1;2;0;0;99;99;2
624697;38,918;0;0;0;1;0;0;99;99;1
626197;39,003;0;0;0;0;4;0;99;99;0
627697;39,1;0;4;4;5;3;0;99;99;0
628697;39,152;0;3;3;4;2;0;99;99;0
629697;39,204;0;2;2;3;1;0;99;99;0
630715;39,258;0;1;1;2;0;0;99;99;0
632215;39,339;0;0;0;1;0;0;99;99;0
633715;39,421;0;5;0;0;0;0;99;99;4
635215;39,502;0;4;0;6;0;0;99;99;3
636715;39,579;0;3;0;5;0;0;99;99;2
638215;39,656;0;2;0;4;0;0;99;99;1
639715;39,731;0;1;0;3;0;0;99;99;0
641215;39,811;0;0;0;2;4;0;99;99;0
642715;39,888;0;0;0;1;3;0;99;99;0
644215;39,968;0;4;0;0;2;0;99;99;4
645715;40,044;0;3;0;0;1;0;99;99;3
647239;40,122;0;2;0;0;0;0;99;99;2
648739;40,193;0;1;4;4;0;0;99;99;1
649739;40,23;0;0;3;3;0;0;99;99;0
651239;40,294;0;5;2;2;0;0;99;99;5
652239;40,33;0;4;1;1;0;0;99;99;4
653239;40,367;0;3;0;0;0;0;99;99;3
654739;40,429;0;2;5;5;0;0;99;99;2
655739;40,466;0;1;4;4;0;0;99;99;1
656739;40,503;0;0;3;3;0;0;99;99;0
658239;40,567;0;6;2;2;0;0;99;99;6
659239;40,605;0;5;1;1;0;0;99;99;5
660256;40,647;0;4;0;0;0;0;99;99;4
661756;40,739;0;3;6;6;0;0;99;99;3
662756;40,792;0;2;5;5;0;0;99;99;2
663756;40,845;0;1;4;4;0;0;99;99;1
664756;40,895;0;0;3;3;0;0;99;99;0
666256;40,955;0;0;2;2;4;0;99;99;0
667756;41,024;0;0;1;1;3;0;99;99;0
669256;41,105;0;0;0;0;2;0;99;99;0
670756;41,192;0;4;7;7;1;0;99;99;4
671756;41,25;0;3;6;6;0;0;99;99;3
672756;41,301;0;2;5;5;0;0;99;99;2
673780;41,357;0;1;4;4;0;0;99;99;1
674780;41,408;0;0;3;3;0;0;99;99;0
676280;41,497;0;5;2;2;0;0;99;99;5
677280;41,55;0;4;1;1;0;0;99;99;4
678280;41,601;0;3;0;0;0;0;99;99;3
679780;41,687;0;2;8;8;0;0;99;99;2
680780;41,739;0;1;7;7;0;0;99;99;1
681780;41,792;0;0;6;6;0;0;99;99;0
683280;41,878;0;0;5;5;0;0;99;99;6
684780;41,957;0;0;4;4;0;0;99;99;5
686280;42,039;0;0;3;3;0;0;99;99;4
687809;42,123;0;0;2;2;0;0;99;99;3
689309;42,206;0;0;1;1;0;0;99;99;2
690809;42,286;0;0;0;0;0;0;99;99;1
692309