Iteration;Time;QI-0;QI-1;QI-2;QI-3;QI-4;QI-5;QI-6;QI-7;QI-8;
2115;0,911;9;5;3;2;6;4;1;7;8
3790;1,149;3;5;1;1;4;1;1;1;2
5290;1,331;3;1;1;1;4;1;1;1;2
6936;1,559;4;2;1;1;3;1;1;1;1
8436;1,822;2;1;1;1;4;1;1;1;3
10436;2,164;3;6;2;8;7;4;1;1;5
12057;2,292;1;1;1;6;5;4;1;2;3
13557;2,542;1;1;1;1;4;5;1;3;2
14557;2,705;1;1;1;1;1;3;1;1;2
15557;2,764;1;1;1;1;2;3;1;1;1
17167;2,865;3;1;1;1;2;1;1;1;4
19167;2,991;2;1;7;1;4;6;5;1;3
21167;3,13;1;1;4;6;2;7;1;3;5
22667;3,235;1;1;3;4;1;5;1;2;1
24167;3,339;1;1;3;2;1;4;1;1;1
25718;3,435;1;1;2;3;1;1;1;4;1
27218;3,525;2;1;1;4;1;5;1;3;1
29218;3,648;4;3;1;6;5;7;1;1;1
30718;3,734;1;3;1;1;4;6;1;1;5
32218;3,805;1;4;1;1;2;3;1;1;1
33718;3,89;1;3;1;1;1;4;1;1;2
35246;3,988;1;2;4;1;5;1;1;1;3
36746;4,083;1;3;4;1;5;1;1;2;1
38746;4,214;2;6;5;7;3;1;1;4;1
40246;4,3;1;3;1;2;4;1;1;1;1
41746;4,385;1;2;3;4;1;1;1;1;1
43246;4,455;1;4;3;1;2;5;1;1;1
44746;4,547;1;4;1;1;2;1;1;1;3
46269;4,647;1;5;1;1;1;4;1;3;2
47769;4,733;5;4;1;1;1;3;1;2;1
49269;4,832;4;3;1;1;1;5;1;1;1
50769;4,937;4;3;1;5;1;2;1;1;1
52269;5,04;3;2;1;4;1;1;1;1;1
53769;5,191;5;3;1;4;2;1;1;1;1
55269;5,29;4;5;1;2;3;1;1;1;1
56769;5,379;2;1;1;4;5;1;1;3;1
58291;5,473;2;1;1;4;1;1;1;3;1
59791;5,555;4;1;2;3;1;1;1;1;1
61291;5,651;6;1;1;5;4;3;1;1;1
62791;5,718;4;1;1;1;2;3;1;1;1
64291;5,806;4;1;1;1;6;5;1;1;2
65791;5,892;4;1;1;1;2;5;1;1;3
67291;5,973;3;1;1;1;1;2;1;1;4
68791;6,037;1;1;4;1;2;5;1;1;3
70291;6,121;1;1;3;1;1;4;1;1;2
71819;6,214;1;1;1;3;1;4;1;1;2
73319;6,3;1;2;1;4;1;5;1;1;3
74819;6,39;1;2;1;1;1;5;1;4;3
76319;6,481;1;4;1;1;1;5;1;3;2
77819;6,574;1;1;3;1;1;4;1;1;2
79319;6,647;1;1;3;1;1;4;1;1;2
80819;6,716;1;2;1;1;1;3;1;1;4
82319;6,805;1;5;1;1;1;4;1;1;2
83819;6,898;1;4;1;1;3;6;1;1;5
85319;6,983;3;4;1;1;2;1;1;1;5
86847;7,071;2;1;4;1;5;1;1;1;3
88347;7,15;3;1;2;1;4;1;1;1;1
89347;7,2;3;1;1;1;1;1;1;1;2
90847;7,277;2;1;1;3;1;1;1;1;4
92347;7,381;1;1;1;6;3;2;1;5;4
93847;7,474;1;6;1;5;1;2;1;4;3
95347;7,574;1;3;5;1;1;2;1;1;4
96847;7,756;1;2;4;1;1;1;1;1;3
97847;7,837;1;1;1;1;1;3;1;1;2
99347;7,948;2;1;1;1;1;3;1;1;4
100847;8,068;2;5;1;1;3;6;1;1;4
102368;8,238;1;2;1;4;5;6;1;1;3
103868;8,554;1;2;1;6;3;4;1;1;5
105368;8,765;1;5;1;4;2;1;1;1;3
106868;9,009;1;2;1;3;4;1;1;1;1
108368;9,135;1;3;1;4;1;1;1;1;2
109868;9,313;4;1;1;6;2;1;1;5;3
111368;9,524;1;1;1;5;2;1;1;4;3
112868;9,702;1;1;4;5;1;2;1;1;3
114368;9,933;1;1;3;4;1;1;1;1;2
115868;10,094;1;1;3;2;1;4;1;1;1
117368;10,183;1;2;4;1;1;5;1;1;3
118892;10,274;1;3;6;1;1;2;1;5;4
120392;10,362;1;2;5;1;1;6;1;4;3
121892;10,446;1;1;4;1;1;2;1;1;3
123392;10,528;1;2;4;1;1;1;1;1;3
124892;10,672;1;1;4;3;1;5;1;1;2
126392;10,876;1;1;3;2;1;4;1;1;1
127892;11,058;2;1;4;1;1;6;1;5;3
129392;11,288;2;1;6;1;1;3;1;5;4
130892;11,4;2;1;4;1;1;1;1;1;3
132392;11,497;5;2;4;1;1;1;1;1;3
133892;11,583;4;3;2;1;1;1;1;1;1
135414;11,685;1;2;3;4;1;1;1;1;5
136914;11,786;1;4;5;2;1;1;1;3;1
138414;11,894;1;1;4;2;1;1;1;3;1
139914;11,995;1;1;5;4;2;6;1;3;1
141414;12,086;1;1;4;3;2;1;1;1;1
142914;12,18;2;1;5;4;1;3;1;1;1
144414;12,268;1;1;5;4;1;2;1;1;3
145914;12,361;1;1;3;4;1;2;1;1;1
147414;12,454;1;5;3;2;1;6;1;4;1
148914;12,541;1;1;3;4;1;5;1;2;1
150414;12,626;1;1;3;2;1;4;1;1;1
151944;12,718;2;1;4;3;1;5;1;1;1
153444;12,8;1;1;3;2;1;4;1;1;1
154944;12,884;1;1;4;3;1;5;1;1;2
156444;12,977;1;1;4;3;1;6;1;4;2
157944;13,071;1;1;5;4;1;1;1;3;2
159444;13,155;1;1;4;2;3;1;1;1;1
160944;13,243;1;1;3;2;4;1;1;1;1
162444;13,338;1;1;5;2;4;1;1;1;3
163944;13,421;1;1;3;1;4;1;1;1;2
165944;13,544;1;3;6;2;1;7;1;5;4
167444;13,634;1;1;4;1;1;5;1;3;2
168460;13,691;1;1;2;1;1;3;1;1;1
169460;13,746;1;1;3;1;1;1;1;1;2
170960;13,823;2;1;4;1;1;1;1;1;3
172460;13,907;4;1;6;1;2;3;1;1;5
174460;14,032;2;4;6;1;1;3;1;7;5
175960;14,121;1;1;3;1;1;5;1;4;2
176960;14,173;1;1;2;1;1;3;1;1;1
177960;14,222;1;1;2;1;1;3;1;1;1
178960;14,271;1;1;3;1;1;1;1;1;2
180460;14,35;1;1;5;2;3;6;1;1;4
182460;14,464;1;3;7;2;1;4;1;5;6
183977;14,548;1;2;5;1;1;1;1;4;3
184977;14,604;1;3;2;1;1;1;1;1;1
185977;14,66;1;3;2;1;1;1;1;1;1
186977;14,716;1;3;2;1;1;1;1;1;1
188477;14,804;4;3;5;2;1;1;1;1;6
190477;14,929;3;1;5;2;1;7;1;6;4
191977;15,018;2;1;5;1;1;1;1;3;4
192977;15,074;3;1;1;1;1;1;1;1;2
193977;15,132;3;1;2;1;1;1;1;1;1
194977;15,184;1;1;3;1;1;1;1;1;2
196477;15,276;5;2;1;3;4;1;1;1;6
198514;15,497;4;5;1;1;3;2;1;6;7
200014;15,592;3;4;1;1;5;1;1;2;1
201014;15,644;2;1;1;1;3;1;1;1;1
202014;15,698;3;2;1;1;1;1;1;1;1
203514;15,787;2;1;3;1;4;1;1;1;1
205014;15,874;3;5;4;1;2;1;1;1;1
207014;16,028;2;3;5;1;4;1;1;6;7
208514;16,206;1;1;2;1;3;1;1;5;4
209514;16,279;1;1;3;1;2;1;1;1;1
210514;16,327;1;1;2;1;3;1;1;1;1
211514;16,377;1;1;2;1;3;1;1;1;1
213038;16,464;2;1;4;1;3;1;1;1;5
214538;16,582;3;2;6;1;1;1;1;5;4
216038;16,667;5;1;3;1;1;6;1;4;2
217538;16,741;1;1;3;1;1;4;1;1;2
219038;16,813;1;1;4;1;1;2;1;1;3
220538;16,896;1;1;3;1;1;4;1;1;2
222038;16,98;3;1;5;1;2;1;1;1;4
224038;17,09;1;3;5;7;4;1;1;6;2
225538;17,179;1;4;5;1;3;1;1;2;1
226538;17,229;1;3;2;1;1;1;1;1;1
227538;17,27;1;3;2;1;1;1;1;1;1
229064;17,345;1;2;3;1;1;4;1;1;1
230564;17,438;5;6;3;1;1;4;1;1;2
232564;17,563;1;2;5;3;1;7;1;6;4
234064;17,654;1;1;5;2;1;3;1;1;4
235564;17,744;1;1;4;2;1;1;1;1;3
237064;17,841;1;1;3;1;1;4;1;1;2
238564;17,93;1;1;5;2;1;3;1;1;4
240064;18,022;1;3;5;2;1;6;1;1;4
241564;18,119;1;2;4;1;1;6;1;5;3
243064;18,214;1;5;4;1;1;1;1;3;2
244064;18,27;1;3;2;1;1;1;1;1;1
245073;18,327;1;3;2;1;1;1;1;1;1
246573;18,418;1;1;4;1;3;1;1;1;2
248073;18,512;4;5;1;3;2;1;1;1;6
250073;18,644;1;3;1;2;6;7;1;5;4
251573;18,736;1;5;1;1;1;4;1;3;2
252573;18,792;1;1;1;1;1;3;1;1;2
253573;18,848;1;2;1;1;1;1;1;1;3
255073;18,933;1;3;2;1;1;4;1;1;1
256573;19,025;1;3;5;2;1;6;1;1;4
258573;19,162;1;3;6;2;1;7;1;5;4
260073;19,252;1;1;4;1;1;5;1;3;2
261084;19,312;1;1;2;1;1;3;1;1;1
262084;19,366;1;1;2;1;1;3;1;1;1
263084;19,421;1;1;2;1;1;3;1;1;1
264584;19,515;2;1;4;1;1;5;1;1;3
266584;19,649;2;6;4;1;1;7;1;5;3
268084;19,738;1;2;4;1;1;5;1;1;3
269584;19,821;1;1;3;1;1;4;1;1;2
271084;19,896;1;1;3;1;1;4;1;1;2
272584;19,972;1;1;3;1;1;4;1;1;2
274084;20,056;1;6;4;2;1;5;1;1;3
275584;20,139;1;2;6;1;1;3;1;5;4
277107;20,222;1;3;6;1;2;1;1;4;5
278607;20,293;1;1;3;1;4;1;1;1;2
280107;20,369;1;2;4;1;1;1;1;1;3
281607;20,453;1;2;3;1;4;1;1;1;1
283107;20,547;4;2;3;1;5;1;1;1;6
285107;20,679;3;1;5;1;2;7;1;6;4
286607;20,769;2;1;4;1;1;5;1;1;3
288107;20,852;4;1;3;1;1;1;1;1;2
289607;20,936;1;1;4;1;1;2;1;1;3
291107;21,019;1;1;4;1;1;2;1;1;3
293107;21,156;2;7;5;1;3;6;1;1;4
294632;21,253;1;1;5;1;2;3;1;4;6
296132;21,355;1;1;4;1;1;5;1;3;2
297132;21,411;1;1;3;1;1;1;1;1;2
298132;21,467;1;1;2;1;1;3;1;1;1
299632;21,552;1;1;3;1;1;4;1;1;2
301132;21,641;1;2;5;1;1;3;1;1;4
303132;21,772;1;1;5;2;6;7;1;4;3
304632;21,862;1;1;5;1;2;1;1;4;3
305632;21,918;1;1;3;1;1;1;1;1;2
306632;21,958;1;1;2;1;3;1;1;1;1
308132;22,019;2;1;4;1;1;1;1;1;3
309655;22,098;2;1;4;1;3;1;1;1;5
311155;22,185;3;1;4;1;2;1;1;5;6
312655;22,272;2;1;1;1;4;1;1;5;3
314155;22,356;2;1;1;1;4;1;1;1;3
315655;22,439;3;1;1;1;2;1;1;1;4
317155;22,524;4;1;1;1;2;1;1;1;3
318655;22,612;1;2;1;4;3;1;1;1;5
320655;22,744;1;2;1;3;4;7;1;6;5
322155;22,833;1;1;1;5;1;4;1;3;2
323155;22,886;1;1;1;3;1;1;1;1;2
324155;22,942;1;1;1;2;1;3;1;1;1
325676;23,03;3;1;1;2;1;1;1;1;4
327176;23,122;1;2;1;3;1;4;1;1;5
329176;23,252;1;2;6;1;3;4;1;7;5
330676;23,325;1;1;3;1;4;5;1;2;1
331676;23,381;1;1;3;1;1;2;1;1;1
332676;23,435;1;1;2;1;1;3;1;1;1
334176;23,519;4;1;1;1;3;2;1;1;1
335676;23,604;1;3;4;5;2;6;1;1;1
337676;23,722;1;2;6;1;7;3;1;5;4
339176;23,805;1;1;1;1;3;5;1;1;4
340176;23,858;1;1;1;1;1;3;1;1;2
341190;23,941;1;1;1;1;1;3;1;1;2
342690;24,023;1;1;1;1;3;4;1;1;2
344190;24,116;1;4;1;3;2;6;1;1;5
346190;24,366;1;4;2;5;1;6;1;7;3
347690;24,497;1;2;1;5;1;4;1;3;1
348690;24,589;1;3;1;2;1;1;1;1;1
349690;24,643;1;2;1;1;1;3;1;1;1
351190;24,737;1;3;1;2;1;4;1;1;1
352690;24,828;2;3;1;5;1;4;1;1;1
354690;24,952;4;3;6;1;1;2;1;7;5
356190;25,036;3;5;4;1;1;1;1;1;2
357717;25,16;1;3;4;1;1;1;1;1;2
359217;25,259;1;2;4;1;1;1;1;1;3
360717;25,341;4;3;1;1;1;1;1;1;2
362717;25,466;3;5;6;4;2;1;1;1;7
364217;25,555;3;5;6;2;1;1;1;1;4
365717;25,646;2;4;5;1;1;1;1;1;3
367217;25,735;1;2;4;1;1;1;1;1;3
368717;25,827;1;2;3;1;1;1;1;1;4
370217;25,891;1;3;2;1;1;1;1;1;4
371717;25,953;1;5;3;1;1;4;1;1;2
373717;26,049;1;2;7;3;1;4;1;6;5
375243;26,123;1;1;4;2;1;5;1;3;1
376243;26,169;1;1;2;1;1;3;1;1;1
377243;26,221;1;1;2;1;1;3;1;1;1
378743;26,303;1;1;3;2;1;4;1;1;1
380243;26,39;2;4;5;3;1;1;1;1;1
381743;26,478;1;6;3;5;1;1;1;4;2
383243;26,55;1;