Iteration;Time;QI-0;QI-1;QI-2;QI-3;QI-4;QI-5;QI-6;QI-7;QI-8;
2130;0,745;3;2;8;4;7;9;1;6;5
3753;0,952;1;1;1;1;4;5;1;3;2
4839;1,049;1;1;1;1;1;2;1;1;3
5839;1,149;1;1;1;1;2;3;1;1;1
6911;1,225;1;1;1;1;2;1;1;1;3
8911;1,377;5;2;1;3;6;7;4;1;1
10911;1,663;6;1;3;5;4;2;7;1;1
12493;1,801;2;1;3;1;4;1;5;1;1
13993;1,916;1;1;3;1;4;1;2;1;1
15493;2,02;1;1;4;1;2;1;3;1;1
16993;2,127;3;1;2;1;1;1;1;1;4
18540;2,206;6;5;2;1;3;1;1;1;4
20540;2,366;4;7;5;3;6;1;1;1;2
22040;2,502;4;3;1;5;2;1;1;1;1
23540;2,62;5;1;1;3;2;1;4;1;1
25040;2,681;3;1;1;2;4;1;1;1;1
26071;2,722;1;1;1;2;3;1;1;1;1
27571;2,784;1;1;1;5;3;2;1;1;4
29071;2,861;1;1;1;5;3;2;1;1;4
30571;2,934;1;2;1;5;6;1;1;3;4
32071;3,006;1;2;1;5;1;1;6;3;4
33571;3,117;1;1;1;4;1;1;3;1;2
35098;3,191;1;3;1;4;1;1;1;1;2
36598;3,26;2;4;1;1;1;1;1;1;3
38098;3,348;4;6;1;3;1;2;1;1;5
40098;3,459;1;3;1;5;6;7;1;2;4
41598;3,538;1;4;1;1;5;6;3;1;2
43098;3,618;1;4;1;1;2;1;5;1;3
44598;3,732;1;4;1;1;3;1;2;1;1
46118;3,817;1;3;1;1;4;1;2;1;1
47618;3,89;2;4;1;1;1;1;1;1;3
49618;3,993;3;6;1;2;5;1;1;4;7
51118;4,073;4;6;1;1;1;3;1;2;5
52618;4,146;3;2;1;1;1;4;1;1;1
54118;4,225;1;5;1;1;1;2;4;1;3
55618;4,292;1;4;1;1;1;1;3;1;2
57118;4,354;1;4;1;1;1;2;1;1;3
59149;4,47;1;4;1;2;6;7;5;3;1
60649;4,543;1;5;1;1;3;4;2;1;1
62149;4,639;2;3;1;1;4;5;1;1;1
63649;4,704;3;4;1;1;1;2;1;1;1
65149;4,768;3;4;1;1;1;2;1;1;1
66649;4,838;3;5;1;1;1;2;1;1;4
68149;4,914;2;4;1;1;1;1;6;5;3
69649;5,035;6;2;1;1;1;1;4;5;3
71149;5,155;1;3;1;1;1;1;4;1;2
72671;5,275;3;4;1;1;1;1;1;1;2
74171;5,353;3;5;1;1;2;1;1;1;4
75671;5,441;4;2;1;1;3;5;1;1;6
77171;5,522;4;3;1;1;1;2;1;6;5
78671;5,615;2;3;1;1;1;5;1;4;1
79671;5,684;1;2;1;1;1;3;1;1;1
81171;5,766;4;1;1;3;1;5;2;1;1
82671;5,841;4;1;1;3;1;1;2;1;1
84171;5,921;4;1;1;2;1;5;3;1;1
85671;6,009;4;1;1;3;1;1;2;5;6
87193;6,095;4;1;1;2;1;1;1;3;5
88693;6,166;5;6;3;2;1;1;1;4;1
90193;6,227;3;1;4;2;1;1;1;1;1
91693;6,289;4;2;1;3;1;1;1;1;1
93193;6,364;3;5;2;6;1;4;1;1;1
94693;6,442;2;4;3;5;1;6;1;1;1
96693;6,567;4;7;1;6;1;2;1;5;3
98193;6,643;4;1;1;3;1;1;1;2;5
99193;6,686;3;1;1;1;1;1;1;1;2
100193;6,73;1;1;1;3;1;1;1;1;2
101193;6,783;2;1;1;3;1;1;1;1;1
103226;6,962;5;1;2;6;1;4;7;1;3
105226;7,177;4;1;1;6;1;7;2;3;5
106726;7,324;2;1;1;1;1;3;1;4;5
107726;7,399;2;1;1;1;1;1;1;1;3
108726;7,493;3;1;1;1;1;2;1;1;1
109726;7,603;1;1;1;1;1;3;1;1;2
111226;7,682;3;1;4;1;1;5;1;1;2
113226;7,772;1;6;2;4;1;7;1;5;3
114726;7,836;1;4;1;5;2;1;1;5;3
116226;7,908;1;4;1;3;2;1;1;1;1
117726;8,017;1;3;1;4;2;1;1;1;1
119244;8,137;1;4;1;2;3;1;1;1;1
121244;8,228;7;3;5;2;6;1;4;1;1
123244;8,394;2;6;7;1;3;1;4;5;1
124744;8,544;1;3;1;1;2;1;5;4;1
125744;8,68;1;3;1;1;2;1;1;1;1
126744;8,78;1;3;1;1;1;1;2;1;1
128244;8,989;1;2;1;5;3;1;1;1;4
129744;9,146;5;3;1;1;4;1;1;1;2
131744;9,35;5;4;1;1;6;7;1;3;2
133244;9,464;2;4;1;1;1;5;1;3;1
134244;9,569;1;2;1;1;1;3;1;1;1
135767;9,672;1;4;1;1;1;2;3;1;1
137267;9,74;3;5;1;2;1;1;4;1;1
138767;9,835;5;3;1;1;1;1;4;1;2
140767;10,019;1;7;2;1;4;1;6;5;3
142267;10,089;1;4;1;1;3;1;5;2;1
143267;10,13;1;2;1;1;3;1;1;1;1
144767;10,193;1;4;1;1;1;2;3;1;1
146267;10,262;1;4;1;3;1;2;5;1;1
147767;10,335;5;3;1;1;1;2;4;1;1
149267;10,422;3;4;1;1;1;2;5;6;1
150767;10,494;2;6;3;1;1;1;5;4;1
152289;10,572;4;2;3;1;1;1;1;1;1
153789;10,643;4;3;2;1;5;1;1;1;1
155289;10,728;3;5;2;1;4;1;1;1;1
156789;10,798;1;3;2;1;4;1;1;1;1
158789;10,905;3;7;1;1;4;5;1;6;2
160289;10,979;3;4;1;1;2;1;1;5;1
161789;11,045;3;4;1;1;2;1;1;1;1
163289;11,111;2;1;1;1;4;1;3;1;1
164789;11,188;3;5;1;1;4;1;2;1;1
166289;11,248;1;3;4;1;2;1;1;1;1
167789;11,316;1;4;3;1;2;6;1;5;1
169317;11,393;1;6;3;1;1;4;1;5;2
170817;11,46;1;2;3;1;1;4;1;1;1
172317;11,534;1;4;3;1;1;5;2;1;1
173817;11,6;1;2;1;1;1;4;3;1;1
175317;11,671;3;2;5;1;1;4;1;1;1
176817;11,749;2;4;1;1;5;6;1;3;1
178317;11,821;1;2;1;1;4;5;1;3;1
179817;11,891;1;2;1;1;3;4;1;1;1
181317;11,966;1;5;1;1;2;4;1;1;3
182817;12,035;1;3;1;1;2;4;1;1;1
184317;12,089;1;2;4;1;3;5;1;1;1
185841;12,147;5;4;2;1;1;6;1;3;1
187341;12,211;3;5;1;4;1;2;1;6;1
188841;12,28;2;4;1;3;1;1;1;1;1
190341;12,35;2;4;1;3;1;1;5;1;1
191841;12,421;2;3;1;1;1;1;5;1;4
193341;12,486;3;2;1;1;4;1;1;1;1
194841;12,558;5;2;6;1;4;1;1;3;1
196341;12,63;2;4;1;1;5;1;1;3;1
197841;12,697;3;4;1;1;1;2;1;1;1
199341;12,771;5;2;1;1;4;6;3;1;1
200841;12,841;2;3;1;1;1;5;4;1;1
202366;12,909;2;3;1;1;1;4;1;1;1
203866;12,989;3;5;1;1;1;4;1;6;2
205366;13,06;5;4;1;1;1;1;1;3;2
206366;13,104;1;2;1;1;1;1;1;1;3
207866;13,184;4;5;1;3;1;1;6;1;2
209366;13,258;2;3;1;1;1;1;4;1;5
210366;13,302;1;3;1;1;1;1;1;1;2
211866;13,379;3;6;4;1;1;1;1;5;2
213366;13,452;5;2;4;1;1;1;1;3;1
214366;13,492;2;1;3;1;1;1;1;1;1
215866;13,566;2;4;1;3;6;1;5;1;1
217390;13,64;3;5;1;2;1;1;4;1;1
218390;13,682;2;3;1;1;1;1;1;1;1
219890;13,756;2;5;1;4;1;6;1;3;1
221390;13,825;2;4;1;3;1;1;1;5;1
222890;13,89;1;2;3;4;1;1;1;1;1
224390;13,962;1;4;2;3;6;1;5;1;1
225890;14,03;1;2;1;5;4;1;3;1;1
226890;14,074;1;1;1;3;2;1;1;1;1
228390;14,148;1;3;1;5;2;6;1;4;1
229890;14,218;1;4;1;3;1;2;1;5;1
231390;14,283;1;2;1;3;1;4;1;1;1
232913;14,424;3;5;1;4;1;2;6;1;1
234413;14,522;5;3;1;1;1;4;2;1;1
235413;14,575;2;3;1;1;1;1;1;1;1
236913;14,652;2;4;1;1;1;5;1;3;1
238413;14,726;2;4;1;1;1;5;1;3;1
239413;14,774;2;3;1;1;1;1;1;1;1
240913;14,849;2;4;1;3;1;6;5;1;1
242413;14,923;4;2;1;1;1;5;3;1;1
243413;14,965;1;3;1;1;1;2;1;1;1
244913;15,032;3;4;1;1;2;1;1;5;1
246413;15,136;1;3;1;1;4;1;1;2;1
247428;15,213;2;1;1;1;3;1;1;1;1
248928;15,402;2;4;1;6;1;1;5;1;3
250428;15,595;2;5;1;3;1;1;6;1;4
251928;15,664;2;5;1;4;1;3;1;1;1
253428;15,735;2;4;1;3;1;1;1;5;1
254928;15,806;3;1;1;4;1;1;1;2;1
256428;15,872;1;3;1;2;4;1;1;1;1
257928;15,953;2;4;1;3;1;1;5;1;1
259428;16,074;3;1;1;5;1;1;2;1;4
260928;16,159;2;1;1;3;1;4;1;1;1
262428;16,233;4;1;2;5;1;1;1;6;3
263944;16,31;3;1;1;2;1;1;1;4;5
265444;16,389;2;1;1;4;3;1;1;1;1
266944;16,473;4;6;1;1;3;1;2;1;5
268444;16,552;2;4;1;1;3;1;5;1;1
269944;16,631;3;4;1;1;1;2;1;1;1
271444;16,71;2;4;1;1;3;6;1;5;1
272944;16,782;1;2;1;1;4;5;1;3;1
274444;16,854;1;1;1;2;3;4;1;1;1
275944;16,929;1;6;1;4;1;2;5;1;3
277444;17,01;1;4;1;3;1;1;5;1;2
278444;17,058;1;2;1;3;1;1;1;1;1
279962;17,142;4;2;1;6;1;1;1;3;5
281462;17,225;1;3;1;4;1;1;1;2;5
282962;17,3;1;4;1;2;3;1;1;1;1
284462;17,388;1;5;1;4;1;3;6;1;2
285962;17,469;1;3;1;2;1;5;4;1;1
286962;17,528;1;2;1;3;1;1;1;1;1
288462;17,609;1;4;1;3;1;2;1;5;1
289962;17,702;1;5;1;3;1;2;1;4;1
291462;17,775;1;3;1;2;1;4;1;1;1
292962;17,85;1;6;1;2;4;5;3;1;1
294462;17,922;1;4;1;3;1;2;5;1;1
295479;17,966;1;2;1;1;1;3;1;1;1
296979;18,037;2;5;1;3;1;1;1;4;1
298479;18,108;2;3;1;1;1;1;1;4;1
299479;18,151;2;1;1;3;1;1;1;1;1
301479;18,251;4;6;2;5;3;1;7;1;1
302979;18,323;2;4;1;3;1;1;5;1;1
304479;18,389;2;4;1;1;1;3;1;1;1
305979;18,461;1;2;1;5;1;4;1;3;1
307479;18,532;1;4;1;2;1;1;1;3;1
308479;18,571;1;1;1;3;1;2;1;1;1
309979;18,624;1;5;1;4;2;3;1;1;1
311498;18,678;1;5;1;4;1;2;1;1;3
312998;18,742;4;5;1;2;1;3;1;1;1
314498;18,816;4;6;2;3;1;1;1;5;1
315998;18,884;4;3;2;1;1;1;1;5;1
316998;18,924;2;3;1;1;1;1;1;1;1
318498;18,993;3;4;1;1;2;1;5;1;1
319998;19,067;1;2;1;1;4;1;3;1;5
321498;19,136;1;4;1;1;2;3;1;1;1
322998;19,212;1;5;1;4;1;2;1;6;3
324498;19,286;1;4;1;2;1;5;1;3;1
325998;19,348;1;3;1;2;1;4;1;1;1
327520;19,406;6;5;3;2;1;4;1;1;1
329020;19,478;2;3;1;5;1;4;1;1;1
330520;19,553;3;5;1;4;1;2;1;1;1
332020;19,629;2;4;1;1;1;6;1;5;3
333520;19,704;1;3;1;1;1;5;1;2;4
334520;19,751;1;1;1;1;1;3;1;1;2
336020;19,829;1;3;5;1;1;4;1;1;2
337520;19,902;1;2;1;1;1;4;1;1;3
339020;19,975;1;3;5;4;1;6;1;1;2
341020;20,076;2;5;6;3;1;7;1;4;1
342520;20,145;1;4;5;2;1;1;1;3;1
343536;20,186;1;3;2;1;1;1;1;1;1
344536;20,226;1;3;2;1;1;1;1;1;1
346036;20,292;1;4;3;2;1;1;1;1;1
347536;20,359;1;4;5;1;1;1;3;1;2
349536;20,455;5;6;3;1;4;2;8;7;1
351036;20,527;2;3;1;1;1;1;5;4;1
352036;20,572;2;3;1;1;1;1;1;1;1
353036;20,616;2;3;1;1;1;1;1;1;1
354036;20,659;3;1;1;2;1;1;1;1;1
355536;20,731;4;1;2;5;1;1;1;1;3
357536;20,835;7;1;4;5;1;3;1;6;2
359051;20,908;5;1;2;3;1;4;1;1;1
360551;20,977;2;1;1;3;1;5;4;1;1
362051;21,047;2;1;1;3;1;4;1;1;1
363551;21,114;1;3;1;2;1;4;1;1;1
365051;21,187;3;5;1;4;1;1;1;1;2
366551;21,262;6;3;1;2;5;1;1;4;1
368051;21,334;1;6;3;2;5;1;1;4;1
369551;21,409;1;3;4;1;5;1;2;1;1
371051;21,479;1;3;1;1;2;1;4;1;1
372551;21,548;1;2;1;1;3;4;1;1;1
374051;21,618;1;4;5;1;2;1;1;1;3
375578;21,677;2;3;1;1;5;1;1;6;4
377078;21,739;6;4;1;2;1;1;1;5;3
378578;21,812;1;4;1;3;1;1;5;1;2
380078;21,883;1;2;1;1;1;1;4;1;3
381578;21,952;1;4;1;3;1;2;1;1;1
383078;22,033;1;3;4;2;1;5;1;1;1
384578;22,106;1;6;2;4;1;3;1;5;1
386078;22,222;4;6;2;3;1;1;1;5;1
387578;22,305;1;3;5;2;1;1;4;1;1
389078;22,358;1;3;2;1;1;1;4;1;1
390578;22,429;1;4;2;3;1;1;1;1;1
392101;22,5;1;1;2;4;1;1;1;1;3
394101;22,61;1;6;2;5;3;4;1;7;1
395601;22,688;2;4;1;5;1;6;1;3;1
397101;22,761;1;2;1;5;1;4;3;1;1
398601;22,829;1;2;1;1;1;4;3;1;1
399601;22,873;1;3;1;2;1;1;1;1;1
401101;22,946;1;4;1;2;1;5;1;1;3
402601;23,028;1;5;1;3;2;6;1;4;1
404101;23,106;4;5;1;3;1;2;1;6;1
405601;23,181;1;3;1;4;1;5;2;1;1
407101;23,245;1;3;1;2;1;4;1;1;1
408117;23,29;1;2;1;1;1;3;1;1;1
409617;23,355;1;2;4;1;1;5;1;1;3
411117;23,422;1;5;6;1;1;3;1;4;2
412617;23,489;4;3;6;1;1;5;1;2;1
414117;23,567;4;5;2;1;1;3;1;1;1
415617;23,626;4;3;1;1;1;2;1;1;1
417117;23,688;5;1;2;3;1;4;1;1;1
418617;23,744;3;1;4;2;1;1;1;1;1
420617;23,832;3;1;1;6;2;7;1;4;5
422117;23,896;3;1;1;1;1;5;1;2;4
423617;23,953;4;1;1;1;1;2;1;1;3
425139;24,017;5;3;1;1;1;4;1;1;2
426639;24,075;3;4;1;1;1;2;1;1;1
428139;24,138;3;4;2;1;1;5;1;1;1
429639;24,203;4;5;2;3;1;1;1;6;1
431139;24,267;1;3;2;6;5;1;1;4;1
432639;24,333;1;5;1;2;3;1;4;1;1
434139;24,395;1;2;1;3;4;1;1;1;1
435639;24,466;1;4;1;2;3;1;1;1;1
437139;24,535;1;5;1;4;2;1;1;1;3
438639;24,621;2;3;1;4;6;1;1;5;1
440139;24,689;2;4;1;3;6;1;1;5;1
441663;24,755;3;5;1;1;2;1;4;1;1
443163;24,814;1;3;1;1;4;1;2;1;1
444163;24,851;2;3;1;1;1;1;1;1;1
445663;24,912;5;3;1;1;2;4;1;1;1
447163;24,965;5;2;1;1;3;4;1;1;1
448663;25,04;4;5;2;3;1;6;1;1;1
450163;25,116;5;6;3;4;1;2;1;1;1
451663;25,187;2;3;4;1;1;5;1;1;1
453163;25,252;2;3;1;1;1;4;1;1;1
454663;25,324;5;1;4;1;1;2;1;1;3
456163;25,4;3;1;2;1;5;6;1;1;4
457689;25,474;3;1;4;1;2;5;1;1;1
459189;25,55;4;1;5;1;2;6;3;1;1
460689;25,627;4;1;2;1;1;5;3;1;1
462189;25,699;3;2;1;1;1;4;1;1;1
463689;25,769;2;1;3;1;1;4;1;1;1
465189;25,841;4;3;1;1;1;5;1;1;2
466689;25,914;5;3;1;1;1;4;1;2;1
468689;26,038;6;5;1;2;3;7;1;4;1
470189;26,104;4;2;1;1;1;3;1;1;1
471689;26,169;1;2;1;1;3;4;1;1;1
473189;26,251;2;3;4;1;1;5;1;1;1
474700;26,327;4;5;1;1;1;3;1;1;2
476200;26,398;4;3;1;1;1;5;1;2;1
477700;26,47;1;2;1;1;1;5;4;3;1
479200;26,541;1;3;1;1;1;2;4;1;1
480700;26,609;1;1;1;4;3;2;1;1;1
482200;26,679;1;4;2;3;1;5;1;1;1
483700;26,748;1;5;1;4;1;2;1;1;3
485200;26,822;3;6;1;4;1;1;1;5;2
486700;26,896;2;4;1;1;1;1;6;5;3
488200;26,966;1;2;1;1;1;1;3;1;4
489700;27,033;4;3;1;1;1;1;1;1;2
491218;27,105;2;3;1;1;5;1;1;1;4
492718;27,173;4;5;1;1;1;2;1;1;3
494218;27,246;2;4;1;1;1;6;1;1;3
495718;27,315;5;2;1;1;1;4;1;1;1
497218;27,386;2;3;1;1;1;5;4;1;1
498218;27,42;1;2;1;1;1;3;1;1;1
499718;27,472;3;4;2;1;1;5;1;1;1
501218;27,519;3;2;1;1;1;4;1;1;1
502718;27,573;2;4;1;5;1;6;1;3;1
504718;27,65;6;5;1;2;1;7;4;3;1
506218;27,698;3;1;1;1;1;4;2;1;1
507232;27,729;2;3;1;1;1;1;1;1;1
508732;27,777;2;1;1;1;3;4;1;1;1
510232;27,827;4;3;2;1;1;5;1;1;1
511732;27,88;5;1;2;3;1;6;1;4;1
513732;27,956;3;1;2;5;1;7;1;4;6
515232;28,005;3;1;1;2;1;4;1;1;1
516732;28,053;3;1;1;4;1;1;1;1;2
518232;28,103;3;1;1;5;1;4;1;1;2
519732;28,153;4;5;1;3;1;1;1;1;2
521232;28,206;3;4;1;5;1;1;1;6;2
522732;28,262;3;6;1;2;1;1;5;4;1
524254;28,32;3;4;1;2;1;1;1;1;1
525254;28,359;1;2;1;3;1;1;1;1;1
526754;28,413;4;3;1;2;1;5;1;1;1
528254;28,459;2;3;1;1;1;4;1;1;1
530254;28,534;7;6;1;4;1;2;1;5;3
531754;28,609;6;5;1;3;1;1;4;1;2
533254;28,68;5;1;1;4;1;1;2;1;3
534254;28,723;1;1;1;2;1;1;1;1;3
535254;28,765;2;1;1;1;1;1;1;1;3
536754;28,835;4;1;1;3;1;5;1;1;2
538254;28,905;4;1;1;3;1;5;1;1;2
540286;29,015;5;6;3;2;1;1;7;1;4
541786;29,09;4;5;3;1;1;1;1;1;2
543286;29,158;2;4;1;1;1;1;1;1;3
544786;29,224;2;3;1;1;1;1;1;1;4
546286;29,279;3;4;2;1;1;1;1;1;1
548286;29,379;6;4;2;3;1;7;1;5;1
550286;29,477;6;4;1;3;2;7;1;5;1
551786;29,542;3;1;1;2;1;4;1;1;1
553286;29,603;3;2;1;1;1;4;1;1;1
554786;29,659;3;2;1;1;1;4;1;1;1
556286;29,711;6;3;4;5;1;1;1;1;2
557803;29,767;5;3;6;4;1;1;1;2;1
559303;29,817;6;1;4;3;1;1;2;5;1
560803;29,865;4;1;2;1;1;1;3;1;1
561803;29,904;3;1;2;1;1;1;1;1;1
563303;29,973;5;1;3;4;1;2;1;1;1
564803;30,037;4;1;3;2;1;5;1;1;1
566303;30,108;2;3;4;5;1;6;1;1;1
567803;30,185;3;4;2;1;1;6;4;1;1
569303;30,253;4;3;2;1;1;5;1;1;1
570803;30,316;3;4;2;1;1;1;1;1;1
572303;30,38;3;4;2;1;1;1;1;1;1
573830;30,449;3;4;2;1;1;5;1;1;1
575330;30,52;5;6;2;4;1;3;1;1;1
577330;30,614;2;3;1;6;5;7;1;1;1
578830;30,675;1;2;1;4;1;3;1;1;1
580330;30,737;1;4;1;3;1;2;1;1;1
581830;30,848;1;4;1;2;1;3;1;1;1
583330;30,913;1;4;1;3;2;1;1;1;1
585330;31,008;6;7;1;5;3;2;1;1;4
587330;31,122;1;5;1;3;4;1;7;6;2
588830;31,212;1;4;1;2;1;1;5;3;1
589830;31,254;1;2;1;1;1;1;3;1;1
590847;31,297;1;2;1;1;1;1;3;1;1
591847;31,353;1;3;1;2;1;1;1;1;1
593347;31,428;4;6;5;3;1;1;1;1;2
595347;31,531;5;6;2;4;1;1;1;7;3
596847;31,606;2;4;1;1;1;1;1;5;3
598347;31,676;3;2;1;1;1;1;4;1;1
599847;31,747;3;1;1;1;1;1;2;1;4
601347;31,814;3;4;1;1;1;2;1;1;1
602847;31,883;4;5;2;1;1;3;1;1;1
604847;31,979;4;5;2;1;3;7;1;6;1
606347;32,047;4;3;1;1;2;5;1;1;1
607866;32,112;5;3;1;1;1;2;4;1;1
609366;32,172;4;1;1;1;1;3;1;1;1
610866;32,234;2;4;1;1;1;3;1;1;1
612366;32,298;5;1;3;1;1;4;1;1;2
613866;32,365;5;1;3;4;1;1;1;6;2
615366;32,432;2;1;3;6;1;1;1;5;4
616866;32,492;5;1;4;1;1;1;3;1;2
618366;32,551;1;1;4;1;1;1;2;1;3
619866;32,608;4;2;1;1;1;1;1;1;3
621366;32,661;4;3;2;1;1;5;1;1;1
622866;32,718;2;3;1;1;1;5;1;4;1
624383;32,775;4;3;1;1;5;6;1;2;1
625883;32,828;3;4;1;1;2;5;1;1;1
627383;32,886;3;2;1;1;1;4;1;1;1
628883;32,955;2;3;1;1;5;4;1;1;1
630383;33,017;3;2;1;1;4;5;1;1;1
631883;33,089;1;4;1;1;2;5;1;3;1
633383;33,164;1;3;1;2;1;5;1;4;1
634883;33,234;1;4;1;3;1;2;1;1;1
636383;33,303;1;3;1;2;1;4;1;1;1
637883;33,373;1;4;1;3;1;2;1;1;1
639383;33,45;3;5;1;4;1;6;1;1;2
641411;33,561;2;5;1;1;3;6;1;4;7
642911;33,634;1;5;1;1;3;2;1;4;1
644411;33,706;1;2;1;1;1;4;1;1;1
645911;33,776;1;3;1;1;2;4;1;1;1
646911;33,82;1;2;1;1;3;1;1;1;1
648411;33,893;2;4;1;3;1;5;1;1;1
650411;33,997;4;7;2;5;1;1;1;6;3
651911;34,07;1;4;1;2;1;1;1;3;5
653411;34,142;1;3;1;2;1;1;4;1;1
654911;34,212;1;4;1;3;1;1;1;1;2
656411;34,286;1;3;1;2;4;1;1;1;1
657941;34,366;1;5;1;4;2;1;1;1;3
659441;34,444;3;5;1;2;6;1;1;4;1
660941;34,515;5;3;1;2;1;1;1;4;1
662441;34,584;2;5;1;4;1;1;3;1;1
663941;34,653;2;3;1;1;1;1;4;1;1
664941;34,701;3;2;1;1;1;1;1;1;1
666441;34,775;3;4;1;2;1;5;1;1;1
667941;34,852;2;6;1;4;1;3;1;5;1
669441;34,925;1;5;1;2;1;3;1;4;1
670941;34,993;1;3;1;2;1;4;1;1;1
672441;35,064;1;2;1;3;1;4;1;1;1
673459;35,11;1;1;1;3;1;2;1;1;1
674959;35,183;1;3;2;4;1;5;1;1;1
676959;35,289;4;5;2;3;1;7;1;6;1
678459;35,363;2;4;1;3;1;1;1;5;1
679959;35,433;1;3;1;4;1;1;2;1;1
681459;35,5;2;4;1;1;1;1;3;1;1
682459;35,543;1;2;1;3;1;1;1;1;1
683959;35,61;3;4;1;2;1;1;1;1;1
685959;35,717;7;5;4;2;1;1;1;6;3
687459;35,797;2;6;4;1;3;1;1;5;1
688959;35,871;1;2;4;1;3;1;5;1;1
690481;35,943;1;2;3;1;1;1;4;1;1
691481;35,987;1;3;2;1;1;1;1;1;1
692981;36,055;1;4;2;1;3;1;1;1;1
694981;36,164;1;4;1;5;2;7;1;3;6
696481;36,245;4;5;1;1;1;3;1;6;2
697981;36,318;2;3;1;1;1;5;4;1;1
699481;36,385;3;4;1;1;1;2;1;1;1
700481;36,428;2;3;1;1;1;1;1;1;1
701981;36,5;3;4;2;1;1;5;1;1;1
703481;36,575;5;6;4;2;1;3;1;1;1
704981;36,653;5;6;4;2;1;1;1;1;3
706510;36,731;2;6;4;5;1;1;1;1;3
708010;36,781;5;3;2;4;1;1;1;1;1
709510;36,828;2;3;1;4;1;1;1;1;1
711010;36,878;2;5;1;4;3;1;1;1;1
712510;36,933;6;4;1;2;3;1;1;5;1
714010;37,003;1;4;1;2;5;1;1;3;1
715510;37,078;1;2;1;4;3;1;5;1;1
717010;37,148;1;4;1;2;3;1;1;1;1
718510;37,215;1;2;3;1;4;1;1;1;1
720010;37,278;1;4;1;2;3;1;1;1;1
722010;37,375;2;4;1;6;3;7;1;5;1
723534;37,462;1;3;1;5;2;4;1;1;1
725034;37,55;1;4;1;5;2;6;1;1;3
726534;37,627;1;5;1;2;1;3;1;1;4
728034;37,691;1;2;1;3;1;4;1;1;1
729534;37,757;1;5;4;1;1;2;1;1;3
731034;37,824;3;6;2;1;1;5;1;4;1
732534;37,886;3;4;2;1;1;5;1;1;1
734034;37,952;5;6;4;1;3;2;1;1;1
735534;38,014;3;4;2;1;1;5;1;1;1
737034;38,077;4;5;3;2;1;1;1;1;1
738534;38,136;3;2;1;4;1;1;1;1;5
740055;38,199;4;5;1;1;1;1;1;3;2
741555;38,259;3;1;1;1;1;1;1;4;2
743055;38,318;4;2;1;1;3;1;1;1;1
744555;38,372;3;4;1;1;6;5;1;1;2
746055;38,446;3;5;4;1;6;1;1;1;2
747555;38,518;3;6;4;1;5;1;1;1;2
749055;38,586;3;4;2;1;5;1;1;6;1
750555;38,655;4;3;2;1;1;1;1;5;1
751555;38,698;2;3;1;1;1;1;1;1;1
753055;38,765;3;4;2;1;1;1;1;1;1
754555;38,832;3;2;1;1;1;4;1;1;1
756591;38,939;6;2;1;5;1;7;3;1;4
758591;39,046;4;1;1;2;1;7;6;5;3
760091;39,119;4;1;1;1;1;2;1;5;3
761091;39,162;2;1;1;1;1;3;1;1;1
762091;39,206;3;1;1;1;1;1;1;1;2
763591;39,259;1;4;3;1;1;5;1;1;2
765091;39,311;1;4;3;1;1;5;1;1;2
767091;39,389;1;7;2;1;5;6;4;3;1
768591;39,456;1;3;1;1;2;5;1;4;1
769591;39,5;1;2;1;1;3;1;1;1;