Iteration;Time;TD-0;TD-1;TD-2;TD-3;TD-4;TD-5;TD-6;TD-7;TD-8;
2115;0,912;0;0;4;4;0;4;4;0;0
3790;1,149;0;0;3;3;0;3;3;4;0
5290;1,331;0;0;2;2;0;2;2;3;0
6936;1,559;0;0;1;1;0;1;1;2;0
8436;1,822;0;0;0;0;0;0;0;1;0
10436;2,164;4;0;5;0;0;0;5;0;0
12057;2,292;3;4;4;0;0;0;4;0;0
13557;2,542;2;3;3;4;0;0;3;4;0
14557;2,705;1;2;2;3;0;0;2;3;0
15557;2,765;0;1;1;2;0;0;1;2;0
17167;2,865;0;0;0;1;0;0;0;1;0
19167;2,991;4;5;0;0;0;0;0;0;0
21167;3,13;3;4;0;0;4;0;4;0;0
22667;3,235;2;3;0;0;3;0;3;0;4
24167;3,339;1;2;0;0;2;0;2;0;3
25718;3,435;0;1;0;0;1;0;1;0;2
27218;3,525;0;0;4;0;0;0;0;0;1
29218;3,648;0;0;3;0;0;0;5;4;0
30718;3,734;4;0;2;4;0;0;4;3;0
32218;3,805;3;0;1;3;0;0;3;2;0
33718;3,89;2;0;0;2;0;0;2;1;0
35246;3,988;1;0;0;1;0;4;1;0;0
36746;4,083;0;0;0;0;0;3;0;0;4
38746;4,214;5;0;0;0;0;2;6;4;3
40246;4,3;4;0;0;0;0;1;5;3;2
41746;4,385;3;0;0;0;0;0;4;2;1
43246;4,455;2;0;4;4;0;0;3;1;0
44746;4,547;1;0;3;3;0;0;2;0;0
46269;4,647;0;0;2;2;4;0;1;0;0
47769;4,733;0;0;1;1;3;0;0;0;4
49269;4,832;0;0;0;0;2;0;7;4;3
50769;4,937;0;0;5;0;1;0;6;3;2
52269;5,04;0;0;4;0;0;0;5;2;1
53769;5,191;0;0;3;0;0;4;4;1;0
55269;5,29;0;0;2;0;0;3;3;0;5
56769;5,379;0;4;1;0;0;2;2;0;4
58291;5,473;0;3;0;0;0;1;1;4;3
59791;5,555;0;2;0;0;0;0;0;3;2
61291;5,651;0;1;4;0;0;0;8;2;1
62791;5,718;0;0;3;0;0;0;99;1;0
64291;5,806;0;5;2;4;0;0;99;0;0
65791;5,892;0;4;1;3;0;0;99;5;0
67291;5,973;0;3;0;2;0;0;99;4;0
68791;6,037;4;2;0;1;0;0;99;3;0
70291;6,121;3;1;4;0;0;0;99;2;0
71819;6,214;2;0;3;0;0;0;99;1;0
73319;6,3;1;0;2;0;4;0;99;0;0
74819;6,39;0;0;1;4;3;0;99;0;0
76319;6,481;5;0;0;3;2;0;99;4;0
77819;6,574;4;0;0;2;1;0;99;3;0
79319;6,647;3;0;4;1;0;0;99;2;0
80819;6,716;2;0;3;0;0;0;99;1;0
82319;6,805;1;0;2;0;0;0;99;0;0
83819;6,898;0;0;1;4;0;0;99;5;0
85319;6,983;0;0;0;3;0;4;99;4;0
86847;7,071;0;4;0;2;0;3;99;3;0
88347;7,15;0;3;4;1;0;2;99;2;0
89347;7,2;0;2;3;0;0;1;99;1;0
90847;7,277;0;1;2;0;0;0;99;0;0
92347;7,381;4;0;1;0;0;0;99;0;0
93847;7,474;3;0;0;0;4;0;99;4;0
95347;7,574;2;0;0;4;3;0;99;3;0
96847;7,756;1;0;4;3;2;0;99;2;0
97847;7,837;0;0;3;2;1;0;99;1;0
99347;7,948;0;0;2;1;0;0;99;0;0
100847;8,068;0;0;1;0;0;0;99;5;0
102368;8,26;4;0;0;0;0;0;99;4;0
103868;8,554;3;0;5;0;0;0;99;3;0
105368;8,765;2;0;4;0;0;4;99;2;0
106868;9,009;1;0;3;0;0;3;99;1;0
108368;9,135;0;0;2;0;0;2;99;0;0
109868;9,313;0;4;1;0;0;1;99;0;0
111368;9,524;4;3;0;0;0;0;99;4;0
112868;9,702;3;2;0;0;4;0;99;3;0
114368;9,933;2;1;0;0;3;0;99;2;0
115868;10,094;1;0;0;0;2;0;99;1;0
117368;10,183;0;0;0;4;1;0;99;0;0
118892;10,274;5;0;0;3;0;0;99;0;0
120392;10,362;4;0;0;2;5;0;99;4;0
121892;10,446;3;0;0;1;4;0;99;3;0
123392;10,528;2;0;0;0;3;0;99;2;0
124892;10,672;1;4;0;0;2;0;99;1;0
126392;10,876;0;3;0;0;1;0;99;0;0
127892;11,058;0;2;0;4;0;0;99;0;0
129392;11,288;0;1;0;3;6;0;99;4;0
130892;11,401;0;0;0;2;5;0;99;3;0
132392;11,497;0;0;0;1;4;4;99;2;0
133892;11,583;0;0;0;0;3;3;99;1;0
135414;11,685;4;0;0;0;2;2;99;0;0
136914;11,786;3;0;0;0;1;1;99;0;4
138414;11,894;2;0;0;0;0;0;99;0;3
139914;11,995;1;4;0;0;0;0;99;4;2
141414;12,086;0;3;0;0;0;0;99;3;1
142914;12,18;0;2;0;0;4;0;99;2;0
144414;12,268;4;1;0;0;3;0;99;1;0
145914;12,361;3;0;0;0;2;0;99;0;0
147414;12,454;2;0;0;0;1;0;99;0;4
148914;12,541;1;4;0;0;0;0;99;4;3
150414;12,626;0;3;0;0;0;0;99;3;2
151944;12,718;0;2;0;0;4;0;99;2;1
153444;12,8;0;1;0;0;3;0;99;1;0
154944;12,884;4;0;0;0;2;0;99;0;0
156444;12,977;3;5;0;0;1;0;99;0;0
157944;13,071;2;4;0;0;0;4;99;4;0
159444;13,155;1;3;0;0;0;3;99;3;0
160944;13,243;0;2;0;0;0;2;99;2;0
162444;13,338;5;1;0;0;0;1;99;1;0
163944;13,421;4;0;0;0;0;0;99;0;0
165944;13,544;3;0;0;4;4;0;99;0;0
167444;13,634;2;4;0;3;3;0;99;4;0
168460;13,691;1;3;0;2;2;0;99;3;0
169460;13,746;0;2;0;1;1;0;99;2;0
170960;13,823;0;1;0;0;0;0;99;1;0
172460;13,907;0;0;0;5;0;0;99;0;0
174460;14,032;4;0;0;4;4;0;99;0;0
175960;14,121;3;4;0;3;3;0;99;4;0
176960;14,173;2;3;0;2;2;0;99;3;0
177960;14,222;1;2;0;1;1;0;99;2;0
178960;14,271;0;1;0;0;0;0;99;1;0
180460;14,35;5;0;0;0;0;0;99;0;0
182460;14,464;4;0;0;4;4;0;99;0;0
183977;14,548;3;0;0;3;3;4;99;4;0
184977;14,604;2;0;0;2;2;3;99;3;0
185977;14,66;1;0;0;1;1;2;99;2;0
186977;14,716;0;0;0;0;0;1;99;1;0
188477;14,804;0;0;0;0;5;0;99;0;0
190477;14,929;0;4;0;4;4;0;99;0;0
191977;15,021;0;3;0;3;3;4;99;4;0
192977;15,074;0;2;0;2;2;3;99;3;0
193977;15,132;0;1;0;1;1;2;99;2;0
194977;15,184;0;0;0;0;0;1;99;1;0
196477;15,276;0;0;4;0;0;0;99;0;0
198514;15,497;0;0;3;4;0;5;99;0;0
200014;15,592;0;0;2;3;0;4;99;4;4
201014;15,644;0;0;1;2;0;3;99;3;3
202014;15,698;0;0;0;1;0;2;99;2;2
203514;15,787;0;0;0;0;0;1;99;1;1
205014;15,874;0;0;0;5;0;0;99;0;0
207014;16,028;4;0;0;4;0;6;99;0;0
208514;16,206;3;4;0;3;0;5;99;4;0
209514;16,279;2;3;0;2;0;4;99;3;0
210514;16,327;1;2;0;1;0;3;99;2;0
211514;16,377;0;1;0;0;0;2;99;1;0
213038;16,464;0;0;0;6;0;1;99;0;0
214538;16,582;0;0;0;5;4;0;99;0;0
216038;16,667;0;4;0;4;3;0;99;4;0
217538;16,741;0;3;0;3;2;0;99;3;0
219038;16,813;0;2;0;2;1;0;99;2;0
220538;16,896;0;1;0;1;0;0;99;1;0
222038;16,98;0;0;0;0;0;4;99;0;0
224038;17,09;4;0;0;0;0;3;99;0;4
225538;17,179;3;0;0;4;0;2;99;4;3
226538;17,229;2;0;0;3;0;1;99;3;2
227538;17,27;1;0;0;2;0;0;99;2;1
229064;17,345;0;0;0;1;0;0;99;1;0
230564;17,438;0;0;0;0;4;0;99;0;0
232564;17,563;4;4;0;0;3;0;99;0;0
234064;17,654;3;3;0;0;2;0;99;4;0
235564;17,744;2;2;0;0;1;0;99;3;0
237064;17,841;1;1;0;0;0;0;99;2;0
238564;17,93;0;0;0;0;5;0;99;1;0
240064;18,022;5;0;0;0;4;0;99;0;0
241564;18,119;4;0;0;4;3;0;99;0;0
243064;18,214;3;0;0;3;2;4;99;4;0
244064;18,27;2;0;0;2;1;3;99;3;0
245073;18,327;1;0;0;1;0;2;99;2;0
246573;18,418;0;0;0;0;0;1;99;1;0
248073;18,512;0;0;4;0;0;0;99;0;0
250073;18,644;4;0;3;4;0;0;99;0;0
251573;18,736;3;0;2;3;4;0;99;4;0
252573;18,792;2;0;1;2;3;0;99;3;0
253573;18,848;1;0;0;1;2;0;99;2;0
255073;18,933;0;0;0;0;1;0;99;1;0
256573;19,025;5;0;0;0;0;0;99;0;0
258573;19,162;4;0;0;4;5;0;99;0;0
260073;19,252;3;4;0;3;4;0;99;4;0
261084;19,312;2;3;0;2;3;0;99;3;0
262084;19,366;1;2;0;1;2;0;99;2;0
263084;19,421;0;1;0;0;1;0;99;1;0
264584;19,515;0;0;0;5;0;0;99;0;0
266584;19,649;4;0;0;4;6;0;99;0;0
268084;19,739;3;0;0;3;5;0;99;4;0
269584;19,821;2;0;0;2;4;0;99;3;0
271084;19,896;1;0;0;1;3;0;99;2;0
272584;19,972;0;0;0;0;2;0;99;1;0
274084;20,056;5;0;0;0;1;0;99;0;0
275584;20,139;4;0;0;4;0;0;99;0;0
277107;20,222;3;0;0;3;0;4;99;4;0
278607;20,293;2;0;0;2;0;3;99;3;0
280107;20,369;1;0;0;1;0;2;99;2;0
281607;20,453;0;0;0;0;0;1;99;1;0
283107;20,547;0;0;0;5;0;0;99;0;0
285107;20,679;0;4;0;4;4;0;99;0;0
286607;20,769;0;3;0;3;3;0;99;4;0
288107;20,852;0;2;0;2;2;0;99;3;0
289607;20,936;0;1;0;1;1;0;99;2;0
291107;21,02;0;0;0;0;0;0;99;1;0
293107;21,156;4;0;0;6;0;0;99;0;0
294632;21,253;3;4;0;5;0;0;99;0;0
296132;21,355;2;3;0;4;4;0;99;4;0
297132;21,411;1;2;0;3;3;0;99;3;0
298132;21,467;0;1;0;2;2;0;99;2;0
299632;21,552;0;0;0;1;1;0;99;1;0
301132;21,641;4;0;0;0;0;0;99;0;0
303132;21,772;3;4;0;7;0;0;99;0;0
304632;21,862;2;3;0;6;0;4;99;4;0
305632;21,918;1;2;0;5;0;3;99;3;0
306632;21,958;0;1;0;4;0;2;99;2;0
308132;22,019;0;0;0;3;0;1;99;1;0
309655;22,098;0;5;0;2;0;0;99;0;0
311155;22,185;0;4;0;1;0;5;99;0;0
312655;22,272;0;3;4;0;0;4;99;4;0
314155;22,356;0;2;3;0;0;3;99;3;0
315655;22,439;0;1;2;0;0;2;99;2;0
317155;22,524;0;0;1;0;0;1;99;1;0
318655;22,612;4;0;0;0;0;0;99;0;0
320655;22,744;3;4;5;0;0;0;99;0;0
322155;22,833;2;3;4;0;4;0;99;4;0
323155;22,886;1;2;3;0;3;0;99;3;0
324155;22,942;0;1;2;0;2;0;99;2;0
325676;23,03;0;0;1;0;1;0;99;1;0
327176;23,122;4;0;0;0;0;0;99;0;0
329176;23,252;3;4;0;4;0;0;99;0;0
330676;23,325;2;3;0;3;0;0;99;4;4
331676;23,381;1;2;0;2;0;0;99;3;3
332676;23,435;0;1;0;1;0;0;99;2;2
334176;23,519;0;0;0;0;0;0;99;1;1
335676;23,604;4;0;0;0;0;0;99;0;0
337676;23,722;3;4;0;4;0;0;99;0;0
339176;23,805;2;3;4;3;0;0;99;4;0
340176;23,858;1;2;3;2;0;0;99;3;0
341190;23,941;0;1;2;1;0;0;99;2;0
342690;24,023;0;0;1;0;0;0;99;1;0
344190;24,116;4;0;0;0;0;0;99;0;0
346190;24,366;3;0;5;0;4;0;99;0;0
347690;24,497;2;0;4;0;3;0;99;4;4
348690;24,589;1;0;3;0;2;0;99;3;3
349690;24,643;0;0;2;0;1;0;99;2;2
351190;24,737;0;0;1;0;0;0;99;1;1
352690;24,828;0;0;0;0;5;0;99;0;0
354690;24,952;0;0;0;4;4;4;99;0;0
356190;25,036;0;0;0;3;3;3;99;4;0
357717;25,16;0;0;0;2;2;2;99;3;0
359217;25,259;0;0;0;1;1;1;99;2;0
360717;25,341;0;0;0;0;0;0;99;1;0
362717;25,466;0;0;0;0;6;5;99;0;0
364217;25,555;0;0;0;0;5;4;99;5;0
365717;25,646;0;0;0;4;4;3;99;4;0
367217;25,735;0;0;0;3;3;2;99;3;0
368717;25,827;0;0;0;2;2;1;99;2;0
370217;25,891;0;0;0;1;1;0;99;1;0
371717;25,953;4;0;0;0;0;0;99;0;0
373717;26,049;3;4;0;0;7;0;99;0;0
375243;26,123;2;3;0;0;6;0;99;4;4
376243;26,169;1;2;0;0;5;0;99;3;3
377243;26,221;0;1;0;0;4;0;99;2;2
378743;26,303;0;0;0;0;3;0;99;1;1
380243;26,39;0;0;0;0;2;4;99;0;0
381743;26,478;4;0;0;0;1;3;99;0;0
383243;26,55;3;0;0;0;0;2;99;4;4
384743;26,612;2;0;0;0;0;1;99;3;3
386243;26,672;1;0;0;0;0;0;99;2;2
387743;26,737;0;0;0;0;0;5;99;1;1
389243;26,803;0;0;0;4;0;4;99;0;0
390768;26,896;4;0;0;3;0;3;99;0;0
392268;26,986;3;4;0;2;0;2;99;4;0
393268;27,04;2;3;0;1;0;1;99;3;0
394268;27,093;1;2;0;0;0;0;99;2;0
395768;27,182;0;1;0;0;4;0;99;1;0
397268;27,265;0;0;0;4;3;0;99;0;0
398768;27,352;4;0;0;3;2;0;99;0;0
400268;27,423;3;0;0;2;1;0;99;4;0
401768;27,499;2;0;0;1;0;0;99;3;0
403268;27,589;1;0;0;0;5;0;99;2;0
404768;27,679;0;4;0;0;4;0;99;1;0
406292;27,775;5;3;0;0;3;0;99;0;0
407792;27,863;4;2;0;0;2;0;99;5;0
409292;27,949;3;1;0;0;1;0;99;4;0
410792;28,037;2;0;0;0;0;0;99;3;0
412292;28,129;1;0;0;4;0;0;99;2;0
413792;28,218;0;0;0;3;4;0;99;1;0
415292;28,305;0;0;0;2;3;4;99;0;0
416792;28,386;0;0;0;1;2;3;99;0;4
418292;28,463;0;0;0;0;1;2;99;4;3
419792;28,545;0;0;0;0;0;1;99;3;2
421292;28,616;0;0;0;0;5;0;99;2;1
422812;28,68;0;0;0;0;4;5;99;1;0
424312;28,74;0;0;4;0;3;4;99;0;0
425812;28,8;0;0;3;4;2;3;99;0;0
427312;28,859;0;0;2;3;1;2;99;4;0
428312;28,906;0;0;1;2;0;1;99;3;0
429812;28,992;0;0;0;1;0;0;99;2;0
431312;29,085;0;0;0;0;4;0;99;1;0
432812;29,177;4;0;0;0;3;0;99;0;0
434312;29,267;3;0;0;0;2;0;99;5;0
435812;29,35;2;0;0;0;1;4;99;4;0
437312;29,414;1;0;0;0;0;3;99;3;0
438835;29,506;0;4;0;0;0;2;99;2;0
440335;29,592;0;3;4;0;0;1;99;1;0
441835;29,671;0;2;3;0;0;0;99;0;0
443335;29,757;0;1;2;0;4;0;99;6;0
444835;29,839;0;0;1;0;3;0;99;5;0
446335;29,921;0;5;0;0;2;0;99;4;0
447835;30,008;0;4;0;0;1;4;99;3;0
449335;30,103;0;3;0;0;0;3;99;2;0
450835;30,19;4;2;0;0;0;2;99;1;0
452335;30,281;3;1;0;0;0;1;99;0;0
453835;30,368;2;0;0;0;0;0;99;0;4
455359;30,464;1;0;0;0;4;0;99;4;3
456859;30,552;0;0;0;0;3;0;99;3;2
458359;30,718;0;0;4;0;2;0;99;2;1
459859;30,886;0;0;3;0;1;0;99;1;0
461359;31,025;0;0;2;0;0;0;99;0;5
462859;31,163;0;0;1;0;5;0;99;0;4
464359;31,232;0;0;0;4;4;0;99;4;3
465859;31,319;0;0;0;3;3;0;99;3;2
467359;31,392;0;0;0;2;2;0;99;2;1
468859;31,477;0;0;0;1;1;0;99;1;0
470359;31,556;0;4;0;0;0;0;99;0;0
472390;31,689;4;3;0;0;6;0;99;0;0
473890;31,778;3;2;0;0;5;0;99;4;0
475390;31,862;2;1;0;0;4;0;99;3;0
476890;31,962;1;0;0;0;3;0;99;2;0
478390;32,055;0;5;0;0;2;0;99;1;0
479890;32,146;5;4;0;0;1;0;99;0;0
481390;32,235;4;3;0;4;0;0;99;0;0
482890;32,331;3;2;0;3;0;0;99;4;0
484390;32,416;2;1;0;2;0;0;99;3;0
485890;32,503;1;0;0;1;0;0;99;2;0
487390;32,59;0;0;0;0;4;0;99;1;0
488919;32,688;0;4;0;0;3;0;99;0;0
490419;32,782;0;3;4;0;2;0;99;0;0
491919;32,873;0;2;3;0;1;0;99;4;0
493419;32,958;0;1;2;0;0;0;99;3;0
494919;33,043;0;0;1;0;5;0;99;2;0
496419;33,133;4;0;0;0;4;0;99;1;0
497919;33,227;3;4;0;0;3;0;99;0;0
499419;33,316;2;3;4;0;2;0;99;0;0
500919;33,404;1;2;3;0;1;0;99;4;0
501919;33,462;0;1;2;0;0;0;99;3;0
503419;33,554;0;0;1;0;6;0;99;2;0
504938;33,648;0;5;0;0;5;0;99;1;0
506438;33,737;0;4;5;0;4;0;99;0;0
507938;33,825;0;3;4;0;3;0;99;5;0
509438;33,911;0;2;3;0;2;0;99;4;0
510938;33,995;0;1;2;0;1;0;99;3;0
512438;34,078;0;0;1;0;0;0;99;2;0
513938;34,171;4;0;0;0;0;0;99;1;0
515438;34,265;3;4;0;0;0;0;99;0;0
516938;34,363;2;3;0;0;0;0;99;6;0
518438;34,441;1;2;0;0;4;0;99;5;0
519938;34,503;0;1;0;0;3;0;99;4;0
521466;34,569;5;0;0;0;2;0;99;3;0
522966;34,631;4;0;0;0;1;0;99;2;4
524466;34,692;3;0;0;0;0;0;99;1;3
525966;34,772;2;4;0;0;0;0;99;0;2
527466;34,863;1;3;0;0;0;0;99;7;1
528966;34,948;0;2;0;0;0;0;99;6;0
530466;35,038;0;1;0;0;4;0;99;5;0
531966;35,126;4;0;0;0;3;0;99;4;0
533466;35,217;3;0;0;0;2;4;99;3;0
534966;35,303;2;0;0;0;1;3;99;2;0
536466;35,387;1;0;0;0;0;2;99;1;0
537987;35,487;0;4;0;0;0;1;99;0;0
539487;35,58;0;3;0;0;0;0;99;0;4
540987;35,673;0;2;0;0;4;0;99;4;3
542487;35,759;0;1;0;0;3;0;99;3;2
543987;35,843;0;0;0;0;2;0;99;2;1
545487;35,933;0;0;4;0;1;0;99;1;0
546987;36,021;0;0;3;4;0;0;99;0;0
548487;36,112;0;0;2;3;0;0;99;5;0
549987;36,175;0;0;1;2;4;0;99;4;0
551487;36,236;0;0;0;1;3;0;99;3;0
552987;36,298;0;0;5;0;2;0;99;2;0
554514;36,37;0;0;4;0;1;0;99;1;4
556014;36,455;0;0;3;0;0;0;99;0;3
557514;36,549;0;0;2;0;0;0;99;6;2
559014;36,639;0;4;1;0;0;0;99;5;1
560514;36,73;0;3;0;0;0;0;99;4;0
562014;36,826;0;2;0;0;0;4;99;3;0
563514;36,913;0;1;4;0;0;3;99;2;0
565014;36,999;0;0;3;0;0;2;99;1;0
566514;37,085;0;5;2;0;0;1;99;0;0
568014;37,175;4;4;1;0;0;0;99;0;0
569514;37,263;3;3;0;0;4;0;99;4;0
571037;37,346;2;2;0;0;3;0;99;3;0
572537;37,422;1;1;0;0;2;0;99;2;0
574037;37,499;0;0;0;0;1;0;99;1;0
575537;37,584;0;0;0;0;0;0;99;0;4
577537;37,7;0;0;4;0;0;0;99;5;3
579037;37,791;0;0;3;0;4;0;99;4;2
580537;37,875;0;0;2;0;3;0;99;3;1
582037;37,956;0;0;1;0;2;0;99;2;0
583537;38,045;0;4;0;0;1;0;99;1;0
585037;38,133;0;3;5;0;0;0;99;0;0
586537;38,22;0;2;4;0;0;0;99;6;0
588065;38,31;0;1;3;0;4;0;99;5;0
589565;38,389;0;0;2;0;3;0;99;4;0
591065;38,459;0;0;1;0;2;4;99;3;0
592565;38,539;0;0;0;0;1;3;99;2;0
594065;38,616;0;0;6;0;0;2;99;1;0
595565;38,702;0;0;5;0;5;1;99;0;0
597065;38,792;0;0;4;4;4;0;99;0;0
598565;38,87;0;0;3;3;3;0;99;4;0
600065;38,953;0;0;2;2;2;0;99;3;0
601565;39,036;0;0;1;1;1;0;99;2;0
603065;39,121;0;0;0;0;0;0;99;1;0
605096;39,251;4;0;7;0;0;0;99;0;0
606596;39,348;3;0;6;0;0;0;99;5;0
608096;39,439;2;0;5;0;4;0;99;4;0
609596;39,525;1;0;4;0;3;0;99;3;0
611096;39,61;0;0;3;0;2;0;99;2;0
612596;39,701;0;4;2;0;1;0;99;1;0
614096;39,788;0;3;1;0;0;0;99;0;0
615596;39,879;0;2;0;0;0;0;99;0;4
617096;39,972;0;1;0;0;0;0;99;4;3
618596;40,061;0;0;0;0;4;0;99;3;2
620096;40,15;0;0;0;0;3;4;99;2;1
621620;40,237;0;0;0;0;2;3;99;1;0
623120;40,325;4;0;0;0;1;2;99;0;0
624620;40,412;3;4;0;0;0;1;99;0;0
626120;40,505;2;3;0;0;0;0;99;4;4
627620;40,589;1;2;0;0;0;0;99;3;3
629120;40,675;0;1;0;0;0;0;99;2;2
630620;40,762;0;0;0;0;4;0;99;1;1
632120;40,852;0;0;4;0;3;0;99;0;0
633620;40,946;0;0;3;0;2;0;99;5;0
635120;41,036;4;0;2;0;1;0;99;4;0
636620;41,123;3;0;1;0;0;0;99;3;0
638142;41,215;2;0;0;0;5;0;99;2;0
639642;41,305;1;0;5;0;4;0;99;1;0
641142;41,388;0;0;4;0;3;0;99;0;0
642642;41,468;0;0;3;0;2;4;99;0;0
644142;41,53;4;0;2;0;1;3;99;4;0
645142;41,566;3;0;1;0;0;2;99;3;0
646642;41,63;2;0;0;0;0;1;99;2;0
648142;41,705;1;4;0;0;0;0;99;1;0
649642;41,767;0;3;0;0;4;0;99;0;0
651142;41,852;0;2;0;0;3;0;99;5;0
652642;41,941;0;1;4;0;2;0;99;4;0
654167;42,031;0;0;3;0;1;0;99;3;0
655667;42,117;0;5;2;0;0;0;99;2;0
657167;42,209;0;4;1;4;0;0;99;1;0
658667;42,291;0;3;0;3;0;0;99;0;0
660167;42,382;0;2;5;2;0;0;99;0;0
661667;42,456;0;1;4;1;0;0;99;4;0
663167;42,514;0;0;3;0;0;0;99;3;0
664667;42,579;0;6;2;0;0;0;99;2;0
666167;42,653;0;5;1;4;0;0;99;1;0
667667;42,74;0;4;0;3;0;0;99;0;0
669167;42,824;0;3;0;2;4;0;99;0;0
670687;42,91;0;2;4;1;3;0;99;4;0
671687;42,949;0;1;3;0;2;0;99;3;0
673187;43,005;0;0;2;0;1;0;99;2;0
674687;43,067;0;0;1;0;0;4;99;1;0
676187;43,129;0;4;0;0;0;3;99;0;0
677687;43,217;0;3;5;0;0;2;99;0;0
679187;43,298;4;2;4;0;0;1;99;4;0
680187;43,335;3;1;3;0;0;0;99;3;0
681687;43,4;2;0;2;0;0;0;99;2;0
683187;43,464;1;0;1;0;0;4;99;1;0
684687;43,523;0;0;0;0;0;3;99;0;0
686725;43,619;0;4;0;0;4;2;99;0;0
688246;43,703;0;3;4;0;3;1;99;4;0
689246;43,751;0;2;3;0;2;0;99;3;0
690767;43,83;0;1;2;0;1;0;99;2;0
692267;43,906;0;0;1;0;0;0;99;1;0
693767;43,987;0;0;0;0;5;0;99;0;0
695798;44,104;0;0;0;4;4;0;99;0;4
697298;44,181;0;0;0;3;3;0;99;4;3
698798;44,256;0;0;0;2;2;0;99;3;2
700298;44,33;0;0;0;1;1;0;99;2;1
701822;44,416;0;0;0;0;0;0;99;1;0
703822;44,532;0;4;0;0;6;0;99;0;0
705322;44,617;0;3;0;0;5;0;99;5;0
706822;44,695;0;2;4;0;4;0;99;4;0
708322;44,778;0;1;3;0;3;0;99;3;0
709848;44,853;0;0;2;0;2;0;99;2;0
711348;44,931;0;5;1;0;1;0;99;1;0
712848;45,021;0;4;0;0;0;0;99;0;0
714848;45,163;0;3;0;0;7;0;99;6;0
716348;45,248;0;2;4;0;6;0;99;5;0
717848;45,343;0;1;3;0;5;0;99;4;0
719368;45,426;0;0;2;0;4;0;99;3;0
720868;45,512;0;0;1;4;3;0;99;2;0
722368;45,593;0;0;0;3;2;0;99;1;0
723868;45,747;0;0;0;2;1;4;99;0;0
725368;45,836;0;0;0;1;0;3;99;0;4
726868;45,922;0;4;0;0;0;2;99;4;3
728368;46,006;0;3;0;0;0;1;99;3;2
729900;46,094;0;2;0;0;0;0;99;2;1
731400;46,194;0;1;0;0;4;0;99;1;0
732900;46,298;0;0;0;4;3;0;99;0;0
734400;46,392;0;0;0;3;2;0;99;5;0
735900;46,488;0;4;0;2;1;0;99;4;0
737400;46,574;0;3;0;1;0;0;99;3;0
738900;46,662;0;2;4;0;0;0;99;2;0
740400;46,739;0;1;3;0;4;0;99;1;0
741923;46,833;0;0;2;0;3;0;99;0;0
743423;46,927;0;0;1;0;2;0;99;6;0
744923;47,015;0;4;0;0;1;0;99;5;0
746423;47,104;0;3;5;0;0;0;99