Iteration;Time;TD-0;TD-1;TD-2;TD-3;TD-4;TD-5;TD-6;TD-7;TD-8;
2090;0,714;0;0;4;0;0;4;4;0;4
3590;0,886;4;0;3;0;0;3;3;4;3
4635;0,948;3;0;2;0;0;2;2;3;2
5635;1,049;2;0;1;0;0;1;1;2;1
6635;1,092;1;0;0;0;0;0;0;1;0
8694;1,293;0;0;0;0;4;0;0;0;5
10694;1,436;0;0;0;4;3;0;4;5;4
12194;1,496;0;0;0;3;2;0;3;4;3
13694;1,563;0;0;0;2;1;0;2;3;2
15230;1,751;0;0;0;1;0;0;1;2;1
16730;1,813;0;0;4;0;0;0;0;1;0
18730;1,925;0;0;3;5;4;0;0;0;0
20230;2,015;4;0;2;4;3;0;0;0;0
21730;2,158;3;0;1;3;2;0;4;4;0
22748;2,278;2;0;0;2;1;0;3;3;4
23748;2,38;1;0;0;1;0;0;2;2;3
25248;2,461;0;0;0;0;0;0;1;1;2
26748;2,56;0;0;0;6;0;0;0;0;1
28748;2,654;4;0;0;5;0;4;0;0;0
30248;2,747;3;0;0;4;4;3;0;4;0
31776;2,816;2;0;0;3;3;2;0;3;0
33276;2,885;1;0;0;2;2;1;0;2;0
34776;2,954;0;0;0;1;1;0;4;1;0
36276;3,016;5;0;0;0;0;0;3;0;0
38276;3,122;4;0;0;0;5;0;2;0;4
39776;3,197;3;0;0;4;4;0;1;4;3
40776;3,243;2;0;0;3;3;0;0;3;2
42307;3,322;1;0;0;2;2;0;0;2;1
43807;3,385;0;0;0;1;1;0;4;1;0
45307;3,478;0;0;4;0;0;0;3;0;0
47307;3,57;4;0;3;0;0;0;2;0;4
48807;3,628;3;0;2;4;0;0;1;4;3
49807;3,658;2;0;1;3;0;0;0;3;2
51307;3,716;1;0;0;2;0;0;0;2;1
52807;3,774;0;0;0;1;4;0;4;1;0
54337;3,828;0;0;4;0;3;0;3;0;0
55837;3,884;0;0;3;5;2;0;2;0;0
57337;3,95;4;0;2;4;1;0;1;4;0
58337;3,995;3;0;1;3;0;0;0;3;0
59837;4,142;2;0;0;2;0;0;0;2;4
61337;4,247;1;0;5;1;0;0;0;1;3
62837;4,314;0;0;4;0;0;0;0;0;2
64837;4,408;5;0;3;6;0;0;0;0;1
66337;4,467;4;0;2;5;0;0;4;4;0
67864;4,537;3;0;1;4;0;0;3;3;0
69364;4,587;2;0;0;3;0;0;2;2;0
70864;4,639;1;0;0;2;0;0;1;1;4
72364;4,693;0;0;0;1;0;0;0;0;3
74364;4,788;0;0;0;0;4;4;0;0;2
75864;4,874;0;0;4;0;3;3;0;4;1
77364;4,942;0;0;3;0;2;2;0;3;0
78864;5,003;4;0;2;0;1;1;0;2;0
80364;5,081;3;0;1;0;0;0;0;1;0
81864;5,176;2;0;0;0;0;0;4;0;0
83903;5,299;1;0;5;0;0;0;3;5;0
85403;5,381;0;0;4;0;0;0;2;4;4
86903;5,461;0;0;3;4;0;0;1;3;3
88403;5,544;0;0;2;3;0;0;0;2;2
89903;5,667;0;0;1;2;0;4;0;1;1
91403;5,747;0;0;0;1;0;3;0;0;0
93403;5,905;0;0;0;0;4;2;0;6;0
94903;5,984;4;0;0;0;3;1;0;5;0
96403;6,056;3;0;0;0;2;0;0;4;4
97903;6,13;2;0;0;4;1;0;0;3;3
99403;6,202;1;0;0;3;0;0;0;2;2
100932;6,278;0;0;0;2;0;4;0;1;1
102432;6,363;5;0;0;1;0;3;0;0;0
103932;6,502;4;0;0;0;0;2;0;7;0
105432;6,59;3;0;0;0;0;1;0;6;4
106932;6,663;2;0;0;4;0;0;0;5;3
108432;6,74;1;0;0;3;0;5;0;4;2
109932;6,859;0;0;0;2;0;4;0;3;1
111432;6,987;0;0;4;1;0;3;4;2;0
112932;7,052;0;0;3;0;0;2;3;1;0
114432;7,121;0;0;2;5;0;1;2;0;0
115932;7,195;4;0;1;4;0;0;1;0;0
117461;7,277;3;0;0;3;4;0;0;4;0
118961;7,348;2;0;0;2;3;0;5;3;0
120461;7,475;1;0;0;1;2;0;4;2;0
121961;7,59;0;0;0;0;1;0;3;1;0
123461;7,663;5;0;0;0;0;0;2;0;0
125461;7,758;4;0;0;4;0;0;1;0;4
126961;7,824;3;0;0;3;0;4;0;4;3
128461;7,89;2;0;0;2;0;3;0;3;2
129961;7,982;1;0;0;1;0;2;0;2;1
131461;8,116;0;0;0;0;0;1;4;1;0
132961;8,258;0;0;0;0;4;0;3;0;0
135002;8,6;0;0;0;4;3;0;2;0;4
136502;8,72;0;0;0;3;2;4;1;4;3
137502;8,772;0;0;0;2;1;3;0;3;2
139002;8,828;0;0;0;1;0;2;0;2;1
140502;8,902;0;0;4;0;0;1;0;1;0
142002;9,0;0;0;3;0;0;0;0;0;5
144002;9,164;0;0;2;4;4;0;0;0;4
145502;9,31;4;0;1;3;3;0;0;4;3
146502;9,351;3;0;0;2;2;0;0;3;2
148002;9,413;2;0;0;1;1;0;0;2;1
149502;9,481;1;0;0;0;0;0;4;1;0
151034;9,592;0;0;0;0;5;0;3;0;0
153034;9,689;5;0;0;0;4;0;2;0;4
154534;9,748;4;0;0;4;3;0;1;4;3
155534;9,796;3;0;0;3;2;0;0;3;2
157034;9,87;2;0;0;2;1;0;0;2;1
158534;9,946;1;0;0;1;0;0;4;1;0
160034;10,021;0;0;0;0;6;0;3;0;0
162034;10,13;6;0;0;5;5;0;2;0;0
163534;10,202;5;0;0;4;4;0;1;4;0
165034;10,277;4;0;0;3;3;0;0;3;0
166534;10,357;3;0;0;2;2;0;5;2;0
168064;10,425;2;0;0;1;1;0;4;1;0
169564;10,491;1;0;0;0;0;0;3;0;0
171564;10,589;0;0;0;0;7;0;2;0;4
173064;10,672;0;0;0;0;6;0;1;4;3
174564;10,745;0;0;0;4;5;0;0;3;2
176064;10,81;0;0;0;3;4;0;6;2;1
177564;10,872;0;0;0;2;3;0;5;1;0
179064;10,939;0;0;0;1;2;0;4;0;5
180564;11,004;0;0;4;0;1;0;3;0;4
182064;11,07;0;0;3;0;0;0;2;4;3
183564;11,143;0;4;2;0;0;0;1;3;2
185103;11,213;0;3;1;0;0;0;0;2;1
186603;11,284;0;2;0;0;0;4;0;1;0
188103;11,358;0;1;5;0;0;3;0;0;0
189603;11,434;4;0;4;0;0;2;0;0;0
191103;11,514;3;0;3;0;0;1;0;4;4
192603;11,601;2;0;2;0;0;0;4;3;3
194103;11,672;1;0;1;0;0;0;3;2;2
195603;11,743;0;0;0;0;0;0;2;1;1
197103;11,822;0;0;6;0;0;0;1;0;0
199103;11,934;0;0;5;4;4;0;0;0;0
200603;12,01;0;0;4;3;3;0;5;4;0
202130;12,083;0;0;3;2;2;0;4;3;0
203630;12,152;0;0;2;1;1;0;3;2;0
205130;12,219;0;0;1;0;0;0;2;1;0
206630;12,292;0;0;0;0;0;4;1;0;0
208630;12,397;0;0;7;0;4;3;0;0;0
210130;12,477;0;0;6;4;3;2;0;4;0
211630;12,544;0;0;5;3;2;1;0;3;0
213130;12,611;0;0;4;2;1;0;4;2;0
214630;12,678;0;0;3;1;0;0;3;1;0
216130;12,739;4;0;2;0;0;0;2;0;0
217630;12,795;3;0;1;0;0;0;1;0;4
219162;12,848;2;0;0;0;4;0;0;4;3
220686;12,903;1;0;8;0;3;0;0;3;2
222186;12,957;0;0;7;0;2;0;4;2;1
223710;13,007;0;0;6;0;1;0;3;1;0
225210;13,057;4;0;5;0;0;0;2;0;0
226710;13,112;3;0;4;0;0;4;1;0;0
228232;13,182;2;0;3;0;0;3;0;4;4
229732;13,249;1;0;2;0;0;2;0;3;3
231232;13,319;0;0;1;0;0;1;4;2;2
232732;13,381;0;0;0;0;0;0;3;1;1
234260;13,45;4;0;0;0;0;0;2;0;0
236260;13,54;3;0;4;0;0;4;1;0;0
237760;13,605;2;0;3;0;0;3;0;4;4
239260;13,665;1;0;2;0;0;2;0;3;3
240760;13,742;0;0;1;0;0;1;4;2;2
242285;13,806;0;0;0;0;0;0;3;1;1
243811;13,886;0;0;0;0;4;0;2;0;0
245839;14,064;4;0;4;0;3;0;1;0;0
247339;14,137;3;0;3;4;2;0;0;4;0
248858;14,21;2;0;2;3;1;0;0;3;0
250358;14,309;1;0;1;2;0;0;4;2;0
251858;14,424;0;0;0;1;0;0;3;1;0
253384;14,517;0;0;0;0;4;0;2;0;0
255384;14,655;4;0;4;0;3;0;1;0;0
256884;14,804;3;0;3;4;2;0;0;4;0
258384;14,885;2;0;2;3;1;0;0;3;0
259908;14,958;1;0;1;2;0;0;4;2;0
261408;15,025;0;0;0;1;0;0;3;1;0
262908;15,087;5;0;0;0;0;0;2;0;0
264908;15,195;4;0;4;0;0;0;1;0;4
266408;15,273;3;0;3;0;4;0;0;4;3
267931;15,346;2;0;2;0;3;0;0;3;2
269431;15,419;1;0;1;0;2;0;4;2;1
270431;15,467;0;0;0;0;1;0;3;1;0
271931;15,546;0;0;0;0;0;4;2;0;0
273931;15,655;4;0;4;0;0;3;1;0;0
275431;15,732;3;0;3;0;0;2;0;4;4
276947;15,805;2;0;2;0;0;1;0;3;3
278447;15,868;1;0;1;0;0;0;4;2;2
279947;15,933;0;0;0;0;0;0;3;1;1
281447;16,0;0;4;0;0;0;0;2;0;0
283447;16,098;0;3;0;4;0;0;1;5;0
284947;16,18;4;2;0;3;0;0;0;4;0
286447;16,259;3;1;0;2;0;0;5;3;0
287967;16,34;2;0;0;1;0;0;4;2;0
289467;16,42;1;5;0;0;0;0;3;1;0
290967;16,499;0;4;0;0;4;0;2;0;0
292467;16,585;5;3;0;0;3;0;1;0;0
293967;16,657;4;2;0;0;2;0;0;4;0
295467;16,73;3;1;0;0;1;0;6;3;0
296967;16,804;2;0;0;0;0;0;5;2;0
298467;16,879;1;6;0;0;0;0;4;1;0
299993;16,952;0;5;0;0;0;0;3;0;4
301493;17,026;0;4;0;0;4;0;2;0;3
302993;17,098;0;3;0;4;3;0;1;4;2
303993;17,142;0;2;0;3;2;0;0;3;1
305493;17,209;0;1;0;2;1;0;0;2;0
306993;17,278;0;0;0;1;0;0;4;1;0
308493;17,353;0;0;0;0;5;0;3;0;0
310493;17,452;0;0;4;5;4;0;2;0;0
311993;17,518;0;0;3;4;3;0;1;4;0
313516;17,581;0;0;2;3;2;0;0;3;0
315016;17,644;0;0;1;2;1;0;5;2;0
316516;17,704;0;0;0;1;0;0;4;1;0
318016;17,769;0;0;5;0;0;0;3;0;0
320016;17,862;0;0;4;6;0;4;2;0;0
321516;17,926;4;0;3;5;0;3;1;4;0
322516;17,964;3;0;2;4;0;2;0;3;0
324016;18,028;2;0;1;3;0;1;0;2;0
325516;18,089;1;0;0;2;0;0;4;1;0
327016;18,151;0;0;0;1;4;0;3;0;0
328538;18,209;0;0;0;0;3;4;2;0;0
330038;18,263;4;0;0;0;2;3;1;4;0
331538;18,31;3;0;0;0;1;2;0;3;0
333038;18,376;2;0;0;0;0;1;5;2;0
334538;18,448;1;0;0;4;0;0;4;1;0
336038;18,52;0;0;0;3;0;0;3;0;4
337538;18,595;0;0;0;2;4;0;2;0;3
339038;18,665;0;0;0;1;3;0;1;4;2
340538;18,732;0;0;0;0;2;0;0;3;1
342038;18,809;0;0;0;0;1;0;6;2;0
343538;18,884;0;0;0;0;0;4;5;1;0
345057;18,957;4;0;0;0;0;3;4;0;0
346557;19,031;3;0;0;0;4;2;3;0;0
348057;19,102;2;0;0;4;3;1;2;4;0
349057;19,15;1;0;0;3;2;0;1;3;0
350557;19,223;0;0;0;2;1;0;0;2;0
352057;19,301;0;0;0;1;0;4;0;1;0
353557;19,376;0;0;4;0;0;3;0;0;0
355557;19,477;0;0;3;5;4;2;0;0;0
357057;19,559;4;0;2;4;3;1;0;4;0
358057;19,604;3;0;1;3;2;0;4;3;0
359057;19,647;2;0;0;2;1;0;3;2;0
360579;19,717;1;0;0;1;0;0;2;1;0
362079;19,79;0;0;0;0;0;4;1;0;0
364079;19,987;0;4;0;0;4;3;0;0;0
365579;20,069;0;3;0;4;3;2;5;4;0
366579;20,11;0;2;0;3;2;1;4;3;0
367579;20,15;0;1;0;2;1;0;3;2;0
369079;20,218;0;0;0;1;0;0;2;1;0
370579;20,295;0;0;0;0;0;4;1;0;0
372579;20,399;0;4;4;0;0;3;0;0;0
374079;20,476;4;3;3;0;0;2;0;4;0
375579;20,541;3;2;2;0;0;1;4;3;0
376592;20,584;2;1;1;0;0;0;3;2;0
378092;20,653;1;0;0;0;0;0;2;1;0
379592;20,728;0;0;0;0;0;0;1;0;4
381592;20,835;5;0;0;4;0;0;0;0;3
383092;20,911;4;0;0;3;0;0;5;4;2
384592;20,98;3;0;0;2;0;0;4;3;1
386092;21,049;2;0;0;1;0;0;3;2;0
387592;21,127;1;0;4;0;0;0;2;1;0
389092;21,203;0;0;3;5;0;0;1;0;0
390592;21,283;0;0;2;4;4;0;0;0;0
392092;21,363;0;0;1;3;3;0;6;4;0
393614;21,446;0;0;0;2;2;0;5;3;0
395114;21,523;0;0;5;1;1;0;4;2;0
396614;21,589;0;0;4;0;0;0;3;1;0
398114;21,663;0;0;3;6;0;0;2;0;0
399614;21,743;0;0;2;5;4;0;1;0;0
401114;21,811;0;0;1;4;3;4;0;4;0
402614;21,883;0;0;0;3;2;3;0;3;0
404114;22,001;0;0;0;2;1;2;4;2;4
405114;22,048;0;0;0;1;0;1;3;1;3
406614;22,113;0;0;0;0;0;0;2;0;2
408614;22,216;0;0;4;0;0;0;1;5;1
410137;22,291;0;0;3;4;0;0;0;4;0
411637;22,37;0;0;2;3;0;0;5;3;0
413137;22,443;0;0;1;2;4;0;4;2;0
414637;22,512;0;0;0;1;3;0;3;1;0
416137;22,583;4;0;0;0;2;0;2;0;0
417637;22,659;3;0;0;0;1;0;1;6;0
419137;22,732;2;0;4;0;0;0;0;5;0
420637;22,811;1;0;3;0;5;0;0;4;0
422137;22,885;0;0;2;4;4;0;4;3;0
423637;22,955;0;0;1;3;3;0;3;2;0
425137;23,023;0;0;0;2;2;0;2;1;0
426660;23,098;0;0;5;1;1;0;1;0;0
428160;23,169;0;0;4;0;0;0;0;7;0
430160;23,275;0;0;3;0;6;0;5;6;0
431660;23,346;0;0;2;0;5;4;4;5;0
433160;23,412;0;0;1;0;4;3;3;4;0
434660;23,477;0;0;0;0;3;2;2;3;0
436160;23,543;0;0;0;0;2;1;1;2;4
437660;23,607;0;0;0;0;1;0;0;1;3
439160;23,678;0;0;0;0;0;0;6;0;2
441160;23,772;0;0;4;4;0;0;5;0;1
442660;23,845;0;0;3;3;0;0;4;4;0
444178;23,915;4;0;2;2;0;0;3;3;0
445678;23,981;3;0;1;1;0;0;2;2;0
447178;24,061;2;0;0;0;0;0;1;1;0
448678;24,142;1;0;5;0;0;0;0;0;0
450678;24,252;0;0;4;4;0;0;0;5;0
452178;24,326;0;0;3;3;4;0;4;4;0
453678;24,396;0;0;2;2;3;0;3;3;0
455178;24,467;0;0;1;1;2;0;2;2;0
456678;24,535;0;0;0;0;1;0;1;1;0
458178;24,609;0;0;0;0;0;4;0;0;0
460178;24,715;4;0;0;0;0;3;5;6;0
461700;24,789;3;0;0;4;0;2;4;5;0
463200;24,851;2;0;0;3;0;1;3;4;0
464700;24,908;1;0;0;2;0;0;2;3;0
466200;24,979;0;0;0;1;0;5;1;2;0
467700;25,049;0;0;4;0;0;4;0;1;0
469200;25,124;0;0;3;0;0;3;6;0;0
470700;25,198;0;0;2;0;0;2;5;7;0
472200;25,268;0;0;1;0;4;1;4;6;0
473700;25,337;0;0;0;0;3;0;3;5;0
475200;25,413;0;0;5;0;2;0;2;4;0
476700;25,485;0;0;4;4;1;0;1;3;0
478226;25,539;0;0;3;3;0;0;0;2;0
479726;25,611;0;0;2;2;0;0;7;1;4
481226;25,679;0;0;1;1;0;0;6;0;3
482726;25,75;0;0;0;0;0;0;5;8;2
484226;25,814;0;0;0;5;0;0;4;99;1
485726;25,877;0;0;0;4;0;4;3;99;0
487226;25,925;0;0;0;3;0;3;2;99;5
488726;25,97;0;0;0;2;0;2;1;99;4
490226;26,014;0;0;0;1;0;1;0;99;3
491726;26,064;0;0;0;0;4;0;0;99;2
493226;26,119;0;0;0;0;3;0;4;99;1
494743;26,19;4;0;0;0;2;0;3;99;0
496243;26,26;3;0;4;0;1;0;2;99;0
497743;26,329;2;0;3;0;0;0;1;99;0
499243;26,4;1;0;2;0;0;0;0;99;4
500743;26,472;0;0;1;0;0;0;5;99;3
502243;26,54;0;0;0;0;0;4;4;99;2
503743;26,609;4;0;0;0;0;3;3;99;1
505243;26,675;3;0;0;0;0;2;2;99;0
506743;26,746;2;0;4;0;0;1;1;99;0
508243;26,813;1;0;3;0;0;0;0;99;0
509743;26,888;0;0;2;0;0;0;6;99;0
511265;26,963;0;0;1;4;0;0;5;99;0
512765;27,032;0;0;0;3;0;4;4;99;0
514265;27,1;0;0;0;2;4;3;3;99;0
515765;27,166;0;0;0;1;3;2;2;99;0
517265;27,232;0;0;0;0;2;1;1;99;0
518765;27,3;0;0;0;5;1;0;0;99;0
520265;27,376;0;0;0;4;0;0;7;99;0
521765;27,451;0;0;4;3;0;0;6;99;0
523265;27,511;0;0;3;2;0;4;5;99;0
524765;27,559;0;0;2;1;0;3;4;99;0
526265;27,607;0;0;1;0;0;2;3;99;0
527782;27,662;0;0;0;6;0;1;2;99;0
529282;27,712;4;0;0;5;0;0;1;99;0
530782;27,761;3;0;4;4;0;0;0;99;0
532282;27,813;2;0;3;3;0;0;8;99;0
533782;27,86;1;0;2;2;0;0;7;99;0
535282;27,909;0;0;1;1;0;0;6;99;0
536782;27,959;0;0;0;0;4;0;5;99;0
538282;28,012;0;0;5;0;3;0;4;99;0
539782;28,076;0;0;4;4;2;0;3;99;0
541282;28,145;0;0;3;3;1;0;2;99;0
542782;28,211;0;0;2;2;0;0;1;99;0
544303;28,285;0;0;1;1;5;0;0;99;0
545803;28,355;0;0;0;0;4;0;8;99;0
547303;28,431;0;0;6;0;3;0;7;99;0
548803;28,5;0;0;5;4;2;0;6;99;0
550303;28,567;0;0;4;3;1;0;5;99;0
551803;28,628;0;0;3;2;0;0;4;99;0
553303;28,68;0;0;2;1;0;4;3;99;0
554803;28,744;0;0;1;0;0;3;2;99;0
556303;28,815;4;0;0;0;0;2;1;99;0
557803;28,885;3;0;0;4;0;1;0;99;0
559303;28,954;2;0;0;3;4;0;0;99;0
560830;29,027;1;0;0;2;3;0;4;99;0
562330;29,099;0;0;0;1;2;0;3;99;0
563830;29,171;0;0;4;0;1;0;2;99;0
565330;29,238;0;0;3;5;0;0;1;99;0
566830;29,306;0;0;2;4;5;0;0;99;0
568330;29,379;0;0;1;3;4;0;0;99;0
569830;29,457;0;0;0;2;3;4;4;99;0
571330;29,522;0;0;0;1;2;3;3;99;0
572830;29,585;0;0;0;0;1;2;2;99;0
574330;29,651;0;0;4;0;0;1;1;99;0
575830;29,72;0;0;3;0;0;0;0;99;4
577349;29,797;0;0;2;0;0;0;5;99;3
578849;29,866;0;0;1;4;0;0;4;99;2
580349;29,931;0;0;0;3;0;0;3;99;1
581849;29,998;0;0;5;2;0;0;2;99;0
583349;30,065;0;0;4;1;4;0;1;99;0
584849;30,127;0;0;3;0;3;0;0;99;0
586349;30,199;4;0;2;0;2;0;0;99;0
587849;30,266;3;0;1;0;1;4;4;99;0
588849;30,297;2;0;0;0;0;3;3;99;0
590349;30,361;1;0;0;0;0;2;2;99;4
591849;30,424;0;0;0;0;0;1;1;99;3
593374;30,492;0;0;0;0;4;0;0;99;2
594898;30,567;0;0;0;4;3;0;0;99;1
596398;30,632;0;0;0;3;2;4;4;99;0
597928;30,696;0;0;0;2;1;3;3;99;0
599428;30,757;0;0;0;1;0;2;2;99;0
600928;30,82;0;0;0;0;5;1;1;99;0
602461;30,891;0;0;0;0;4;0;0;99;4
603961;30,965;0;0;0;0;3;0;5;99;3
605461;31,025;0;0;4;0;2;0;4;99;2
606961;31,072;0;0;3;0;1;0;3;99;1
608481;31,135;0;0;2;0;0;0;2;99;0
609981;31,202;0;0;1;0;0;4;1;99;0
611481;31,273;0;0;0;0;0;3;0;99;4
612981;31,348;4;0;0;0;0;2;0;99;3
614481;31,419;3;0;0;0;0;1;4;99;2
616004;31,488;2;0;0;0;0;0;3;99;1
617504;31,56;1;0;0;0;0;5;2;99;0
619004;31,629;0;0;0;0;0;4;1;99;5
620504;31,7;0;0;4;0;0;3;0;99;4
622004;31,774;0;4;3;0;0;2;0;99;3
623504;31,842;0;3;2;0;0;1;4;99;2
624515;31,885;0;2;1;0;0;0;3;99;1
626015;31,953;0;1;0;0;0;0;2;99;0
627515;32,03;0;0;5;0;0;0;1;99;0
629015;32,105;0;0;4;0;0;4;0;99;0
630515;32,181;0;0;3;0;0;3;5;99;0
632015;32,252;0;0;2;0;0;2;4;99;4
633515;32,319;0;0;1;0;0;1;3;99;3
635044;32,391;0;0;0;0;0;0;2;99;2
636544;32,468;0;0;0;0;0;5;1;99;1
638044;32,54;0;0;0;4;0;4;0;99;0
639544;32,618;0;0;0;3;0;3;6;99;0
641044;32,724;0;0;4;2;0;2;5;99;0
642544;32,808;0;0;3;1;0;1;4;99;0
644044;32,881;0;0;2;0;0;0;3;99;0
645544;32,954;0;0;1;5;0;0;2;99;0
647061;33,015;0;0;0;4;0;4;1;99;0
648561;33,066;0;0;5;3;0;3;0;99;0
650061;33,118;0;4;4;2;0;2;0;99;0
651561;33,168;0;3;3;1;0;1;4;99;0
652561;33,199;0;2;2;0;0;0;3;99;0
654061;33,27;0;1;1;0;4;0;2;99;0
655561;33,336;0;0;0;0;3;0;1;99;0
657061;33,408;0;0;0;0;2;0;0;99;4
658561;33,484;0;0;0;0;1;0;5;99;3
660081;33,557;0;0;0;0;0;4;4;99;2
661581;33,628;0;0;4;0;0;3;3;99;1
663081;33,695;0;0;3;0;0;2;2;99;0
664581;33,765;0;4;2;0;0;1;1;99;0
666081;33,832;0;3;1;0;0;0;0;99;0
667581;33,905;0;2;0;0;0;0;6;99;0
669081;33,98;0;1;5;0;0;0;5;99;0
670581;34,053;4;0;4;0;0;0;4;99;0
672081;34,129;3;0;3;0;4;0;3;99;0
673581;34,198;2;0;2;0;3;0;2;99;0
675106;34,27;1;0;1;0;2;0;1;99;0
676606;34,338;0;0;0;0;1;0;0;99;0
678606;34,444;5;0;0;4;0;0;0;99;0
680106;34,521;4;0;0;3;5;0;4;99;0
681606;34,59;3;0;0;2;4;0;3;99;0
683106;34,656;2;0;0;1;3;0;2;99;0
684606;34,705;1;0;0;0;2;0;1;99;0
686106;34,755;0;0;0;0;1;4;0;99;0
687606;34,809;0;0;4;0;0;3;0;99;0
689106;34,864;0;0;3;4;0;2;4;99;0
690606;34,929;0;0;2;3;0;1;3;99;0
692128;35,001;0;0;1;2;0;0;2;99;0
693628;35,072;0;0;0;1;4;0;1;99;0
695128;35,145;0;0;0;0;3;4;0;99;0
696628;35,219;0;0;0;0;2;3;5;99;0
698128;35,29;0;0;0;0;1;2;4;99;4
699628;35,356;0;0;0;0;0;1;3;99;3
701128;35,425;0;0;0;0;5;0;2;99;2
702628;35,495;0;0;4;0;4;0;1;99;1
704128;35,562;0;0;3;0;3;0;0;99;0
705628;35,63;0;0;2;0;2;0;6;99;0
707128;35,68;4;0;1;0;1;0;5;99;0
708649;35,731;3;0;0;0;0;0;4;99;0
710149;35,787;2;0;0;0;0;0;3;99;4
711649;35,858;1;0;4;0;0;0;2;99;3
713149;35,929;0;0;3;0;0;0;1;99;2
714649;35,999;0;0;2;4;0;0;0;99;1
716149;36,07;0;0;1;3;0;0;7;99;0
717649;36,139;0;0;0;2;0;4;6;99;0
719149;36,21;0;0;5;1;0;3;5;99;0
720649;36,278;0;0;4;0;0;2;4;99;0
722149;36,352;0;0;3;5;0;1;3;99;0
723649;36,422;0;0;2;4;0;0;2;99;0
725166;36,496;0;0;1;3;4;0;1;99;0
726666;36,564;0;0;0;2;3;0;0;99;0
728166;36,64;0;0;6;1;2;0;0;99;0
729666;36,713;0;0;5;0;1;0;4;99;0
731166;36,784;0;0;4;0;0;4;3;99;0
732666;36,857;0;4;3;0;0;3;2;99;0
734166;36,926;0;3;2;0;0;2;1;99;0
735666;36,985;0;2;1;0;0;1;0;99;0
737166;37,034;0;1;0;4;0;0;0;99;0
738666;37,101;0;0;0;3;0;0;4;99;0
740166;37,163;0;0;0;2;0;4;3;99;0
741691;37,229;0;0;4;1;0;3;2;99;0
743191;37,302;0;0;3;0;0;2;1;99;0
744691;37,376;0;0;2;5;0;1;0;99;0
746191;37,446;0;0;1;4;0;0;5;99;0
747691;37,517;0;0;0;3;0;5;4;99;0
749191;37,587;0;0;5;2;0;4;3;99;0
750691;37,652;0;0;4;1;0;3;2;99;0
752191;37,72;0;0;3;0;0;2;1;99;0
753691;37,788;0;0;2;6;0;1;0;99;0
755191;37,856;0;4;1;5;0;0;0;99;0
756691;37,923;0;3;0;4;0;0;4;99;0
758211;37,992;0;2;6;3;0;0;3;99;0
759711;38,055;0;1;5;2;0;0;2;99;0
761211;38,119;0;0;4;1;0;0;1;99;0
762711;38,189;0;0;3;0;0;4;0;99;0
764211;38,26;0;0;2;7;0;3;0;99;0
765711;38,33;0;0;1;6;4;2;4;99;0
766711;38,373;0;0;0;5;3;1;3;99;0
768211;38,437;0;0;0;4;2;0;2;99;0
769711;38,508;0;0;4;3;1;0;1;99;0
771211;38,574;0;0;3;2;0;0;0;99;0
772711;38,65;0;0;2;1;5;0;0;99;0
774233;38,72;0;0;1;0;4;0;4;99;0
775733;38,793;4;0;0;0;3;0