Iteration;Time;QI-0;QI-1;QI-2;QI-3;QI-4;QI-5;QI-6;QI-7;QI-8;
2081;1,178;1;8;5;3;4;9;7;6;2
3581;1,356;1;3;1;1;1;4;2;5;1
4620;1,455;1;3;1;1;1;1;2;1;1
5620;1,557;1;1;1;1;1;3;2;1;1
6620;1,621;1;1;1;1;1;2;3;1;1
8659;1,817;5;6;1;1;4;7;3;1;2
10659;2,083;2;3;7;1;5;4;6;1;1
12159;2,26;1;2;4;1;3;1;1;1;1
13659;2,437;1;1;2;1;3;4;1;1;1
15185;2,525;1;1;3;1;2;4;1;1;1
16685;2,618;1;2;1;1;3;4;1;1;1
18685;2,742;1;2;5;4;8;7;6;1;3
20185;2,882;1;1;6;1;4;3;1;5;1
21685;2,979;1;1;2;1;4;3;1;1;1
22707;3,046;1;1;2;1;1;3;1;1;1
23707;3,109;1;1;1;1;2;3;1;1;1
25207;3,2;1;2;1;1;3;4;1;1;1
27207;3,324;1;3;4;5;2;7;6;1;1
29207;3,446;1;7;4;5;1;2;6;1;3
30707;3,544;1;5;2;4;1;1;1;1;3
32238;3,644;1;4;2;3;1;1;1;1;1
33738;3,726;1;4;2;3;1;1;1;1;1
35238;3,832;1;4;1;3;5;1;1;1;2
36738;3,921;1;3;1;1;4;5;1;1;1
38238;4,013;1;6;1;1;4;5;1;1;1
39238;4,069;1;2;1;1;1;3;1;1;1
40238;4,12;1;1;1;1;2;3;1;1;1
41764;4,208;1;1;2;1;3;4;1;1;1
43264;4,298;1;5;1;1;4;6;1;1;1
44264;4,36;1;1;1;1;2;3;1;1;1
45764;4,452;1;2;1;1;3;4;1;1;1
47264;4,549;1;5;1;1;3;4;1;1;1
48764;4,64;2;1;1;1;3;4;1;1;1
50264;4,739;1;3;2;1;4;5;1;1;1
51764;4,835;1;5;1;1;4;6;1;1;1
52782;4,903;1;3;1;1;2;1;1;1;1
54282;5,014;1;2;1;1;4;3;1;1;1
55782;5,098;1;1;1;1;4;3;1;1;1
57282;5,18;1;1;1;1;3;4;1;1;1
58782;5,267;1;4;1;1;5;6;1;1;1
59782;5,313;1;3;1;1;1;2;1;1;1
61282;5,402;1;3;1;1;4;5;1;1;1
62782;5,486;1;1;1;1;3;4;1;1;1
64282;5,568;1;1;1;1;3;4;1;1;1
65814;5,651;3;1;1;1;2;4;1;1;1
67314;5,712;3;4;1;1;2;5;1;1;1
68314;5,755;1;1;1;1;2;3;1;1;1
69314;5,807;1;3;1;1;1;2;1;1;1
70814;5,889;1;4;1;1;2;3;1;1;1
72314;5,977;1;1;1;2;5;6;1;1;1
73814;6,077;2;1;1;1;3;4;1;1;1
75314;6,176;1;1;1;1;3;4;1;1;1
76814;6,268;1;1;1;1;3;4;1;1;1
78314;6,352;1;1;1;1;3;4;1;1;1
79840;6,446;1;5;3;1;2;6;4;1;1
81340;6,531;1;3;4;1;1;2;5;1;1
82840;6,616;1;4;1;1;1;3;1;1;1
84340;6,699;2;4;3;1;1;1;1;1;1
85840;6,78;1;2;1;1;1;1;1;1;1
87340;6,861;1;2;1;4;1;5;1;1;1
89340;6,973;1;6;5;1;3;7;1;1;4
90840;7,053;1;1;5;1;3;4;1;1;1
92340;7,131;1;1;2;1;1;4;1;1;1
93840;7,215;1;1;1;1;1;4;1;1;1
94840;7,268;1;1;1;1;2;3;1;1;1
96369;7,375;1;1;1;2;3;4;1;1;1
98369;7,536;1;5;6;1;4;7;1;1;1
99869;7,623;1;4;1;1;2;3;1;1;1
101369;7,729;1;4;1;1;3;5;1;1;1
102369;7,838;1;1;1;1;2;3;1;1;1
103369;7,9;1;3;1;1;1;2;1;1;1
104869;7,996;1;2;1;1;1;4;1;1;1
106369;8,145;1;4;1;5;3;2;1;1;1
107869;8,311;1;1;5;1;3;4;5;1;1
109369;8,416;1;1;1;1;4;5;1;1;1
110869;8,54;3;1;1;1;2;4;1;1;1
111891;8,606;1;1;2;1;1;3;1;1;1
112891;8,693;1;1;1;1;2;3;1;1;1
114391;8,896;1;1;1;1;4;5;1;1;1
116391;9,234;1;7;1;1;4;5;1;1;6
117891;9,382;1;1;1;1;4;5;1;1;1
119391;9,528;1;4;1;1;3;5;1;1;1
120391;9,607;1;1;1;1;2;3;1;1;1
121391;9,667;1;1;1;1;2;3;1;1;1
122891;9,748;1;5;1;1;3;4;1;1;1
124391;9,826;1;2;1;1;3;4;1;1;1
125891;9,911;1;6;1;1;3;4;5;1;1
126906;9,966;1;2;1;1;1;3;1;1;1
127906;10,015;1;1;1;1;2;3;1;1;1
128906;10,066;1;1;1;1;2;3;1;1;1
130406;10,197;1;1;1;1;4;5;1;1;1
131906;10,374;1;5;1;1;4;6;1;1;1
133406;10,549;4;5;1;1;3;2;1;1;1
134906;10,676;1;3;1;1;2;4;1;1;1
135906;10,772;1;3;1;1;1;2;1;1;1
136906;10,872;1;2;1;1;1;3;1;1;1
138406;10,96;1;5;1;1;3;4;1;1;1
139906;11,043;1;4;1;1;2;3;1;1;1
141428;11,168;3;4;1;1;1;5;2;1;1
142928;11,285;3;2;1;1;1;4;1;1;1
143928;11,339;1;3;1;1;1;2;1;1;1
144928;11,392;1;1;1;1;1;3;1;1;1
146428;11,478;1;4;1;1;1;5;1;1;1
148428;11,595;1;7;1;1;5;6;1;1;1
149928;11,679;1;3;1;1;2;4;1;1;1
151428;11,767;2;3;1;1;1;4;1;1;1
152428;11,822;1;2;1;1;1;3;1;1;1
153428;11,88;1;3;1;1;1;2;1;1;1
154928;11,974;1;1;2;1;5;6;1;1;1
156462;12,065;1;1;2;1;1;4;3;1;1
157962;12,15;5;1;1;1;4;3;1;1;1
158962;12,205;1;1;1;1;3;2;1;1;1
159962;12,255;1;1;1;1;1;2;1;1;1
160962;12,31;1;1;1;1;2;3;1;1;1
162462;12,402;1;4;1;1;3;5;1;1;1
163962;12,491;1;3;1;1;4;5;1;1;1
165462;12,573;2;3;1;1;1;4;1;1;1
166962;12,655;1;3;1;1;2;4;1;1;1
167962;12,706;1;1;1;1;2;3;1;1;1
168962;12,758;1;1;1;1;2;3;1;1;1
169980;12,818;1;3;1;1;1;2;1;1;1
171980;12,956;1;1;1;1;6;7;1;1;1
172980;13,015;2;1;1;1;1;3;1;1;1
173980;13,068;3;1;1;1;2;1;1;1;1
174980;13,12;1;1;1;1;1;2;1;1;1
175980;13,171;1;1;1;1;2;1;1;1;1
176980;13,227;1;2;1;1;1;3;1;1;1
177980;13,283;1;1;1;1;1;3;1;1;1
179480;13,377;6;1;1;1;4;5;3;1;1
180980;13,472;5;1;1;1;4;6;1;1;1
181980;13,524;1;1;1;1;1;2;1;1;1
182998;13,577;1;1;1;1;1;2;1;1;1
183998;13,625;1;1;1;1;2;1;1;1;1
184998;13,679;1;1;1;1;2;3;1;1;1
186498;13,764;5;1;1;1;3;2;4;1;1
187998;13,844;3;1;1;1;2;4;1;1;1
189498;13,925;3;1;4;1;1;2;1;1;1
190498;13,98;1;1;1;1;3;2;1;1;1
191998;14,065;1;1;5;1;3;4;1;1;1
193498;14,152;1;2;3;1;1;4;1;1;1
194998;14,24;1;3;4;1;2;5;1;1;1
196498;14,326;2;3;1;1;4;5;1;1;1
198028;14,415;2;3;1;1;1;4;1;1;1
199528;14,498;3;1;1;1;2;4;1;1;1
201028;14,579;3;1;1;1;2;4;1;1;1
202528;14,658;3;2;1;1;1;4;1;1;1
204028;14,741;3;1;1;1;4;6;5;1;1
205528;14,819;5;1;1;1;4;6;1;1;1
206528;14,866;1;1;1;1;2;3;1;1;1
207528;14,914;3;1;1;1;1;2;1;1;1
208528;14,967;1;1;1;1;2;3;1;1;1
210028;15,061;4;1;1;1;2;3;1;1;1
211528;15,185;4;5;1;1;3;6;1;1;1
213050;15,312;1;2;1;1;3;4;1;1;1
214550;15,391;4;1;1;1;2;3;1;1;1
216050;15,47;4;3;1;1;2;1;1;1;1
217550;15,687;3;1;1;6;4;5;1;1;1
219050;15,799;4;1;1;1;2;3;1;1;1
220550;15,904;4;1;1;1;3;5;1;1;1
222050;16,074;3;1;4;1;1;2;1;1;1
223550;16,189;4;1;1;1;2;3;1;1;1
225050;16,282;4;5;1;1;2;3;1;1;1
226550;16,373;1;2;1;1;3;4;1;1;1
228050;16,461;4;1;1;1;3;5;1;1;1
229068;16,516;2;1;1;1;1;3;1;1;1
230568;16,683;4;1;1;1;3;2;5;1;1
232068;16,772;3;1;4;1;2;5;1;1;1
233568;16,859;3;1;1;1;2;4;1;1;1
235068;16,944;2;3;4;1;1;5;1;1;1
236568;17,027;4;3;1;1;1;5;1;1;1
237568;17,081;2;1;1;1;1;3;1;1;1
239068;17,174;3;1;1;1;1;4;1;1;1
240568;17,257;3;1;1;1;1;4;2;1;1
242068;17,341;3;1;1;1;2;4;1;1;1
243568;17,435;5;6;1;1;4;3;1;1;1
245091;17,527;2;3;1;1;1;4;1;1;1
246591;17,614;5;1;1;1;3;4;1;1;1
248091;17,703;4;1;1;1;2;3;1;1;1
249591;17,787;4;1;1;1;2;1;3;1;1
250591;17,84;2;1;1;1;1;3;1;1;1
252091;17,923;4;1;1;1;2;3;1;1;1
253591;18,012;5;1;1;1;3;4;1;1;1
254591;18,064;2;1;1;1;1;3;1;1;1
256091;18,154;4;1;1;1;3;5;1;1;1
257591;18,239;2;1;1;1;4;3;1;1;1
259091;18,329;3;1;1;1;2;4;1;1;1
260619;18,421;4;1;3;2;1;5;1;1;1
262119;18,51;1;2;4;2;1;5;1;1;1
263619;18,587;1;3;2;1;1;4;1;1;1
265119;18,666;1;3;1;1;1;5;3;1;1
266619;18,744;1;5;1;1;1;4;1;1;1
268119;18,82;1;1;1;4;3;5;1;1;1
269619;18,903;3;1;1;1;5;4;1;1;2
271119;18,977;4;1;1;1;2;3;1;1;1
272619;19,052;3;1;1;1;2;4;1;1;1
274119;19,122;4;1;1;1;3;5;1;1;1
275619;19,191;4;1;1;1;3;5;1;1;1
277153;19,278;2;1;1;3;1;4;1;1;1
278653;19,374;2;1;1;1;4;3;1;1;1
280153;19,459;2;1;1;1;3;4;1;1;1
281653;19,548;3;1;1;1;4;5;1;1;2
283153;19,639;4;1;1;1;3;5;1;1;1
284653;19,725;3;4;1;1;2;5;1;1;1
286153;19,809;4;2;1;1;1;3;1;1;1
287653;19,895;2;1;1;1;3;4;1;1;1
289153;19,978;4;5;1;1;2;3;1;1;1
290653;20,048;4;1;1;1;3;5;1;1;1
291653;20,097;1;1;1;1;2;3;1;1;1
293183;20,205;3;1;1;1;2;4;1;1;1
294683;20,327;5;1;1;1;3;4;1;1;1
295683;20,38;2;1;1;1;1;3;1;1;1
297183;20,474;4;1;1;1;3;5;1;1;1
298683;20,558;4;1;1;1;3;2;1;1;1
300183;20,644;3;1;1;1;2;4;1;1;1
301683;20,745;5;1;1;1;3;4;1;1;1
302683;20,8;1;1;1;1;2;3;1;1;1
303683;20,854;2;1;1;1;1;3;1;1;1
305183;20,94;4;5;1;1;3;2;1;1;1
306683;21,031;2;1;1;1;1;5;1;1;1
308212;21,123;2;3;1;4;1;6;1;1;5
309712;21,212;4;6;1;5;1;3;1;1;1
311212;21,295;3;1;1;1;1;4;1;1;1
312712;21,379;3;2;1;1;1;4;1;1;1
314212;21,462;3;1;1;1;1;4;1;1;1
315712;21,551;5;1;1;1;3;4;1;1;1
317212;21,614;3;1;1;1;2;4;1;1;1
318712;21,68;3;1;1;1;4;5;1;1;1
320212;21,76;2;1;1;1;3;4;1;1;1
321712;21,854;4;1;1;1;2;3;1;1;1
323212;21,946;3;1;1;1;5;4;1;1;1
324231;22,02;2;1;1;1;1;3;1;1;1
325731;22,102;3;1;1;1;2;4;1;1;1
327231;22,182;2;1;1;1;3;4;1;1;1
328731;22,257;4;1;1;1;3;5;1;1;1
329731;22,311;3;1;1;1;1;2;1;1;1
331231;22,402;5;3;1;4;2;6;1;1;1
332731;22,49;4;5;1;1;3;2;1;1;1
334231;22,571;3;4;1;1;1;2;1;1;1
335731;22,655;3;1;1;1;1;2;1;1;1
337231;22,745;3;1;1;1;5;6;4;1;1
338731;22,828;4;1;1;1;2;3;1;1;1
340262;22,918;3;1;1;2;1;4;1;1;1
341762;23,004;4;1;1;1;2;3;1;1;1
343262;23,087;3;1;1;1;2;4;1;1;1
345262;23,213;5;6;1;1;4;7;1;1;1
346762;23,3;4;5;1;1;2;3;1;1;1
348262;23,397;4;1;1;1;3;2;1;1;1
349762;23,48;3;1;1;1;4;2;1;1;1
351262;23,581;2;3;1;1;1;4;1;1;1
352762;23,672;4;1;1;1;3;5;1;1;1
354262;23,752;4;1;1;1;2;3;1;1;1
355762;23,837;2;1;1;1;4;5;3;1;1
357295;23,923;2;1;1;1;1;4;3;1;1
358795;24,004;2;1;1;1;3;4;1;1;1
360295;24,083;4;1;1;1;3;5;1;1;1
361795;24,161;2;1;1;1;3;4;1;1;1
363295;24,242;3;1;1;1;4;5;1;1;1
364795;24,321;3;1;1;1;2;4;1;1;1
366295;24,399;4;1;1;1;3;2;1;1;1
367795;24,487;3;1;1;1;2;4;1;1;1
369295;24,588;5;1;1;1;4;3;1;1;1
370795;24,669;3;1;1;1;2;4;1;1;1
372295;24,827;1;1;1;1;4;5;1;1;1
373817;24,933;2;1;1;4;1;6;5;1;3
375317;25,017;4;1;1;1;1;5;1;1;3
376817;25,103;4;1;1;1;1;3;1;1;1
378317;25,194;3;1;1;1;1;4;1;1;1
379817;25,281;3;4;1;1;1;5;1;1;1
381317;25,378;3;2;1;1;1;4;1;1;1
382817;25,474;5;1;1;1;3;6;4;1;1
384317;25,562;4;1;1;1;2;3;1;1;1
385317;25,617;3;1;1;1;1;2;1;1;1
386817;25,707;1;1;1;1;4;5;1;1;1
388317;25,794;4;1;1;1;3;5;1;1;1
389843;25,877;2;3;1;1;1;4;1;1;1
391343;25,965;5;6;1;1;4;3;1;1;1
392843;26,044;3;1;1;1;2;4;1;1;1
394343;26,125;3;2;1;1;1;4;1;1;1
395843;26,207;4;1;1;1;5;6;1;1;3
397343;26,264;2;1;1;1;3;4;1;1;1
398843;26,331;3;1;1;1;2;4;1;1;1
400343;26,419;1;1;1;1;4;5;1;1;1
401843;26,486;4;1;1;1;5;6;1;1;1
403343;26,553;2;3;1;1;1;4;1;1;1
404843;26,652;4;1;1;1;3;5;1;1;1
405866;26,707;1;1;1;1;2;3;1;1;1
406866;26,761;3;1;1;1;2;1;1;1;1
408366;26,846;4;1;1;1;3;5;1;1;1
409366;26,9;1;1;1;1;3;2;1;1;1
410866;26,981;4;1;1;1;2;3;1;1;1
412366;27,065;3;1;1;1;4;5;1;1;1
413866;27,147;3;1;1;1;2;4;1;1;1
415366;27,229;2;1;1;1;3;4;1;1;1
416866;27,329;4;1;1;1;2;6;5;1;3
418366;27,418;4;1;1;1;2;5;3;1;1
419866;27,503;4;3;1;1;2;1;1;1;1
421389;27,592;3;2;1;1;1;4;1;1;1
422889;27,675;3;1;1;1;2;4;1;1;1
424389;27,762;3;2;1;1;4;5;1;1;1
426389;27,887;7;1;1;1;5;6;1;1;1
427389;27,938;3;1;1;1;2;1;1;1;1
428389;27,992;3;1;1;1;1;2;1;1;1
429389;28,045;3;1;1;1;1;2;1;1;1
430389;28,1;2;1;1;1;1;3;1;1;1
431889;28,184;4;3;1;1;2;5;1;1;1
433389;28,269;4;1;1;1;5;6;1;1;1
434389;28,323;1;1;1;1;2;3;1;1;1
435406;28,379;1;1;1;1;2;3;1;1;1
436906;28,461;4;1;1;1;2;3;1;1;1
438406;28,541;3;1;1;1;2;4;1;1;1
439906;28,623;4;1;1;1;5;3;1;1;1
441406;28,705;2;1;1;1;1;4;1;1;1
442906;28,8;5;1;1;1;4;6;1;1;1
443906;28,854;2;1;1;1;1;3;1;1;1
444906;28,909;2;1;1;1;1;3;1;1;1
446406;28,991;3;1;1;1;2;4;1;1;1
447906;29,075;4;1;1;1;3;5;1;1;1
449406;29,166;3;1;1;1;2;4;1;1;1
450926;29,251;3;1;4;1;2;1;1;1;1
452426;29,329;4;1;1;1;2;3;1;1;1
453926;29,418;6;1;1;1;4;5;1;1;1
455426;29,498;4;1;1;1;2;3;1;1;1
456926;29,583;4;1;1;1;2;3;1;1;1
458426;29,671;4;1;1;1;3;5;1;1;1
459426;29,723;3;1;1;1;2;1;1;1;1
460926;29,809;3;1;1;1;2;4;1;1;1
462426;29,889;3;1;1;1;2;4;1;1;1
463926;29,959;4;1;1;1;3;2;1;1;1
465426;30,039;2;1;1;1;1;5;1;1;1
466949;30,126;5;1;3;4;1;6;1;1;2
468449;30,234;4;1;5;1;1;3;1;1;1
469949;30,303;1;1;2;1;1;4;1;1;1
471449;30,38;3;1;1;1;1;4;1;1;1
472949;30,453;1;2;2;1;1;4;1;1;1
474449;30,53;1;1;1;1;4;5;1;1;1
476449;30,645;7;1;1;1;6;5;1;1;1
477449;30,688;2;1;1;1;1;3;1;1;1
478449;30,739;3;1;1;1;2;1;1;1;1
479449;30,788;3;1;1;1;1;2;1;1;1
480449;30,838;2;1;1;1;1;3;1;1;1
481969;30,922;3;5;4;1;1;2;1;1;1
483469;31,002;6;5;4;1;1;3;1;1;1
484969;31,089;3;1;2;1;1;4;1;1;1
486469;31,168;4;3;1;1;1;2;1;1;1
487969;31,253;2;3;1;1;1;4;1;1;1
489469;31,339;3;1;4;1;2;5;1;1;1
490969;31,424;2;1;1;1;3;4;1;1;1
492469;31,508;3;1;1;1;2;4;1;1;1
493969;31,599;5;1;1;1;4;6;1;1;1
494969;31,652;3;1;1;1;1;2;1;1;1
496469;31,736;1;2;1;1;3;4;1;1;1
498000;31,83;2;3;1;1;1;4;1;1;1
499500;31,918;2;3;1;1;1;4;1;1;1
501000;32,006;5;4;1;1;2;3;1;1;1
502500;32,092;2;1;1;1;4;3;1;1;1
504000;32,178;3;2;1;1;1;4;1;1;1
505500;32,272;4;1;1;1;5;6;1;1;1
506500;32,325;3;1;1;1;2;1;1;1;1
507500;32,379;2;1;1;1;1;3;1;1;1
509000;32,464;3;1;1;1;2;4;1;1;1
510500;32,552;3;1;1;1;2;4;1;1;1
512000;32,643;2;3;1;1;1;5;1;1;1
513534;32,736;3;2;4;1;1;5;1;1;1
515034;32,806;1;2;1;1;1;4;1;1;1
516534;32,88;2;1;3;1;1;4;1;1;1
518034;32,976;5;1;1;1;1;6;1;1;1
519034;33,027;1;1;1;1;1;2;1;1;1
520034;33,083;1;1;1;1;2;3;1;1;1
521034;33,137;3;1;1;1;2;1;1;1;1
522034;33,19;2;1;1;1;1;3;1;1;1
523534;33,277;5;1;1;1;3;4;1;1;1
524534;33,333;3;1;1;1;2;1;1;1;1
525534;33,387;3;1;1;1;2;1;1;1;1
526547;33,442;2;1;1;1;1;3;1;1;1
528047;33,53;4;1;1;1;3;5;1;1;1
529047;33,584;1;1;1;1;2;3;1;1;1
530547;33,672;4;1;1;1;3;5;1;1;1
531547;33,725;3;1;1;1;1;2;1;1;1
532547;33,777;3;1;1;1;1;2;1;1;1
533547;33,83;3;1;1;1;2;1;1;1;1
534547;33,883;2;1;1;1;1;3;1;1;1
535547;33,937;3;1;1;1;1;2;1;1;1
536547;33,99;2;1;1;1;1;3;1;1;1
538547;34,118;5;6;1;1;3;7;1;1;4
540073;34,211;3;2;1;1;4;5;1;1;1
541573;34,298;4;1;1;1;2;3;1;1;1
543073;34,381;3;1;1;1;2;4;1;1;1
544573;34,465;2;1;1;1;3;4;1;1;1
546073;34,553;2;3;1;1;1;4;1;1;1
547573;34,643;4;1;1;1;2;5;1;1;3
549073;34,725;4;1;1;1;2;3;1;1;1
550573;34,808;3;1;2;1;4;5;1;1;1
552073;34,895;3;1;1;1;4;5;1;1;1
553073;34,949;2;1;1;1;1;3;1;1;1
554573;35,033;3;1;1;1;2;4;1;1;1
556104;35,11;2;3;1;1;1;4;1;1;1
557604;35,173;3;4;1;1;2;5;1;1;1
559104;35,258;4;3;1;1;2;5;1;1;1
560604;35,342;3;1;1;1;2;4;1;1;1
562104;35,426;1;2;1;1;3;4;1;1;1
563604;35,51;3;2;1;1;1;4;1;1;1
565104;35,599;3;4;1;1;2;5;1;1;1
566604;35,687;4;1;1;1;3;5;1;1;1
568104;35,771;4;1;1;1;2;3;1;1;1
569604;35,868;2;1;1;1;1;4;1;1;1
571104;35,951;2;1;1;1;3;4;1;1;1
572632;36,039;2;1;3;1;1;4;1;1;1
574132;36,124;4;1;1;1;3;5;1;1;1
575132;36,176;1;1;1;1;3;2;1;1;1
576632;36,26;4;1;1;1;2;3;1;1;1
578132;36,349;4;1;1;1;3;5;1;1;1
579132;36,406;2;1;1;1;1;3;1;1;1
580632;36,493;3;1;1;1;2;4;1;1;1
582132;36,583;3;4;1;1;2;5;1;1;1
583632;36,668;3;1;1;1;2;4;1;1;1
585132;36,756;4;1;1;1;3;5;1;1;1
586132;36,808;3;1;1;1;1;2;1;1;1
587153;36,864;2;1;1;1;3;1;1;1;1
588653;36,948;3;1;4;1;2;1;1;1;1
590153;37,035;5;1;1;1;3;4;1;1;1
591653;37,115;4;1;1;1;2;3;1;1;1
593153;37,195;3;1;1;1;4;5;1;1;1
594153;37,244;3;1;1;1;2;1;1;1;1
595153;37,303;1;1;1;1;3;2;1;1;1
596653;37,389;3;1;1;1;2;4;1;1;1
598153;37,474;2;1;1;1;3;4;1;1;1
599653;37,562;3;1;4;1;2;5;1;1;1
601153;37,647;3;1;1;1;2;4;1;1;1
602678;37,737;3;1;6;4;1;5;1;1;2
604178;37,824;5;1;1;1;1;4;1;1;1
605678;37,908;4;1;3;1;1;5;1;1;1
606678;37,96;2;1;2;1;1;1;1;1;1
608178;38,039;3;1;1;1;1;4;1;1;1
609678;38,121;4;1;5;1;2;3;1;1;1
611178;38,2;3;1;4;1;1;2;1;1;1
612678;38,277;1;1;1;1;5;6;1;1;1
613678;38,321;1;1;1;1;1;2;1;1;1
614678;38,371;1;1;1;1;2;1;1;1;1
615678;38,423;1;1;1;1;3;2;1;1;1
616697;38,475;1;1;1;1;3;2;1;1;1
618197;38,557;5;1;1;1;3;4;1;1;1
619697;38,649;1;1;1;1;5;4;1;1;1
621197;38,733;4;1;1;1;3;5;1;1;1
622197;38,783;3;1;1;1;2;1;1;1;1
623197;38,835;2;1;1;1;1;3;1;1;1
624697;38,918;3;1;1;1;2;4;1;1;1
626197;39,003;3;4;4;1;1;2;1;1;1
627697;39,1;4;1;1;1;1;6;1;1;5
628697;39,152;3;1;1;1;1;2;1;1;1
629697;39,204;3;1;1;1;1;2;1;1;1
630715;39,258;2;1;1;1;1;3;1;1;1
632215;39,339;1;1;1;1;3;4;1;1;1
633715;39,421;4;1;5;1;3;6;1;1;1
635215;39,502;3;1;4;1;2;5;1;1;1
636715;39,579;3;1;2;1;1;4;1;1;1
638215;39,656;3;1;1;1;2;4;1;1;1
639715;39,731;4;1;1;1;3;2;1;1;1
641215;39,811;3;1;2;1;1;5;1;1;4
642715;39,888;4;1;1;1;1;5;1;1;1
644215;39,968;3;1;4;1;1;5;1;1;1
645715;40,044;3;1;2;1;1;4;1;1;1
647239;40,122;4;1;3;2;1;1;1;1;1
648739;40,193;5;1;1;1;3;4;1;1;1
649739;40,23;2;1;1;1;3;1;1;1;1
651239;40,294;5;1;1;1;4;3;1;1;1
652239;40,33;3;1;1;1;2;1;1;1;1
653239;40,367;3;1;1;1;2;1;1;1;1
654739;40,429;3;1;1;1;4;5;1;1;1
655739;40,466;2;1;1;1;1;3;1;1;1
656739;40,503;3;1;1;1;1;2;1;1;1
658239;40,567;4;1;1;1;3;5;1;1;1
659239;40,605;2;1;1;1;1;3;1;1;1
660256;40,647;2;1;1;1;1;3;1;1;1
661756;40,739;5;1;1;1;4;3;1;1;1
662756;40,792;1;1;1;1;2;3;1;1;1
663756;40,845;2;1;1;1;1;3;1;1;1
664756;40,895;2;1;1;1;1;3;1;1;1
666256;40,955;4;2;1;1;1;5;1;1;2
667756;41,024;3;1;1;1;1;4;1;1;2
669256;41,105;2;3;1;1;1;4;1;1;1
670756;41,192;5;1;1;1;1;6;1;1;1
671756;41,25;1;1;1;1;1;2;1;1;1
672756;41,301;2;1;1;1;1;3;1;1;1
673780;41,357;2;1;1;1;1;3;1;1;1
674780;41,408;2;1;1;1;1;3;1;1;1
676280;41,496;4;1;1;1;3;5;1;1;1
677280;41,55;3;1;1;1;1;2;1;1;1
678280;41,601;3;1;1;1;2;1;1;1;1
679780;41,687;4;1;1;1;3;5;1;1;1
680780;41,739;3;1;1;1;1;2;1;1;1
681780;41,792;2;1;1;1;1;3;1;1;1
683280;41,878;5;4;1;1;2;3;1;1;1
684780;41,957;3;1;1;1;2;1;1;1;1
686280;42,039;2;1;1;1;1;4;1;1;1
687809;42,123;3;2;1;1;1;4;1;1;1
689309;42,206;4;1;1;1;2;3;1;1;1
690809;42,286;2;3;1;1;1;4;1;1;1
692309;42,366;4;5;1;1;3;6;1;1;1
693809;42,45;5;1;1;1;3;4;1;1;1
694809;42,506;1;1;1;1;2;3;1;1;1
695809;42,559;2;1;1;1;1;3;1;1;1
696809;42,608;3;1;1;1;1;2;1;1;1
697809;42,66;2;1;1;1;1;3;1;1;1
699309;42,747;2;1;1;1;3;4;1;1;1
700809;42,827;3;2;1;1;1;4;1;1;1
702336;42,914;2;3;1;1;1;4;1;1;1
704336;43,01;6;1;1;1;5;7;1;1;1
705336;43,046;2;1;1;1;1;3;1;1;1
706336;43,088;1;1;1;1;2;3;1;1;1
707336;43,142;2;1;1;1;1;3;1;1;1
708336;43,192;2;1;1;1;1;3;1;1;1
709836;43,253;4;1;1;1;3;2;1;1;1
711336;43,334;3;1;1;1;2;4;1;1;1
712836;43,419;2;3;1;1;1;4;1;1;1
714336;43,501;3;4;1;1;2;1;1;1;1
716336;43,629;7;6;1;1;5;4;1;1;1
717864;43,714;3;2;1;1;4;1;1;1;1
719