Iteration;Time;BestFitness;LastCalledHeur;IsRelay;NumOfMoves-LLH0;NumOfMoves-LLH1;NumOfMoves-LLH2;NumOfMoves-LLH3;NumOfMoves-LLH4;NumOfMoves-LLH5;NumOfMoves-LLH6;NumOfMoves-LLH7;NumOfMoves-LLH8;LAProb-LLH0;LAProb-LLH1;LAProb-LLH2;LAProb-LLH3;LAProb-LLH4;LAProb-LLH5;LAProb-LLH6;LAProb-LLH7;LAProb-LLH8;
2000;1,579;-33,0;-1;-1;189;780;120;154;229;354;76;194;31;0,04604397206468951;0,6372535191564362;0;0,12110504213239032;0,09014623586720245;0,10545123077928167;0;0;0
3500;2,145;-32,0;-1;-1;295;1529;120;424;398;560;76;194;31;0;0,5680161416070865;0;0,12485380815206373;0,18898529571556863;0,118144754525281;0;0;0
5000;2,628;-35,0;-1;-1;298;1930;129;726;755;1018;78;200;35;0;0,06687925025999499;0;0,215418271265137;0,23734916503549058;0,4803533134393774;0;0;0
6500;2,844;-35,0;-1;-1;298;2037;129;1069;1052;1771;78;200;35;0;0,07617278083482355;0;0,23698629897482482;0,1831883032117331;0,5036526169786184;0;0;0
8000;4,321;-31,0;-1;-1;298;2113;129;1240;1860;2216;78;200;35;0;0,07569445842458612;0,0030551063970553436;0,1859041896956898;0,023820795037363826;0,5030361506432374;0,09222061213982806;0,11493060853335682;0,001338079128882652
10000;4,701;-34,0;-1;-1;302;2309;142;1616;1927;3339;203;337;42;0,1204782325703002;0;0,0061470286641775555;0;0,048429715896135164;0,7657069834427735;0,05651247777754078;0;0,0027255616490728324
11500;5,17;-24,0;-1;-1;451;2309;159;1616;2016;4276;507;337;46;1,4209347574781038E-4;0;2,526435132108345E-5;0;2,9491140798934914E-4;0;0,9995377307649418;0;0
13000;5,476;-25,0;-1;-1;454;2309;160;1616;2022;4276;1997;337;46;0,006470592397843871;0;0,0011596986510494915;0;0,013529168070074952;0;0,9788405408810317;0;0
14500;5,774;-26,0;-1;-1;483;2309;167;1616;2111;4276;3372;337;46;0,03446479520731679;0;0,0066504594981163625;0;0,09672076086501656;0;0,8621639844295503;0;0
16000;6,037;-29,0;-1;-1;814;2313;181;1617;2284;4285;4369;340;48;0,17382754592930305;0,1367033466971262;0;0,24808287989407235;0,09224219091690498;0;0,3491440365625934;0;0
17500;6,382;-22,0;-1;-1;975;2516;181;2278;2397;4285;4731;340;48;0;0,053172602888739005;0;0,6563435172545418;0,03763157392394046;0,11448459343544616;0,11604884927403869;0,02108492059923151;0,0012339426240624523
19500;6,618;-33,0;-1;-1;975;2583;181;3806;2455;4478;4856;366;51;0;0;0;0,8517123458079118;0,022833225930597688;0,11302844413653303;0;0,01167192284319787;7,540612817594563E-4
21000;7,173;-33,0;-1;-1;975;2583;181;4920;2524;4764;4856;394;54;0;0;0;0,719344897825764;0,0554727626366858;0,22370186966709396;0;0,0014804698704561784;0
22500;8,777;-29,0;-1;-1;975;2583;181;5845;2612;5250;4856;395;54;0;0;0,007543423049903955;0,6952004300474618;0,07394307733458581;0,22042292538093797;0;0,002890144187110438;0
24000;8,931;-31,0;-1;-1;978;2587;192;6889;2732;5584;4860;402;55;0,12937537234082935;0;0,009123644312550482;0,7687635728724546;0,08919779945660575;0;0;0,0035396110175598986;0
25500;14,055;-27,0;-1;-1;1409;2587;210;7900;2766;5584;4860;408;55;0,3534095797676437;0,09090229816104935;0;0,3713894734278798;0;0;0,18274363383920936;0,001555014804217806;0
27000;14,621;-29,0;-1;-1;1893;2793;210;8369;2766;5584;5196;413;55;0,3580970773376032;0,2952820710047497;0;0;0;0;0,3376104276950933;0,003683703755625549;0,0053267202069282715
28500;14,825;-29,0;-1;-1;2368;3281;210;8369;2766;5584;5722;420;59;0,28678254241953166;0,3525790035147763;0;0;0;0;0,352885229320832;0;0,007753224744860149
30000;15,027;-30,0;-1;-1;2741;3796;210;8369;2766;5584;6314;420;79;0,17216497535179504;0,24051361675127164;0;0;0;0,3232991421935299;0,26402226570340337;0;0
31500;15,203;-31,0;-1;-1;3003;4162;210;8369;2766;6087;6683;420;79;0,15170606819235796;0,22939632829162374;0,012261224394493488;0;8,384692492142729E-4;0,36937268696763687;0,23642522290467374;0;0
33000;15,391;-33,0;-1;-1;3229;4501;236;8373;2773;6626;7067;423;82;0,11769730435959763;0,1881030829187336;0,0108551325515029;0,40447888356129036;7,767700818984808E-4;0;0,2780888265269771;0;0
34500;15,564;-33,0;-1;-1;3420;4775;255;8997;2774;6626;7458;423;82;0,11706020954993555;0,19625600180832087;0;0,41745394712381445;0;0;0,2641225929172136;0,005107248600715453;0
36000;15,741;-33,0;-1;-1;3586;5090;255;9627;2774;6626;7843;427;82;0,11757089277840439;0,19999603339618457;0;0,42432933698871034;0;0;0,25003046951804675;0;0,008073267318653862
37500;15,915;-33,0;-1;-1;3743;5400;255;10271;2774;6626;8214;427;100;0,1197466447491454;0,20545134981519497;0;0,4343201593975555;0;0;0,240481846038104;0;0
39000;16,089;-33,0;-1;-1;3918;5697;255;10926;2774;6626;8587;427;100;0,07838318014349997;0,13759887370587395;0;0,28738379384159646;0;0,3456117430644702;0,15102240924455937;0;0
40500;16,248;-34,0;-1;-1;4036;5911;255;11362;2774;7131;8814;427;100;0,08619232911493777;0,15303059193600543;0,013593068414894906;0,31882984434292927;0,0010078622945390498;0,42734630389669354;0;0;0
42000;16,393;-34,0;-1;-1;4170;6143;276;11829;2777;7774;8814;427;100;0,14883289530313976;0,26778853882519316;0,024777567062169242;0,5566951327256588;0,0019058660838390303;0;0;0;0
43500;16,744;-34,0;-1;-1;4409;6551;331;12633;2785;7779;8820;430;106;0,14870967870943996;0,2747792561641896;0;0,5639529710595953;0;0;0;0,012558094066775239;0
45000;16,911;-34,0;-1;-1;4642;6978;331;13453;2785;7779;8820;450;106;0,14675600874510888;0,27589652800799497;0;0,5474427740368653;0;0;0;0,010829228207245719;0,019075461002785263
46500;17,066;-34,0;-1;-1;4848;7384;331;14286;2785;7779;8820;470;141;0,10162780287032236;0,19228239939511865;0;0,3739423723765901;0;0;0,3182440546999647;0;0,013903370658004099
48000;17,263;-34,0;-1;-1;5010;7674;331;14845;2785;7779;9284;470;166;0,056291084574944424;0,10791234376087573;0;0,20742176608472396;0;0,4673712378738058;0,16100356770565;0;0
49500;17,485;-34,0;-1;-1;5091;7826;331;15189;2785;8460;9526;470;166;0,074410666144943;0,14321864434875606;0,019085963495513163;0;0,0014951511212935554;0,558792010218108;0,20299756467138624;0;0
51000;17,696;-31,0;-1;-1;5194;8007;363;15189;2786;9371;9798;470;166;0,059664937927648896;0,11461128215375242;0,015180294890249548;0;0,001276077732699816;0,8092674072956493;0;0;0
52500;17,841;-36,0;-1;-1;5269;8212;391;15189;2789;10560;9798;470;166;0,24328116130229693;0,6693899255407013;0,06186122110029885;0;0;0;0;0,025467692056702896;0
54000;17,972;-37,0;-1;-1;5637;9209;489;15189;2789;10560;9798;507;166;0,19147779107518095;0,6955702708799035;0,050765011809907924;0;0;0;0;0,023151575963150296;0,03903535027185726
55500;22,392;-37,0;-1;-1;5952;10254;593;15193;2790;10564;9802;543;182;0,09670392408382497;0,3205552417664584;0,025802783356889902;0,5569378589162035;0;0;0;0;1,9187662321303204E-7
56675;22,493;-37,0;-1;-1;6076;10635;626;15830;2790;10564;9802;543;182;0,0701598230179622;0,22692798893189856;0,018952492858615444;0,3960461617655178;0;0;0,28791353342600595;0;0
58175;22,679;-37,0;-1;-1;6189;10979;654;16426;2790;10564;10221;543;182;0,02878961890992356;0,0906016698282653;0;0,1591094224328309;0,0010531820604032828;0,6137073899075787;0,10673871686099837;0;0
59675;22,87;-37,0;-1;-1;6251;11140;654;16672;2790;11445;10371;543;182;0,03664069886220866;0,11461430941335769;0;0;0;0,7158603311430567;0,13288466058137707;0;0
61175;23,074;-37,0;-1;-1;6307;11317;654;16672;2790;12493;10590;543;182;0,03959905405092036;0,12001384370169133;0;0;0;0,6997597959348629;0,1343907707236238;0,006236535588901689;0
62675;23,304;-37,0;-1;-1;6376;11503;654;16672;2790;13538;10779;554;182;0,042600465778863214;0,12743051374141642;0;0;0;0,6890408402613788;0,1409280728343781;0;1,0738396337989413E-7
63852;24,077;-38,0;-1;-1;6424;11665;654;16672;2790;14359;10925;554;182;0,02954950366556114;0,15855845749621092;0,009248165416155953;0;0;0,6865487062265103;0,11609516719556165;0;0
65352;24,236;-38,0;-1;-1;6473;11903;663;16672;2790;15396;11092;554;182;0,026210153044459;0,1352345546053272;0;0,1635073667397184;0;0,5753990836720233;0,09964884193847211;0;0
66852;24,398;-31,0;-1;-1;6511;12082;663;16906;2790;16309;11228;554;182;0,020907932123843648;0;0;0,17199474657770203;9,174359310755094E-4;0,7130222354972563;0,09315764987012255;0;0
68352;24,6;-28,0;-1;-1;6538;12084;671;17148;2795;17422;11352;560;183;0,01654088141398216;0;0;0,15202057887809658;7,363122343546377E-4;0,8307022274735667;0;0;0
69852;24,804;-32,0;-1;-1;6564;12084;671;17361;2795;18683;11352;560;183;0,01603880029526776;0;0;0,13955530391753324;0;0,8424403073388405;0;0,0019655884483586222;0
71352;25,133;-33,0;-1;-1;6596;12084;671;17562;2795;19947;11352;563;183;0,018588282413684692;0;0;0,16029862278950893;0;0,8188226267076778;0;0,0022904140303984365;5,405873014317856E-8
72521;25,254;-33,0;-1;-1;6621;12084;671;17777;2795;20876;11352;563;183;0,01758927972698248;0,09424219731403606;0,005940896617258341;0,14943116446763147;0;0,730599818531399;0;0,0021965914144928445;5,1928199925858754E-8
74129;25,427;-35,0;-1;-1;6665;12228;678;17977;2795;22088;11352;564;183;0,05795977543878877;0,08330340327684055;0,004118494694453461;0;0;0,7987109518600364;0,05590737472988078;0;0
75629;25,573;-35,0;-1;-1;6753;12353;688;17977;2795;23294;11423;564;183;0,05968912385057422;0,08710593687569494;0;0;6,194993338656542E-4;0,7939459999865748;0,05863943995329027;0;0
77129;25,782;-30,0;-1;-1;6828;12492;688;17977;2795;24488;11515;564;183;0,04959390460469678;0,0934725944936716;0;0;0;0,807876161998799;0,04905733890283279;0;0
78629;25,952;-35,0;-1;-1;6899;12667;688;17977;2795;25668;11589;564;183;0,047706093091198006;0,14141327189740766;0;0;0;0,7632110292342698;0,04766960577712467;0;0
80129;26,123;-37,0;-1;-1;6970;12887;688;17977;2795;26800;11666;564;183;0,04232425344262858;0,12393917068778507;0;0,09797184956931072;0;0,6918389207298389;0,04262709968892834;0,001298674787805049;3,109370326679482E-8
81747;26,314;-37,0;-1;-1;7029;13099;688;18141;2795;27905;11743;565;183;0,04606669685660339;0,1326629347870558;0,0038362088770925026;0,10739252290017152;0;0,7100416365790768;0;0;0
83247;26,479;-34,0;-1;-1;7137;13295;701;18267;2799;28978;11747;566;185;0,11364991325960495;0,13592911188308784;0,0028959015071643806;0;0;0,7475250733501427;0;0;0
84747;26,62;-34,0;-1;-1;7300;13509;705;18267;2799;30097;11747;566;185;0,11175234166458171;0,13814518969052902;0,003066555992622028;0;5,060238805710174E-4;0,7465298887716963;0;0;0
86247;26,757;-35,0;-1;-1;7473;13724;710;18267;2802;31201;11747;566;185;0,43268747451660555;0,55246847930908;0,01272836336353288;0;0,0021156828107815415;0;0;0;0
87747;26,883;-35,0;-1;-1;8096;14573;733;18267;2807;31201;11747;566;185;0,33692641164008064;0,4715203878659475;0,012304375154207976;0;0;0;0,1792488253397639;0;0
89247;27,048;-35,0;-1;-1;8594;15259;761;18267;2807;31201;12035;566;185;0,21723314865536905;0,3252320951621779;0,009248618509124298;0,31654784635436994;0;0;0,12735854024889146;0,004379644673888567;1,0639617870836371E-7
90876;27,231;-35,0;-1;-1;8940;15768;770;18795;2807;31201;12263;575;185;0,21357288113320352;0,32261707316014476;0;0,33173605288739966;0;0;0,1320739928192521;0;0
92376;27,378;-35,0;-1;-1;9239;16246;770;19310;2807;31201;12471;575;185;0,05429356824548133;0,08402285243780734;0;0,0882984878843474;0;0,7384165240888568;0,034968567343507076;0;0
93876;27,641;-33,0;-1;-1;9309;16383;770;19441;2807;32315;12519;575;185;0,04520660383705364;0,08542756447281206;0;0,09617510637990631;4,4240374332775743E-4;0,7727483215669002;0;0;0
95376;27,791;-33,0;-1;-1;9371;16506;770;19593;2807;33478;12519;575;185;0,046698318383660946;0,0883960905009748;0;0,10005925811069481;0;0,7648463330046694;0;0;0
96876;28,862;-32,0;-1;-1;9435;16632;770;19761;2807;34620;12519;575;185;0,05435159681903272;0,10284269615142051;0,0031115380338758575;0,13217759159515463;0;0,7075165774005163;0;0;0
98376;29,024;-33,0;-1;-1;9515;16767;772;19943;2807;35721;12519;575;185;0,1847072131344702;0,3512420257036454;0,010868849102767995;0,45318191205911634;0;0;0;0;0
99876;29,168;-32,0;-1;-1;9695;17158;780;20866;2808;35730;12522;580;191;0,07155115561119951;0,23274903672560418;0,004447436806442205;0,6246483751071482;0;0;0,06454614708561794;0,002057794581174019;5,408281396420303E-8
101557;29,369;-34,0;-1;-1;9818;17585;786;21879;2808;35730;12629;585;191;0,1745331655661343;0,6493751151854117;0,011283081803670016;0;0;0;0,15957570000310436;0,005232937441679583;0
103057;29,557;-34,0;-1;-1;10089;18534;805;21879;2808;35730;12880;595;191;0,18309998889359524;0,6306744451253369;0,012825956437531217;0;0,0024381849129719887;0;0,1709614246305647;0;0
104557;29,711;-34,0;-1;-1;10359;19493;828;21879;2812;35730;13124;595;191;0,04406074647504891;0,14413053077441323;0,003252356398235754;0;0;0,7671721267474453;0,04138423960485685;0;0
106057;29,855;-35,0;-1;-1;10444;19697;835;21879;2812;36870;13188;595;191;0,17121560326127128;0,6536208187788668;0,01287343287629984;0;0;0;0,16229014508356215;0;0
107557;30,012;-35,0;-1;-1;10704;20647;853;21879;2812;36870;13460;595;191;0,06088217390928139;0,22086813417699683;0,004830479304850858;0,6558459000353143;0;0;0,05757331257355676;0;0
109057;30,149;-36,0;-1;-1;10797;21001;864;22817;2812;36870;13564;595;191;0,16115343776774055;0,6669879809644294;0,012965466054002782;0;0;0;0,15234149874490965;0,006551616468917576;0
110557;30,302;-36,0;-1;-1;11055;21976;884;22817;2812;36870;13803;603;191;0,16768918416171458;0,6577338333507472;0,014163641101427319;0;0;0;0,1604133413861111;0;0
112057;30,458;-36,0;-1;-1;11278;22976;905;22817;2812;36870;14059;603;191;0,17459199723579472;0,6433323746740381;0,01531191942833969;0;0;0;0,16676348666826363;0;2,2199356379586382E-7
113291;30,591;-36,0;-1;-1;11493;23764;921;22817;2812;36870;14274;603;191;0,035039308161917346;0,12461222322080363;0,0032008334618715715;0;7,04249626758913E-4;0,8029272004271444;0,033516137669228445;0;4,7432275657889996E-8
114845;30,742;-37,0;-1;-1;11544;23959;923;22817;2813;38123;14326;603;191;0,1788337759337863;0,6296158757123836;0,01654659210333248;0;0,0036508375208611134;0;0,17135291872963634;0;0
116345;30,913;-37,0;-1;-1;11817;24901;947;22821;2822;38128;14585;608;194;0,052890616718253576;0,17834426055593555;0,005130920739143004;0,7124057008098604;0;0;0,05122850117680735;0;0
117845;31,062;-37,0;-1;-1;11882;25185;951;23888;2822;38128;14665;608;194;0,18387839913303988;0,6100694549952693;0,018087959291354427;0;0;0;0,17791632748768232;0,01004785909265408;0
119345;31,228;-37,0;-1;-1;12151;26118;976;23888;2822;38128;14924;622;194;0,18939833459937858;0,6063182663094138;0,01944608030446463;0;0;0;0,18483731878674295;0;0
120845;31,447;-37,0;-1;-1;12434;27038;998;23888;2822;38128;15199;622;194;0,1970828205723223;0,5944873591299368;0,021334543762120104;0;0;0;0,18709492291942525;0;3,5361619554204987E-7
122099;31,581;-37,0;-1;-1;12678;27791;1020;23888;2822;38128;15434;622;194;0,20216497281833712;0,5988232591392478;0;0;0,005685526454917334;0;0,19332624158749784;0;0
123599;31,741;-37,0;-1;-1;13000;28671;1020;23888;2831;38128;15723;622;194;0,02586750232348114;0,07576255203091863;0;0;7,91036804820321E-4;0,8724499202363706;0,025128988604409333;0;0
125099;31,883;-37,0;-1;-1;13048;28774;1020;23888;2832;39436;15763;622;194;0,02688070594626449;0,0788156284618154;0;0;0;0,8681067424569012;0,026196923135018885;0;0
126599;32,102;-31,0;-1;-1;13084;28872;1020;23888;2832;40764;15801;622;194;0,01509410742669177;0,05108045069252951;0;0,25549848328228725;0;0,6608549573801112;0,017472001218380183;0;0
128099;32,243;-34,0;-1;-1;13105;28935;1020;24322;2832;41721;15826;622;194;0,011987708952982196;0;0,0015114438892694928;0,31643457929597224;0;0,6552663021872079;0,01389656275162074;9,034029229474233E-4;0
129599;32,395;-32,0;-1;-1;13122;28935;1022;24802;2832;42713;15835;622;194;0,009528554609575019;0;0,0012043237267177354;0,34354235986149156;0;0,6346511193224432;0,011073621635031335;0;2,0844741166721187E-8
131090;55,232;-27,0;-1;-1;13137;28935;1028;25539;2832;43429;15852;622;194;0,02522070305559219;0;0,0033701436209990446;0,9268900149620757;8,873043016587516E-4;0,014428529374814153;0,029203304684860043;0;0
132590;55,386;-28,0;-1;-1;13177;28938;1042;26939;2837;43446;15902;625;197;0,017118761529412826;0;0,03019977138072212;0,9421688656881979;6,093038826114019E-4;0,009903297519055717;0;0;0
134090;55,579;-31,0;-1;-1;13196;28938;1096;28345;2840;43464;15902;625;197;0,017526205166504397;0,05874258217627377;0,029020161543357043;0,8947110511138648;0;0;0;0;0
135590;56,362;-32,0;-1;-1;13227;29031;1144;29673;2840;43464;15902;625;197;0,021341899084130343;0,08064206214327035;0,033424512459984;0,8645915263126153;0;0;0;0;0
137090;56,544;-32,0;-1;-1;13254;29140;1188;30993;2840;43464;15902;625;197;0,02382683563852842;0,0895358194010306;0,03558961547605555;0,8510477294843855;0;0;0;0;0
138590;56,72;-20,0;-1;-1;13289;29268;1238;32280;2840;43464;15902;625;197;0,022601601420073114;0,08450557456453549;0,03190572402649384;0,8339457336110313;0;0;0,027041366377866225;0;0
140090;56,924;-27,0;-1;-1;13329;29364;1276;33570;2840;43464;15938;625;197;0,020783826042590735;0,08837006641305843;0,02836560674080453;0,8473685733833283;7,782020379111105E-4;0,012532247554148739;0;0,001801406114741542;7,171341671650377E-8
141858;57,17;-30,0;-1;-1;13368;29510;1320;35090;2841;43480;15938;627;197;0,3311752797851503;0;0,42266159914656126;0;0,012691278924804865;0,2041706299467872;0;0,029301212196696305;0
143358;58,019;-30,0;-1;-1;13949;29510;1777;35090;2870;43864;15938;676;197;0,4284600603115013;0;0,2592715013564769;0;0;0,28922355766056695;0;0,023044880671454954;0
144858;58,288;-30,0;-1;-1;14606;29510;2088;35090;2870;44351;15938;721;197;0,41568840449961375;0;0,1886317579232884;0;0;0,3673885863817487;0;0,028291251195349143;0
146358;294,071;-24,0;-1;-1;15272;29510;2325;35090;2870;44866;15938;803;197;5,739166010026877E-4;0;0;0;0;0,07983331582491641;0;0,9195927675740809;0
147358;294,505;-24,0;-1;-1;15272;29510;2325;35090;2870;44901;15938;1768;197;0;0,14140699391351227;0;0,728267856286611;0;3,583542794182228E-4;0,05635088519829246;0,07361591032216605;0
148858;294,668;-29,0;-1;-1;15273;29711;2330;36205;2872;44902;16025;1879;202;0;0;0;0,8531397411433064;0,004881858097331974;0;0,06254764485370927;0,07943075590565224;0
150358;295,157;-27,0;-1;-1;15273;29711;2330;37527;2879;44902;16112;1963;202;0;0;0;0,9104444231251341;0,00418693482361738;0;0,05934497148437944;0,026023670566869158;0
151858;295,341;-30,0;-1;-1;15273;29711;2330;38896;2884;44902;16197;2004;202;0;0;3,820130993878677E-8;0,912501662586056;0,004144224756682127;0;0,057865832490661545;0,025483919968466676;4,3219968238941325E-6
152619;295,443;-30,0;-1;-1;15273;29711;2330;39593;2885;44902;16240;2024;202;2,5585103284619764E-6;0;0;0,934957170654548;0,004377874019120619;0;0,060662396816002995;0;0
154119;295,599;-34,0;-1;-1;15273;29711;2330;41002;2890;44902;16326;2024;202;2,5951219830180517E-6;0;0;0,9346924218428536;0,0044331976555112606;3,6844835543712044E-4;0,06050333702421503;0;0
155619;295,923;-34,0;-1;-1;15273;29711;2330;42397;2900;44903;16420;2024;202;2,5168841637660183E-6;0,13651016156971116;0;0,8024797050221115;0,004284746129122489;3,566123774768806E-4;0,05636625801741417;0;0
157119;296,146;-34,0;-1;-1;15273;29938;2330;43569;2906;44903;16515;2024;202;0;0,14274773799199492;0;0,7980612138277223;0;0;0,0591910481802828;0;0
158119;296,271;-28,0;-1;-1;15273;30077;2330;44370;2906;44903;16575;2024;202;0;0,11817162248192689;0;0,8034384895485841;0;0;0,054910492573361294;0,02347939539612763;0
159619;296,425;-33,0;-1;-1;15273;30265;2330;45562;2906;44903;16656;2063;202;0;0,11240651742212637;3,479778028220453E-8;0,8128202753951896;0;0;0,052329289790769805;0,0224438825941339;0
160946;296,567;-34,0;-1;-1;15273;30408;2330;46644;2906;44903;16731;2090;202;0;0,11747106554862699;0;0,821644599974602;0;0;0,060884334476770954;0;0
161946;296,673;-34,0;-1;-1;15273;30525;2330;47467;2906;44903;16791;2090;202;2,3843925332945086E-6;0,11931643049518963;0;0,814470263075677;0,004029656774439548;3,362512078730929E-4;0,061845014054287516;0;0
163446;296,872;-34,0;-1;-1;15275;30725;2332;48681;2915;44907;16888;2094;204;2,536027211316235E-6;0,12446859403430659;0;0,810596370105605;0;3,5719006365323884E-4;0,06457530976922372;0;0
164946;297,044;-29,0;-1;-1;15275;30897;2332;49935;2915;44907;16962;2094;204;0;0,09664159453781067;0;0,8531092781222411;0;0;0,05024912733994813;0;0
165946;297,145;-29,0;-1;-1;15275;31008;2332;50761;2915;44907;17025;2094;204;0;0,09649307441864491;0;0,8332073157090707;0;0;0,05011734663060207;0,020182263241682406;0
167446;297,303;-28,0;-1;-1;15275;31147;2332;52027;2915;44907;17091;2123;204;0;0,08449535229950914;0;0,8538488269601702;0;0;0,04390329667845949;0,017752524061861164;0
168946;297,46;-27,0;-1;-1;15275;31301;2332;53302;2915;44907;17138;2147;204;0;0,08612458680474082;2,6949234444075373E-8;0,8562625170341939;0;0;0,04099647184101561;0,01661639737081546;0
170276;297,595;-27,0;-1;-1;15275;31418;2332;54436;2915;44907;17197;2167;204;1,7785835498954355E-6;0,08972706329128592;0;0,8643124073187888;0,002978896848874753;2,4937263495681487E-4;0,042730481322543735;0;0
171776;297,747;-30,0;-1;-1;15275;31533;2332;55751;2916;44907;17266;2167;204;0;0,07828966767893439;0;0,8818533626492938;0,0026260256560987245;0;0,03723094401567315;0;0
173276;297,966;-34,0;-1;-1;15275;31667;2332;57055;2919;44907;17325;2167;204;0;0,08722811679736625;0;0,8748044566445713;0;0;0,037967426558062546;0;0
174276;298,138;-34,0;-1;-1;15275;31759;2332;57921;2919;44907;17367;2167;204;0;0,09097901314430301;0;0,8693825130037446;0;0;0,03963847385195239;0;0
175276;298,24;-25,0;-1;-1;15275;31845;2332;58800;2919;44907;17402;2167;204;0;0,09040945940725842;0;0,8542691033978612;0;0;0,04009300385841941;0,015228433336461077;0
176776;298,642;-30,0;-1;-1;15275;31954;2332;60097;2919;44907;17464;2199;204;0;0,08172181182995865;0;0,8633561603074007;0;0;0,04009909949703138;0,01482292836560918;0
178276;298,798;-33,0;-1;-1;15280;32068;2336;61403;2924;44914;17531;2220;210;1,5993490594159851E-6;0,08119291694822887;0;0,8571650249585441;0,0026476676514859015;2,2256119404206624E-4;0,04397773728404101;0,014792492614598507;0
180276;299,0;-37,0;-1;-1;15280;32237;2336;63090;2931;44915;17629;2258;210;0;0,5515334718717869;1,7755863146291893E-7;0;0,01822326104883521;0,0015332105476212274;0,3277820502197859;0,10092782875333917;0
181536;299,162;-37,0;-1;-1;15280;32940;2336;63090;2953;44916;18045;2376;210;0;0,6170124970539284;0;0;0,02133277582355952;0;0,36165472712251223;0;0
182536;299,306;-37,0;-1;-1;15280;33555;2336;63090;2973;44916;18410;2376;210;0;0,6339077314269209;0;0;0;0;0,3660922685730792;0;0
183536;299,445;-37,0;-1;-1;15280;34183;2336;63090;2973;44916;18782;2376;210;0;0,6364586859478828;0;0;0;0;0,3635413140521173;0;0
184536;299,578;-20,0;-1;-1;15280;34808;2336;63090;2973;44916;19157;2376;210;0;0,07345866933844822;0;0,8810428986291636;0;0;0,04549843203238813;0;0
185536;299,696;-33,0;-1;-1;15280;34877;2336;63968;2973;44916;19210;2376;210;0;0,07195211646555055;0;0,8680086764301864;0;2,2416804042332377E-4;0,04555351888455418;0,014261520179285628;0
187036;299,848;-33,0;-1;-1;15280;34994;2336;65255;2973;44917;19277;2404;210;1,701995464455801E-6;0,07486057172913853;0;0,874802230842186;0,0027837192858076974;2,3529262687470976E-4;0,04731648352052879;0;0
188536;299,976;-34,0;-1;-1;15280;35112;2336;66567;2975;44917;19345;2404;210;0;0,07561575664919726;0;0,8738134873632649;0,0028325078275614744;0;0,04773824815997624;0;0
190036;300,09;-34,0;-1;-1;15280;35216;2336;67880;2982;44917;19421;2404;210;0;0,07743036151597979;0;0,8738138042562043;0;0;0,04875583422781589;0;0
191036;300,166;-35,0;-1;-1;15280;35301;2336;68744;2982;44917;19472;2404;210;0;0,07742478596313461;0;0,8738761855333748;0;0;0,048699028503490664;0;0
192036;300,244;-36,0;-1;-1;15280;35386;2342;69614;2985;44920;19523;2406;213;0;0,07732113145591563;0;0,8740135428657015;0;0;0,04866532567838289;0;0
193036;300,319;-37,0;-1;-1;15280;35459;2342;70491;2985;44920;19573;2406;213;0;0,07615446058346341;0;0,8602650100076262;0;2,464749287350231E-4;0,04785988750204981;0,01547416697812556;0
194536;300,454;-37,0;-1;-1;15280;35572;2342;71786;2985;44920;19643;2428;213;0;0,07899639393369959;0;0,8684018809265353;0,003041702628608303;0;0,049560022511156814;0;0
196036;300,617;-37,0;-1;-1;15280;35689;2342;73084;2989;44920;19724;2428;213;0;0,08133375960638325;0;0,8646528626909816;0,0031576271562862917;0;0,05085575054634864;0;0
197536;300,773;-37,0;-1;-1;15280;35810;2342;74370;2995;44920;19811;2428;213;2,0163666393030947E-6;0,08345210288554394;0;0,8613225989032502;0,0032671047773644595;0;0,051956177067202035;0;0
199036;300,924;-37,0;-1;-1;15280;35919;2342;75664;3002;44920;19901;2428;213;0;0,6174705795066106;0;0;0;0;0,3825294204933894;0;0
200036;301,078;-37,0;-1;-1;15280;36557;2342;75664;3002;44920;20263;2428;213;0;0,6185999608354781;0;0;0;0;0,381400039164522;0;0
201036;301,252;-15,0;-1;-1;15280;37144;2342;75664;3002;44920;20676;2428;213;0;0,5656685812113544;0;0;0;0,0016399481707457476;0,43269147061789986;0;0
202036;301,394;-16,0;-1;-1;15280;37720;2342;75664;3002;44921;21099;2428;213;0;0,5009401935207178;0;0;0;0,0015047352854539624;0,4040313238983747;0,0935237472954535;0
203536;301,635;-22,0;-1;-1;15280;38447;2342;75664;3002;44922;21750;2549;213;0;0,10502712784327498;0;0,7946403097258499;0,003140542029336286;0;0,08112389639814954;0,01606812400338938;0
205036;301,819;-32,0;-1;-1;15280;38597;2342;76875;3008;44922;21861;2571;213;0;0,11662763780018669;0;0,8628543353421748;0,0037872617179692636;0;0;0,016730765139669222;0
206536;302,039;-32,0;-1;-1;15281;38815;2345;78127;3018;44928;21866;2602;216;0;0,12046819299947681;0;0,8628322637010192;0;0;0;0,01669954329950404;0
207536;302,133;-33,0;-1;-1;15281;38916;2345;79000;3018;44928;21866;2628;216;0;0,10237979878294276;0;0,8759895497246885;0;0;0;0,02163065149236888;0
208536;302,229;-35,0;-1;-1;15281;39013;2345;79873;3018;44928;21866;2658;216;0;0,10890756032575998;0;0,8692909210122323;0;2,530683024964832E-4;0;0,021548450359511452;0
210036;302,364;-37,0;-1;-1;15281;39172;2345;81182;3018;44928;21866;2690;216;0;0,10098261371292364;0;0,8087569317871344;0;2,3716234045938352E-4;0,06997340721234394;0,020049884947138507;0
211536;302,508;-38,0;-1;-1;15281;39299;2345;82427;3018;44929;21965;2718;216;0;0,5365075904733647;0;0;0,016052988131598434;0;0,3473657354446534;0,10007368595038363;0
213036;302,756;-38,0;-1;-1;15281;40088;2345;82427;3039;44929;22496;2877;216;0;0,542899741112492;0;0;0,01697388944217361;0;0,34520790588958644;0,09491846355574798;0
214536;303,111;-38,0;-1;-1;15281;40895;2345;82427;3069;44929;23038;2998;216;0;0,5688188294775867;0;0;0;0;0,3551629345277379;0,07601823599467546;0
215536;303,25;-18,0;-1;-1;15281;41456;2345;82427;3069;44929;23393;3082;216;0;0,5698629532942685;0;0;0;0;0,3527165328281014;0,07742051387763021;0
216536;303,408;-23,0;-1;-1;15281;42019;2345;82427;3069;44929;23728;3184;216;0;0,11352118606585875;0;0,8099554989665596;0;2,472828115941291E-4;0,058105406817442334;0,0181706253385452;0
218036;303,573;-31,0;-1;-1;15281;42175;2345;83647;3069;44930;23824;3211;216;0;0,12385228605754024;0;0,857260238248256;0;2,570466840852698E-4;0;0,018630429010118493;0
219536;307,438;-31,0;-1;-1;15281;42375;2345;84938;3069;44930;23824;3220;216;0;0,12933986570946399;0;0,8662610255388279;0,0036958447220494517;0;0;7,032640296584995E-4;0
221036;307,617;-32,0;-1;-1;15281;42593;2349;86219;3079;44935;23825;3226;219;0;0,13071608601968127;0;0,8647725592053411;0,0037898775748005853;0;0;7,214772001769971E-4;0
222536;307,781;-32,0;-1;-1;15281;42778;2349;87528;3084;44935;23825;3227;219;0;0,1341897223407066;0;0,8650602570082094;0;0;0;7,500206510839566E-4;0
223536;307,886;-32,0;-1;-1;15281;42915;2349;88390;3084;44935;23825;3228;219;0;0,12736140379600164;0;0,8081550592034421;0;0;0,06448353700055634;0;0
224536;307,99;-32,0;-1;-1;15281;43033;2349;89210;3084;44935;23887;3228;219;0;0,12876351809082073;0;0,8058130667553575;0;2,913813861769628E-4;0,06513203376764488;0;0
226036;308,145;-32,0;-1;-1;15281;43256;2349;90407;3084;44935;23967;3228;219;0;0,13055955464355368;0;0,8028877232131252;0;2,9941785102774395E-4;0,06625330429229336;0;0
227536;308,302;-32,0;-1;-1;15281;43458;2349;91604;3084;44936;24067;3228;219;0;0,13196844888207002;0;0,7970549852158263;0,0040287489996480045;0;0,06694781690245563;0;0
229036;308,458;-32,0;-1;-1;15281;43644;2349;92817;3088;44936;24164;3228;219;0;0,13385455634041712;0;0,7933693689427793;0,004130631203812951;0;0,06785752551095427;7,879180020363065E-4;0
230536;308,97;-25,0;-1;-1;15281;43824;2349;94032;3090;44936;24264;3231;219;0;0,1509663044905618;0;0,8481815927381595;0;0;0;8,521027712787331E-4;0
231536;309,094;-27,0;-1;-1;15281;43988;2349;94868;3090;44936;24264;3231;219;0;0,1588623857623147;0;0,8411376142376853;0;0;0;0;0
232536;309,274;-29,0;-1;-1;15281;44165;2349;95691;3090;44936;24264;3231;219;0;0,16013139264960183;0;0,8395182990597031;0;3,503082906951147E-4;0;0;0
233536;309,375;-29,0;-1;-1;15281;44324;2349;96531;3090;44937;24264;3231;219;0;0,1614258445452138;0;0,8382172629628695;0;3,568924919167007E-4;0;0;0
234536;309,47;-29,0;-1;-1;15283;44469;2353;97390;3091;44940;24267;3233;221;0;0,15035434527193087;0;0,7741220663802716;0,004396353472953407;0;0,07112723487484411;0;0
236036;309,593;-30,0;-1;-1;15283;44671;2353;98574;3106;44940;24366;3233;221;0;0,15006216156965374;0;0,7735607195166454;0,004429871890599069;0;0,07109996723396333;8,472797891383375E-4;0
237536;309,703;-30,0;-1;-1;15283;44886;2353;99751;3112;44940;24467;3234;221;0;0,1515689919594626;0;0,7755572525949876;0;0;0,07200888095214585;8,648744934039277E-4;0
239036;309,811;-31,0;-1;-1;15283;45120;2353;100901;3112;44940;24582;3235;221;0;0,15187096107447098;0;0,7710726918311867;0;0;0,07705634709434235;0;0
240036;309,907;-31,0;-1;-1;15283;45272;2353;101678;3112;44940;24653;3235;221;0;0,15256325466543935;0;0,7696041180891459;0;3,5448251433026613E-4;0,07747814473108436;0;0
241536;310,057;-33,0;-1;-1;15283;45490;2353;102837;3112;44941;24775;3235;221;0;0,15107847452975712;0;0,7665468975619322;0;3,5688575999343514E-4;0,08201774214831731;0;0
243036;310,208;-33,0;-1;-1;15283;45737;2353;103964;3112;44943;24899;3235;221;0;0,15115520223474582;0;0,7618789984074152;0,004738274846309799;0;0,08222752451152904;0;0
244536;310,353;-33,0;-1;-1;15283;45938;2353;105116;3118;44943;25040;3235;221;0;0,15218873370001346;0;0,7595188330780724;0,004824467333619041;0;0,0825433239575724;9,246419307226304E-4;0
246036;310,498;-33,0;-1;-1;15283;46152;2353;106253;3129;44943;25176;3237;221;0;0,15401988747209136;0;0,7616973205978819;0;0;0,08333544886675374;9,473430632729109E-4;0
247536;310,649;-33,0;-1;-1;15283;46373;2353;107393;3129;44943;25313;3239;221;0;0,15514137188081462;0;0,7610023308821471;0;0;0,08385629723703833;0;0
248536;310,752;-33,0;-1;-1;15283;46555;2353;108127;3129;44943;25397;3239;221;0;0,1553733813870922;0;0,7600092032343194;0;3,9237576365169265E-4;0,08422503961493666;0;0
250036;310,91;-32,0;-1;-1;15285;46789;2361;109271;3131;44949;25518;3243;225;0;0,1665524909233968;0;0,7561050440503783;0;3,634540763020257E-4;0,07697901094992277;0;0
251536;311,253;-32,0;-1;-1;15285;47035;2361;110402;3131;44949;25641;3243;225;0;0,17165824100934618;0;0,7439060643068168;0,0049561472990277645;0;0,07947954738480911;0;0
253036;311,423;-27,0;-1;-1;15285;47271;2361;111540;3139;44949;25759;3243;225;0;0,16193066381197765;0;0,7574617397581577;0,00472899086921014;0;0,07496997551100557;9,086300496489478E-4;0
254536;311,6;-27,0;-1;-1;15285;47549;2361;112650;3143;44949;25863;3247;225;0;0,16464399904886343;0;0,7589448486459172;0;0;0,0764111523052194;0;0
255536;311,702;-31,0;-1;-1;15285;47710;2361;113416;3143;44949;25936;3247;225;0;0,15407964033909058;0;0,7698064605264714;0;0;0,07611389913443808;0;0
256536;311,793;-31,0;-1;-1;15285;47876;2361;114168;3143;44949;26018;3247;225;0;0,1546358332636423;0;0,7686452568787088;0;3,579405896445368E-4;0,07636096926800452;0;0
258036;311,929;-19,0;-1;-1;15285;48090;2361;115342;3143;44949;26130;3247;225;0;0,15196480876776705;0;0,772692228943634;0;3,554427328677164E-4;0,07498751955573114;0;0
259536;312,077;-30,0;-1;-1;15285;48337;2361;116479;3143;44950;26245;3247;225;0;0,15797151974773968;0;0,7671381465156708;0,004385090205600672;0;0,0705052435309889;0;0
261036;312,214;-32,0;-1;-1;15285;48557;2361;117633;3152;44950;26362;3247;225;0;0,15695509138863062;0;0,7634217956424245;0,004401000044528539;0;0,07437493110431014;8,471818201060735E-4;0
262536;312,311;-32,0;-1;-1;15285;48794;2361;118778;3158;44950;26471;3250;225;0;0,15832587379884644;0;0,7657273990900922;0;0;0,07508524264905089;8,614844620103502E-4;0
264036;312,436;-27,0;-1;-1;15285;49035;2361;119926;3158;44950;26581;3251;225;0;0,14786055031008938;0;0,7776818098003955;0;0;0,07445763988951516;0;0
265036;312,543;-33,0;-1;-1;15286;49183;2363;120719;3161;44953;26649;3251;228;0;0,14533889739540345;0;0,7811221485498407;0;3,227157153149227E-4;0,07321623833944081;0;0
266536;312,686;-33,0;-1;-1;15286;49379;2363;121921;3161;44953;26751;3251;228;0;0,14673961798888566;0;0,7790509703416981;0;3,2892582740431876E-4;0,07388048584201182;0;0
268036;312,829;-34,0;-1;-1;15286;49624;2363;123080;3161;44954;26846;3251;228;0;0,14595544292409354;0;0,7760712660087778;0,0042811915825093656;0;0,07369209948461923;0;0
269536;312,969;-34,0;-1;-1;15286;49853;2363;124221;3170;44954;26967;3251;228;0;0,14675731749251072;0;0,7739913307976698;0,004349760923048258;0;0,074063192310365;8,383984764062102E-4;0
271036;313,112;-27,0;-1;-1;15286;50050;2363;125385;3179;44954;27095;3253;228;0;0;0;0,9105458968438188;0;0;0,08849676224474293;9,573409114383682E-4;0
272036;313,204;-33,0;-1;-1;15286;50050;2363;126298;3179;44954;27181;3254;228;0;0;0;0,9139955561849793;0;0;0,08600444381502083;0;0
273036;313,306;-33,0;-1;-1;15286;50050;2363;127223;3179;44954;27256;3254;228;0;0;0;0,9129093514976775;0;3,8293313582370966E-4;0,08670771536649884;0;0
274036;313,396;-33,0;-1;-1;15286;50050;2363;128138;3179;44956;27339;3254;228;0;0;0;0,9124028080938958;0;3,8824045562737983E-4;0,0872089514504768;0;0
275036;313,511;-33,0;-1;-1;15286;50050;2363;129077;3179;44956;27400;3254;228;0;0,1448756715116838;0;0,7756377946880854;0,004339387800166012;0;0,07514714600006488;0;0
276536;313,637;-34,0;-1;-1;15286;50277;2363;130252;3185;44956;27492;3254;228;0;0,15199307971953704;0;0,7676355719451133;0,004371356983922789;0;0,07515600351860521;8,439878328216601E-4;0
278036;313,767;-34,0;-1;-1;15286;50491;2363;131428;3189;44956;27596;3256;228;0;0,15393605837193078;0;0,769969791300958;0;0;0,07609415032711125;0;0
279036;313,867;-16,0;-1;-1;15288;50647;2364;132203;3191;44957;27672;3258;229;0;0,15353250417919143;0;0,770601501950743;0;0;0,07586599387006555;0;0
280036;314,201;-23,0;-1;-1;15288;50793;2364;132987;3191;44957;27742;3258;229;0;0,1526824358220507;0;0,7715038935225415;0;3,493147979690829E-4;0,07546435585743869;0;0
281536;314,378;-23,0;-1;-1;15288;51010;2364;134160;3191;44958;27851;3258;229;0;0,15449658644451508;0;0,7688051215591324;0;3,5713399889247653E-4;0,07634115799746012;0;0
283036;314,557;-23,0;-1;-1;15288;51256;2364;135298;3191;44958;27967;3258;229;0;0,15544821809080572;0;0,7630225407653182;0,004667914442128869;0;0,0768613267017472;0;0
284536;314,827;-30,0;-1;-1;15288;51501;2364;136424;3202;44958;28085;3258;229;0;0,15347893798860043;0;0,7611553914207977;0,004632254178941559;0;0,07983653624009995;8,968801715603835E-4;0
286036;314,97;-32,0;-1;-1;15288;51748;2364;137536;3211;44958;28216;3259;229;0;0,6535941381347705;0;0;0;0;0,3427167366870616;0,003689125178167878;0
287036;315,112;-33,0;-1;-1;15288;52417;2364;137536;3211;44958;28537;3269;229;0;0,6648742397835542;0;0;0;0;0,33512576021644586;0;0
288036;315,237;-33,0;-1;-1;15288;53062;2364;137536;3211;44958;28892;3269;229;0;0,6649934725368953;0;0;0;0,0015378022215819047;0,3334687252415228;0;0
289036;315,366;-33,0;-1;-1;15288;53721;2364;137536;3211;44960;29231;3269;229;0;0,6654107940536843;0;0;0;0,0015840314125188713;0,3330051745337969;0;0
290036;315,497;-33,0;-1;-1;15288;54397;2364;137536;3211;44964;29551;3269;229;0;0,15169081552753258;0;0,7675741866951559;0,004762356138146604;0;0,07597264163916494;0;0
291536;315,643;-35,0;-1;-1;15288;54656;2364;138658;3213;44964;29668;3269;229;0;0,15114956134651716;0;0,7673693968663113;0,004799689393745289;0;0,07575069100549457;9,306613879316548E-4;0
293036;315,799;-38,0;-1;-1;15291;54908;2369;139795;3222;44969;29776;3277;235;0;0,6829341902177116;0;0;0;0;0,3131781944378457;0,003887615344442559;0
294036;315,892;-38,0;-1;-1;15291;55597;2369;139795;3222;44969;30081;3283;235;0;0,6852803318236537;0;0;0;0;0,31471966817634645;0;0
295036;316,008;-38,0;-1;-1;15291;56258;2369;139795;3222;44969;30420;3283;235;0;0,6846614379747856;0;0;0;0,0016473536457105302;0,3136912083795038;0;0
296036;316,135;-38,0;-1;-1;15291;56910;2369;139795;3222;44971;30766;3283;235;0;0,6853587532911023;0;0;0;0,0016929790086458027;0,3129482677002519;0;0
297036;316,257;-38,0;-1;-1;15291;57585;2369;139795;3222;44973;31089;3283;235;0;0,15256083340094997;0;0,7729100765223154;0,004935598486093618;0;0,06959349159064118;0;0
298536;316,397;-38,0;-1;-1;15291;57813;2369;140955;3237;44973;31186;3283;235;0;0,15332920090130406;0;0,7706784066029091;0,005004435675744309;0;0,07001579976761182;9,721570524308267E-4;0
300036;316,547;-38,0;-1;-1;15291;58045;2369;142108;3247;44973;31289;3285;235;0;0,15502706425677967;0;0,7732112037757529;0;0;0,070768963345088;9,927686223794386E-4;0
301536;316,686;-38,0;-1;-1;15291;58284;2369;143253;3247;44973;31402;3288;235;0;0,15601025970622712;0;0,7727819299667901;0;0;0,07120781032698276;0;0
302536;316,776;-23,0;-1;-1;15291;58448;2369;144022;3247;44973;31469;3288;235;0;0,1590243558412875;0;0,7710903801201991;0;4,001536812989163E-4;0,06948511035721439;0;0
304036;317,816;-27,0;-1;-1;15291;58695;2369;145163;3247;44976;31578;3288;235;0;0,18120590935804398;0;0,7379852061503659;0;4,45489929662335E-4;0,08036339456192777;0;0
305536;318,007;-29,0;-1;-1;15291;58954;2369;146280;3247;44976;31702;3288;235;0;0,17747697115633637;0;0,7282038450703399;0,005673569769462415;0;0,08864561400386134;0;0
307036;318,167;-29,0;-1;-1;15292;59235;2376;147358;3261;44979;31847;3291;237;0;0,17778021878219838;0;0,7267035722098637;0,005741501405780576;0;0,08865339850262675;0,001121309099530554;0
308536;318,364;-29,0;-1;-1;15292;59504;2376;148436;3273;44979;31987;3292;237;0;0,17765464265907877;0;0,7315416667215852;0;0;0,08965481949170356;0,0011488711276325292;0
310036;318,522;-29,0;-1;-1;15292;59787;2376;149517;3273;44979;32121;3294;237;0;0,17837769851981755;0;0,7315814434498804;0;0;0,09004085803030207;0;0
311036;318,815;-25,0;-1;-1;15292;59952;2376;150258;3273;44979;32215;3294;237;0;0,18502309206827888;0;0,7244381139420559;0;4,546565113429696E-4;0,09008413747832217;0;0
312536;318,964;-32,0;-1;-1;15292;60220;2376;151368;3273;44980;32336;3294;237;0;0,18837895533086949;0;0,7231509649684068;0;4,4914147270760414E-4;0,08802093822801625;0;0
314036;319,108;-32,0;-1;-1;15292;60510;2376;152432;3273;44980;32482;3294;237;0;0,18776767824078805;0;0,7188569083162665;0,005703885136015044;0;0,08767152830693058;0;0
315536;319,252;-32,0;-1;-1;15292;60800;2376;153493;3280;44980;32624;3294;237;0;0,1879261884382531;0;0,7175866403185277;0,0057693144424517595;0;0,08758700316695972;0,0011308536338076373;0
317036;319,397;-32,0;-1;-1;15292;61089;2376;154581;3286;44980;32741;3294;237;0;0,18783769146651172;0;0,7312007868390689;0;0;0,08096152169441938;0;0
318036;319,497;-33,0;-1;-1;15292;61287;2376;155298;3286;44980;32826;3294;237;0;0,18688422378677666;0;0,7324832008815483;0;0;0,08063257533167506;0;0
319036;319,608;-30,0;-1;-1;15292;61476;2376;156041;3286;44980;32894;3294;237;0;0,17492844626189488;0;0,7371917316648475;0;4,0537875604024226E-4;0,08747444331721732;0;0
320536;319,754;-25,0;-1;-1;15292;61732;2376;157142;3286;44981;33036;3294;237;0;0,16684284494615806;0;0,7412171459950369;0;3,9097229872544917E-4;0,0915490367600797;0;0
322036;320,101;-33,0;-1;-1;15296;61963;2382;158286;3292;44986;33170;3296;241;0;0,16437743336763422;0;0,7406110678775485;0,004890567091070488;0;0,09012093166374696;0;0
323536;320,257;-33,0;-1;-1;15296;62219;2382;159390;3302;44986;33300;3296;241;0;0,1648869934579342;0;0,7388155193887921;0,004954262874748059;0;0,09036952382378013;9,737004547455603E-4;0
325036;320,39;-33,0;-1;-1;15296;62465;2382;160504;3311;44986;33429;3298;241;0;0,1662887175997018;0;0,7415205050954159;0;0;0,09119995449450684;9,908228103754362E-4;0
326536;320,593;-28,0;-1;-1;15296;62703;2382;161653;3311;44986;33539;3301;241;0;0,16286612918028856;0;0,7511073902555199;0;0;0,08602648056419161;0;0
327536;320,69;-31,0;-1;-1;15296;62864;2382;162415;3311;44986;33616;3301;241;0;0,16143319481763777;0;0,7529251098360134;0;3,823660260288125E-4;0,08525932932032015;0;0
329036;320,841;-31,0;-1;-1;15296;63107;2382;163541;3311;44986;33747;3301;241;0;0,16201242964920515;0;0,7521797759180734;0;3,8751171813235734E-4;0,08542028271458911;0;0
330536;320,986;-33,0;-1;-1;15296;63361;2382;164647;3311;44986;33887;3301;241;0;0,16089566296366237;0;0,7495524034596934;0,004860104063532004;0;0,08469182951311208;0;0
332036;321,348;-34,0;-1;-1;15296;63616;2382;165775;3318;44986;33997;3301;241;0;0,1488928444459364;0;0,7595014253906195;0,004962467282402814;0;0,08566550594611481;9,777569349265728E-4;0
333536;321,494;-34,0;-1;-1;15296;63846;2382;166914;3323;44986;34121;3303;241;0;0,1503447692255101;0;0,7632230941376127;0;0;0,0864321366368773;0;0
334536;321,591;-34,0;-1;-1;15296;64020;2382;167654;3323;44986;34207;3303;241;0;0,15066897206291166;0;0,7627723202519969;0;0;0,08655870768509144;0;0
335536;321,685;-34,0;-1;-1;15296;64152;2382;168445;3323;44986;34284;3303;241;0;0,15116945795285158;0;0,7616933368294417;0;4,122204848437061E-4;0,08672498473286297;0;0
337036;321,886;-33,0;-1;-1;15300;64388;2384;169583;3325;44988;34416;3309;241;0;0,14997546592139277;0;0,7626312037871759;0;3,8222044234730707E-4;0,08701110984908403;0;0
338536;322,042;-29,0;-1;-1;15300;64620;2384;170708;3325;44988;34559;3309;241;0;0,15792140517358697;0;0,7519694416590235;0,004532012394391213;0;0,08557714077299834;0;0
340036;322,195;-35,0;-1;-1;15300;64883;2384;171796;3330;44988;34703;3309;241;0;0,1606790226750487;0;0,7501454684375717;0,004488267776529701;0;0,08380136179421116;8,858793166387798E-4;0
341536;322,429;-27,0;-1;-1;15300;65147;2384;172883;3335;44988;34845;3311;241;0;0,1878196434024629;0;0,8112378055569175;0;0;0;9,425510406194969E-4;0
342536;322,637;-29,0;-1;-1;15300;65333;2384;173696;3335;44988;34845;3312;241;0;0,1848992308463806;0;0,8151007691536194;0;0;0;0;0
343536;322,722;-29,0;-1;-1;15300;65516;2384;174513;3335;44988;34845;3312;241;0;0,1852098920904682;0;0,8144190986151442;0;3,7100929438762994E-4;0;0;0
344536;322,857;-26,0;-1;-1;15300;65684;2384;175345;3335;44988;34845;3312;241;0;0,176653333712533;0;0,8229847215065837;0;3,6194478088325915E-4;0;0;0
345536;323,095;-33,0;-1;-1;15300;65879;2384;176150;3335;44988;34845;3312;241;0;0,1602893177800427;0;0,7598458173933532;0,004111004870068727;0;0,0757538599565353;0;0
347036;323,964;-37,0;-1;-1;15300;66142;2384;177263;3341;44988;34963;3312;241;0;0,17504693828896944;0;0,7325269877713797;0,00439341974512324;0;0,08716215837258118;8,70495821946498E-4;0
348536;324,107;-37,0;-1;-1;15300;66426;2384;178343;3348;44988;35091;3313;241;0;0,17611240984707865;0;0,7353530566291968;0;0;0,08765001196919137;8,84521554533183E-4;0
350036;324,26;-38,0;-1;-1;15300;66691;2384;179437;3348;44988;35230;3315;241;0;0,17578536953275842;0;0,7369902281992662;0;0;0,08722440226797533;0;0
351036;324,354;-38,0;-1;-1;15300;66844;2385;180207;3353;44990;35311;3318;244;0;0,17613193347820216;0;0,7361895758633393;0;3,6665833037898514E-4;0,08731183232807946;0;0
352536;324,5;-38,0;-1;-1;15300;67118;2385;181296;3353;44993;35445;3318;244;0;0,17651511383552648;0;0,735831431804827;0;3,7100123085804376E-4;0,08728245312878853;0;0
354036;324,645;-24,0;-1;-1;15300;67395;2385;182389;3353;44993;35575;3318;244;0;0,17201733004303604;0;0,7377923204944318;0,0043612320671705925;0;0,08582911739536161;0;0
355536;324,789;-28,0;-1;-1;15300;67659;2385;183475;3359;44993;35719;3318;244;0;0,17462641861120226;0;0,7360162897396881;0,004320630246428296;0;0,08417888651365676;8,577748890245193E-4;0
357036;324,935;-28,0;-1;-1;15300;67907;2385;184586;3365;44993;35854;3318;244;0;0,17607239822472281;0;0,7391859553172072;0;0;0,08474164645806995;0;0
358036;325,029;-29,0;-1;-1;15300;68082;2385;185323;3365;44993;35942;3318;244;0;0,17556139704965049;0;0,7400302989943978;0;0;0,0844083039559517;0;0
359036;325,125;-30,0;-1;-1;15300;68271;2385;186041;3365;44993;36035;3318;244;0;0,18046802336328455;0;0,735238669854477;0;3,5796897621073395E-4;0,08393533780602769;0;0
360536;325,274;-31,0;-1;-1;15300;68547;2385;187120;3365;44993;36180;3318;244;0;0,18006691816063067;0;0,735966322681623;0;3,6062609048704636E-4;0,08360613306725936;0;0
362036;325,422;-31,0;-1;-1;15300;68794;2385;188233;3365;44993;36320;3318;244;0;0,17986445196603498;0;0,7323252378689422;0,004469067008804081;0;0,08334124315621869;0;0
363536;325,567;-31,0;-1;-1;15300;69070;2385;189330;3374;44993;36438;3318;244;0;0,18006570184553702;0;0,7310408549673526;0,004512010809256001;0;0,08348276646888675;8,986659089676164E-4;0
365036;325,713;-31,0;-1;-1;15300;69328;2385;190437;3378;44993;36568;3319;244;0;0,18135617831852735;0;0,7337588324419149;0;0;0,08397189917652668;9,130900630309959E-4;0
366536;326,313;-22,0;-1;-1;15302;69623;2389;191525;3381;44998;36693;3322;248;0;0,1840318027742674;0;0,7306647228825106;0;0;0,0853034743432221;0;0
367536;327,176;-25,0;-1;-1;15302;69814;2389;192243;3381;44998;36784;3322;248;0;0,194662361073798;0;0,7146222042468601;0;4,110024705857219E-4;0,09030443220875607;0;0
369036;327,333;-26,0;-1;-1;15302;70103;2389;193326;3381;44998;36912;3322;248;0;0,20065506259146454;0;0,7086838696990051;0;4,1358276108179623E-4;0,09024748494844864;0;0
370536;327,551;-26,0;-1;-1;15302;70394;2389;194400;3381;45000;37045;3322;248;0;0,2016413598535455;0;0,7025309198407287;0,005112545158329208;0;0,09071517514739659;0;0
372036;327,79;-29,0;-1;-1;15302;70692;2389;195444;3391;45000;37193;3322;248;0;0,2056761658648979;0;0,6978669624344231;0,005141942980039367;0;0,0902857536669072;0,0010291750537322394;0
373536;327,962;-30,0;-1;-1;15302;70983;2389;196492;3395;45000;37349;3323;248;0;0,6823056912860267;0;0;0;0;0,3142175493194854;0,00347675939448785;0
374536;328,124;-30,0;-1;-1;15302;71646;2389;196492;3395;45000;37682;3327;248;0;0,6832159849974517;0;0;0;0;0,31678401500254827;0;0
375536;328,287;-30,0;-1;-1;15302;72330;2389;196492;3395;45000;37998;3327;248;0;0,6793133914139607;0;0;0;0,001518502412017511;0,3191681061740218;0;0
376536;328,456;-30,0;-1;-1;15302;73008;2389;196492;3395;45002;38318;3327;248;0;0,6760132565810583;0;0;0;0,0015680982724281306;0,32241864514651364;0;0
377536;328,615;-30,0;-1;-1;15302;73692;2389;196492;3395;45002;38634;3327;248;0;0,18492780171142553;0;0,720541812763277;0,005387143813630449;0;0,08914324171166717;0;0
379036;328,761;-33,0;-1;-1;15302;73980;2389;197584;3399;45002;38750;3327;248;0;0,18417015788456506;0;0,7205248759276063;0,005411427182060414;0;0,08880819162158048;0,001085347384187663;0
380536;332,511;-33,0;-1;-1;15305;74261;2390;198664;3408;45004;38890;3334;252;0;0,07892914218548645;0;0,8190050867152343;0;0;0,10206577109927929;0;0
381536;332,611;-33,0;-1;-1;15305;74360;2390;199464;3408;45004;38991;3334;252;0;0,07932971394572987;0;0,8185561001442674;0;0;0,1021141859100026;0;0
382536;332,698;-33,0;-1;-1;15305;74450;2390;200263;3408;45004;39102;3334;252;0;0,07965229593701978;0;0,817776882149282;0;5,374125007156657E-4;0,10203340941298253;0;0
384036;332,846;-33,0;-1;-1;15305;74586;2390;201478;3408;45005;39250;3334;252;0;0,08027732766852039;0;0,8170822092559593;0;5,435723061322777E-4;0,10209689076938812;0;0
385536;332,999;-33,0;-1;-1;15305;74716;2390;202720;3408;45007;39376;3334;252;0;0,08046941801352787;0;0,811211453318541;0,006551952799803745;0;0,1017671758681272;0;0
387036;333,161;-24,0;-1;-1;15305;74839;2390;203920;3423;45007;39538;3334;252;0;0,07910297596705801;0;0,8171863633863595;0,0062593181786123634;0;0,09618405633308835;0,0012672861348817987;0
388536;333,312;-32,0;-1;-1;15305;74977;2390;205120;3437;45007;39684;3336;252;0;0,08985683877025293;0;0,9087417511748177;0;0;0;0,0014014100549292778;0
389536;333,397;-32,0;-1;-1;15305;75077;2390;206019;3437;45007;39684;3337;252;0;0,09038487902014788;0;0,9096151209798521;0;0;0;0;0
390536;333,484;-32,0;-1;-1;15305;75168;2390;206928;3437;45007;39684;3337;252;0;0,09084858171387986;0;0,9085631957208066;0;5,882225653135001E-4;0;0;0
391536;333,567;-7,0;-1;-1;15305;75252;2390;207844;3437;45007;39684;3337;252;0;0,09136797672250559;0;0,9080391768668119;0;5,928464106823176E-4;0;0;0
392536;335,485;-33,0;-1;-1;15305;75345;2390;208750;3437;45008;39684;3337;252;0;0,09441799288964084;0;0,7935868863546146;0,006952701099037002;0;0,10504241965670746;0;0
394036;335,663;-34,0;-1;-1;15306;75487;2397;209929;3458;45011;39849;3344;256;0;0,09459234684490028;0;0,7926681341014428;0,006985275537277981;0;0,10433216099441282;0,001422082521966139;0
395536;335,826;-36,0;-1;-1;15306;75619;2397;211102;3467;45011;40034;3345;256;0;0,4548898101572532;0;0;0;0;0,5382471157551668;0,00686307408757994;0
396536;335,975;-36,0;-1;-1;15306;76101;2397;211102;3467;45011;40547;3350;256;0;0,46349581256620925;0;0;0;0;0,5365041874337907;0;0
397536;336,15;-36,0;-1;-1;15306;76557;2397;211102;3467;45011;41091;3350;256;0;0,4669006491842321;0;0;0;0,0029960014124453195;0,5301033494033226;0;0
398536;336,657;-36,0;-1;-1;15306;77035;2397;211102;3467;45013;41611;3350;256;0;0,4529684902418918;0;0;0;0,003183216961935552;0,5438482927961725;0;0
399536;336,808;-22,0;-1;-1;15306;77452;2397;211102;3467;45015;42192;3350;256;0;0,08286184666657698;0;0,7747096985941222;0,006943441725738041;5,960844048692578E-4;0,13488892860869364;0;0
401036;336,964;-28,0;-1;-1;15306;77592;2397;212249;3478;45017;42392;3350;256;0;0;0;0,8428770202141311;0,007460472199248184;0;0,14813911999370316;0,0015233875929175707;0
402536;337,204;-24,0;-1;-1;15306;77592;2397;213515;3495;45017;42608;3351;256;0;0;0;0,8506968684052046;0;0;0,14781098845647048;0,001492143138324848;0
403536;337,307;-27,0;-1;-1;15306;77592;2397;214346;3495;45017;42776;3352;256;0;0;0;0,8544046385879205;0;0;0,1455953614120796;0;0
404536;337,408;-27,0;-1;-1;15306;77592;2397;215194;3495;45017;42928;3352;256;0;0;0;0,8546437074731776;0;0;0,1453562925268224;0;0
405536;337,517;-28,0;-1;-1;15306;77592;2397;216033;3495;45017;43089;3352;256;0;0,08019245210255832;0;0,7821596379110035;0;5,809827009436559E-4;0,13706692728549452;0;0
407036;337,752;-29,0;-1;-1;15308;77710;2397;217218;3499;45021;43293;3354;262;0;0,0803158419843146;0;0,7764307384565259;0,00677786628845716;5,841831919543155E-4;0,13589137007874807;0;0
408536;337,917;-29,0;-1;-1;15308;77837;2397;218386;3512;45021;43485;3354;262;0;0,08138973297323346;0;0,7807446265971542;0;0;0,13645529146794652;0,0014103489616658187;0
410036;338,082;-23,0;-1;-1;15308;77966;2397;219540;3512;45021;43700;3356;262;0;0,08280947679183516;0;0,7779463980232408;0;0;0,1378462590256742;0,0013978661592497258;0
411536;338,246;-30,0;-1;-1;15308;78107;2397;220679;3512;45021;43917;3359;262;0;0,08692783894737041;0;0,7779121454790716;0;0;0,13516001557355795;0;0
412536;338,362;-34,0;-1;-1;15308;78193;2397;221457;3512;45021;44053;3359;262;0;0,0866650262398074;0;0,7794778291803826;0;0;0,13385714457981;0;0
413536;338,477;-34,0;-1;-1;15308;78271;2397;222228;3512;45021;44204;3359;262;0;0,08706792304670151;0;0,7788838881647276;0;5,896846434620233E-4;0,13345850414510896;0;0
415036;338,661;-34,0;-1;-1;15308;78393;2397;223405;3512;45022;44404;3359;262;0;0,08719724729125551;0;0,7728743730993423;0,006856148909583343;5,929095336743085E-4;0,13247932116614436;0;0
416536;338,833;-34,0;-1;-1;15308;78511;2397;224566;3525;45022;44612;3359;262;0;0,08843136553813642;0;0,7770438201543342;0;0;0,13309457525143223;0,0014302390560971226;0
418036;339,004;-31,0;-1;-1;15308;78641;2397;225759;3525;45022;44787;3361;262;0;0,08741303384464984;0;0,7758074090486801;0;0;0,13540079708302907;0,0013787600236410454;0
419536;339,159;-32,0;-1;-1;15308;78773;2397;226919;3525;45022;44993;3363;262;0;0,08773753251525405;0;0,7731864236732652;0;0;0,1390760438114807;0;0
420536;339,257;-32,0;-1;-1;15308;78853;2397;227696;3525;45022;45136;3363;262;0;0,08811733815376052;0;0,7730664598199438;0;0;0,13881620202629558;0;0
421536;339,364;-32,0;-1;-1;15314;78943;2403;228468;3532;45024;45278;3365;267;0;0,08843863815472287;0;0,7725521468461883;0;5,93134000153219E-4;0,13841608099893554;0;0
423036;339,521;-27,0;-1;-1;15314;79067;2403;229635;3532;45026;45485;3365;267;0;0,08654547788095375;0;0,774385142760941;0;5,824144601868973E-4;0,1384869648979183;0;0
424536;339,672;-30,0;-1;-1;15314;79199;2403;230791;3532;45026;45697;3365;267;0;0,08868451012216934;0;0,7665232451407147;0,00670484329907655;0;0,13670891748884784;0,001378483949191508;0
426036;339,827;-30,0;-1;-1;15314;79347;2403;231936;3538;45026;45895;3368;267;0;0,08981998420869827;0;0,7714917733116912;0;0;0,13728734553630784;0,001400896943302662;0
427536;339,989;-30,0;-1;-1;15314;79490;2403;233084;3538;45026;46098;3374;267;0;0,09051033535366071;0;0,7724321010610704;0;0;0,1370575635852688;0;0
428536;340,116;-28,0;-1;-1;15314;79579;2403;233846;3538;45026;46247;3374;267;0;0,08815123381837232;0;0,7791582023345843;0;0;0,13269056384704342;0;0
429536;340,273;-32,0;-1;-1;15314;79671;2403;234622;3538;45026;46379;3374;267;0;0,08770741490634072;0;0,7803429250066001;0;5,83723754690751E-4;0,13136593633236848;0;0
431036;340,429;-35,0;-1;-1;15314;79798;2403;235795;3538;45026;46579;3374;267;0;0,08757338665577895;0;0,7777351364871575;0;5,847806048339639E-4;0,1341066962522296;0;0
432536;340,576;-35,0;-1;-1;15314;79921;2403;236959;3538;45027;46791;3374;267;0;0,08802769660781208;0;0,7769821612931263;0;0;0,13359585083153974;0,0013942912675218445;0
434036;340,722;-35,0;-1;-1;15314;80050;2403;238130;3538;45027;46990;3375;267;0;0,08853800626962623;0;0,7768056001472828;0;0;0,13324970662485885;0,0014066869582321424;0
435536;340,869;-29,0;-1;-1;15314;80190;2403;239319;3538;45027;47161;3375;267;0;0,08883358962453498;0;0,773722221233348;0,006502631294988245;0;0,12960180884984274;0,0013397489972859177;0
437036;341,012;-33,0;-1;-1;15316;80335;2407;240500;3554;45031;47325;3379;269;0;0,10126213523734934;0;0,8897752189505485;0,007430738885020437;0;0;0,0015319069270817653;0
438536;341,134;-33,0;-1;-1;15316;80492;2407;241828;3564;45031;47325;3384;269;0;0,10176513077747416;0;0,8885466592999912;0,007489721431182469;6,539035296386112E-4;0;0,0015445849617134553;0
440036;341,257;-34,0;-1;-1;15316;80630;2407;243179;3571;45032;47325;3387;269;0;0,912848861596072;0;0;0,06736822987932765;0,005885161633533483;0;0,01389774689106669;0
441536;341,412;-34,0;-1;-1;15316;82013;2407;243179;3664;45038;47325;3405;269;0;0,917130516818032;0;0;0,06859082635894985;0;0;0,014278656823018088;0
442536;341,507;-21,0;-1;-1;15316;82914;2407;243179;3748;45038;47325;3420;269;0;0,3932996811580179;0;0;0,03600665198167806;0;0,5648055510986661;0,005888115761637869;0
444036;341,725;-24,0;-1;-1;15316;83499;2407;243179;3795;45038;48187;3426;269;0;0,39204767749347463;0;0;0,04063178304514909;0;0,5614014645691983;0,0059190748921779815;0
445536;341,94;-24,0;-1;-1;15316;84071;2407;243179;3856;45038;49050;3430;269;0;0,08996311638148631;0;0,7853274094381043;0;0;0,12470947418040941;0;0
446536;342,035;-27,0;-1;-1;15316;84168;2407;243970;3856;45038;49162;3430;269;0;0,08928731239745927;0;0,7829661470214644;0;5,81316742053056E-4;0,12716522383902334;0;0
448036;342,135;-31,0;-1;-1;15316;84313;2407;245144;3856;45040;49341;3430;269;0;0,09078237527516339;0;0,7757438116472549;0;5,769069988250641E-4;0,13289690607875645;0;0
449536;342,274;-31,0;-1;-1;15316;84462;2407;246300;3856;45040;49536;3430;269;0;0,09130222783532149;0;0,7759428828151005;0;0;0,13275488934957816;0;0
450536;342,369;-31,0;-1;-1;15316;84542;2407;247068;3856;45040;49688;3430;269;0;0,09067243449062866;0;0,767595951449909;0,00929857335805935;0;0,13107422608571617;0,0013588146156867287;0
452036;342,52;-34,0;-1;-1;15319;84688;2414;248204;3866;45045;49902;3434;272;0;0,39182420807597323;0;0;0,03924348105961756;0;0,5631948085272425;0,005737502337166504;0
453536;342,708;-34,0;-1;-1;15319;85252;2414;248204;3940;45045;50752;3446;272;0;0,3977200423016184;0;0;0,040099339347831685;0;0,5563069221567858;0,0058736961937641465;0
455036;342,861;-34,0;-1;-1;15319;85851;2414;248204;3997;45045;51585;3457;272;0;0,40096700549145514;0;0;0,04064910478555453;0,0025471186790933047;0,5498713288089082;0,005965442234988801;0
456536;343,018;-34,0;-1;-1;15319;86425;2414;248204;4067;45052;52430;3461;272;0;0,4229789724886104;0;0;0;0,002707947968236495;0,56797277831466;0,006340301228493155;0
458036;343,226;-34,0;-1;-1;15319;87068;2414;248204;4067;45055;53279;3466;272;0;0,0925048726356198;0;0,7853204024248814;0;0;0,1207734053133016;0,0014013196261973171;0
459536;343,368;-34,0;-1;-1;15319;87218;2414;249365;4067;45055;53465;3469;272;0;0,09310961246050771;0;0,7860835557202912;0;0;0,120806831819201;0;0
460536;343,468;-17,0;-1;-1;15319;87319;2414;250136;4067;45055;53593;3469;272;0;0,09649869121633353;0;0,7817379958804196;0;0;0,12176331290324692;0;0
461536;343,573;-31,0;-1;-1;15319;87432;2414;250890;4067;45055;53726;3469;272;0;0,09248855729048877;0;0,7789252432555456;0,00910293875288384;0;0,11948326070108181;0;0
463036;343,745;-31,0;-1;-1;15319;87594;2414;252058;4083;45055;53880;3469;272;0;0,09304396269727531;0;0,7775664150505908;0,009182743792420447;5,788964071313011E-4;0,11962798205258227;0;0
464536;343,904;-31,0;-1;-1;15319;87728;2414;253246;4098;45055;54043;3469;272;0;0,09434826678957875;0;0,7835506509966351;0;0;0,12072298928134458;0,001378092932441523;0
466036;344,054;-29,0;-1;-1;15319;87862;2414;254442;4098;45055;54211;3471;272;0;0,09286617219845864;0;0,7905281954856294;0;0;0,11527853928491706;0,0013270930309948405;0
467536;344,205;-29,0;-1;-1;15322;88004;2417;255663;4101;45058;54355;3477;276;0;0,09349425185731668;0;0,7909633089049924;0;0;0,11554243923769099;0;0
468536;344,303;-29,0;-1;-1;15322;88090;2417;256457;4101;45058;54475;3477;276;0;0,09297919394438722;0;0,7922876033278988;0;0;0,11473320272771394;0;0
469536;344,421;-29,0;-1;-1;15322;88198;2417;257239;4101;45058;54585;3477;276;0;0,09245291586226423;0;0,7849739473475341;0,00879634158697558;0;0,11377679520322609;0;0
471036;344,583;-30,0;-1;-1;15322;88313;2417;258424;4118;45058;54768;3477;276;0;0,08965206662273165;0;0,7835175915228985;0,010603136872100198;5,410067035050915E-4;0,11568619827876463;0;0
472536;344,742;-20,0;-1;-1;15322;88454;2417;259599;4140;45059;54929;3477;276;0;0,10249768556586797;0;0,8836344696398541;0,011848558283915074;6,054097740332997E-4;0;0,0014138767363296896;0
474036;344,872;-31,0;-1;-1;15322;88620;2417;260914;4157;45059;54929;3479;276;0;0,10531365569321488;0;0,8816809728298824;0,01161792103834516;0;0;0,0013874504385575394;0
475536;345,012;-28,0;-1;-1;15322;88770;2417;262243;4178;45059;54929;3479;276;0;0,10452938854991184;0;0,8816392372837042;0,012482842785549949;0;0;0,0013485313808340846;0
477036;345,159;-31,0;-1;-1;15322;88932;2417;263559;4197;45059;54929;3482;276;0;0,10671160732970052;0;0,8794648817056088;0,012474705819859067;0;0;0,001348805144831616;0
478536;345,296;-33,0;-1;-1;15322;89102;2417;264870;4213;45059;54929;3485;276;0;0,09848965054968893;0;0,7910974275858126;0;0;0,11041292186449846;0;0
479536;345,433;-33,0;-1;-1;15322;89197;2417;265653;4213;45059;55051;3485;276;0;0,09839963598288651;0;0,790637863008941;0;5,264791425561876E-4;0,11043602186561625;0;0
481036;345,733;-26,0;-1;-1;15322;89364;2417;266796;4213;45059;55241;3485;276;0;0,09748996558277456;0;0,7896413381680357;0;5,136267956314967E-4;0,11235506945355836;0;0
482536;345,91;-29,0;-1;-1;15326;89514;2420;267977;4213;45065;55417;3491;278;0;0,09951844106745443;0;0,7891372511372067;0;0;0,11134430779533894;0;0
483536;346,023;-32,0;-1;-1;15326;89626;2420;268763;4213;45065;55519;3491;278;0;0,09768691659737384;0;0,7813204533026674;0,01086834348460782;0;0,10894408488531923;0,0011802017300317853;0
485036;346,193;-36,0;-1;-1;15326;89761;2420;269932;4233;45065;55695;3491;278;0;0,09794429159085706;0;0,781498760528152;0,012040536620801805;0;0,1085164112601891;0;0
486536;346,347;-36,0;-1;-1;15326;89915;2420;271067;4259;45065;55880;3491;278;0;0,09961939142291465;0;0,7906741914642186;0;0;0,10970641711286679;0;0
487536;346,458;-36,0;-1;-1;15326;90024;2420;271850;4259;45065;55988;3491;278;0;0,09991896813788252;0;0,7899032526800959;0;5,233272246687405E-4;0,10965445195735285;0;0
489036;346,656;-26,0;-1;-1;15326;90187;2420;273033;4259;45067;56140;3491;278;0;0,1003246927327487;0;0,7920395444794223;0;5,160997043441814E-4;0,1071196630834849;0;0
490536;346,817;-26,0;-1;-1;15326;90345;2420;274220;4259;45067;56295;3491;278;0;0,10089191798833957;0;0,7918926618103092;0;0;0,10721542020135115;0;0
491536;346,93;-32,0;-1;-1;15326;90435;2420;275027;4259;45067;56398;3491;278;0;0,09833878644625116;0;0,7843642089665223;0,011984585312199425;0;0,10412687063543616;0,0011855486395910579;0
493036;347,084;-33,0;-1;-1;15326;90572;2420;276201;4275;45067;56569;3493;278;0;0,109942552412968;0;0,8753004031367435;0,013427577468450514;0;0;0,001329466981837933;0
494536;347,211;-33,0;-1;-1;15326;90751;2420;277508;4286;45067;56569;3496;278;0;0,11047715744755135;0;0,8746497119145776;0,013532497192423946;0;0;0,001340633445447249;0
496036;347,339;-26,0;-1;-1;15326;90920;2420;278822;4302;45067;56569;3497;278;0;0,10780775504408471;0;0,8770703439659644;0,013244335798277164;5,644104657374174E-4;0;0,0013131547259361996;0
497536;347,476;-30,0;-1;-1;15328;91073;2423;280150;4330;45069;56570;3508;280;0;0;0;0,9816154998911127;0,01628097764455152;6,326315183267433E-4;0;0,0014708909460089863;0
499036;347,603;-28,0;-1;-1;15328;91073;2423;281620;4356;45071;56570;3510;280;0;0;0;0,8746788281811156;0,014003173408574508;0;0,11005114548826302;0,0012668529220468744;0
500536;347,791;-34,0;-1;-1;15328;91073;2423;282930;4381;45071;56734;3511;280;0;0;0;0,8766596873348899;0,013865771355638405;0;0,10821851678256555;0,0012560245269060506;0
502036;347,94;-34,0;-1;-1;15328;91073;2423;284252;4402;45071;56890;3512;280;0;0;0;0,8763664835917974;0,01398056958853216;0;0,10838529879093246;0,0012676480287379895;0
503536;348,215;-28,0;-1;-1;15328;91073;2423;285567;4429;45071;57045;3515;280;0;0,09386138038061709;0;0,8084498456858958;0;0;0,09768877393348709;0;0
504536;348,32;-33,0;-1;-1;15328;91161;2423;286362;4429;45071;57162;3515;280;0;0,09511699302300959;0;0,8052803684304604;0;4,931341834014539E-4;0,09910950436312861;0;0
506036;348,465;-33,0;-1;-1;15328;91302;2423;287585;4429;45072;57297;3515;280;0;0,09557614478245746;0;0,8046898874619509;0;4,971875189299246E-4;0,09923678023666174;0;0
507536;348,628;-36,0;-1;-1;15328;91429;2423;288824;4429;45072;57431;3515;280;0;0,09533519923583332;0;0,8060615006340563;0;0;0,09860330013011052;0;0
508536;348,747;-36,0;-1;-1;15328;91513;2423;289650;4429;45072;57521;3515;280;0;0,09445983246993993;0;0,7943570774994166;0,012606988794415708;0;0,09742929756785856;0,0011468036683691823;0
510036;349,104;-36,0;-1;-1;15328;91674;2423;290846;4449;45072;57644;3515;280;0;0,09741400619738919;0;0,802426199604116;0;0;0,10015979419849486;0;0
511036;349,228;-30,0;-1;-1;15328;91785;2423;291638;4449;45072;57741;3515;280;0;0,0973373377516325;0;0,8046974323657277;0;0;0,09796522988263984;0;0
512036;350,053;-30,0;-1;-1;15330;91881;2426;292449;4449;45074;57837;3519;283;0;0,1019312782545968;0;0,7952511240472077;0;5,177250281131168E-4;0,10229987267008249;0;0
513536;350,229;-28,0;-1;-1;15330;92015;2426;293670;4449;45074;57982;3519;283;0;0,09858893806350118;0;0,8024096810116664;0;5,028344862433357E-4;0,09849854643858916;0;0
515036;350,404;-26,0;-1;-1;15330;92165;2426;294872;4449;45079;58125;3519;283;0;0,09607418073805572;0;0,8033439938954052;0;0;0,10058182536653897;0;0
516036;350,514;-33,0;-1;-1;15330;92266;2426;295671;4449;45079;58225;3519;283;0;0,10285099356023959;0;0,7853529533158797;0,012255841806335776;0;0,09841886058293967;0,0011213507346053578;0
517536;350,677;-33,0;-1;-1;15330;92426;2426;296843;4467;45079;58374;3520;283;0;0,1046041999573281;0;0,7945771123872503;0;0;0,09967391654078452;0,001144771114636944;0
519036;350,864;-32,0;-1;-1;15330;92594;2426;298010;4467;45079;58539;3520;283;0;0,10342185823875331;0;0,7957117975150547;0;0;0,10086634424619213;0;0
520036;350,994;-34,0;-1;-1;15330;92692;2426;298820;4467;45079;58631;3520;283;0;0,10549584060859496;0;0,7935657302126412;0;4,81558560369353E-4;0,1004568706183944;0;0
521536;351,169;-34,0;-1;-1;15330;92864;2426;300002;4467;45080;58776;3520;283;0;0,10600118507622186;0;0,7929696452541511;0;4,8603834071632776E-4;0,10054313132891081;0;0
523036;357,811;-25,0;-1;-1;15330;93057;2426;301137;4467;45080;58948;3520;283;0;0,14820748782116314;0;0,714425757905749;0;0;0,1373667542730878;0;0
524036;357,917;-25,0;-1;-1;15330;93197;2426;301864;4467;45080;59081;3520;283;0;0,14807968297963103;0;0,7133538810170904;0;0;0,1369544732008163;0,0016119628024623873;0
525536;369,67;-25,0;-1;-1;15330;93502;2426;302803;4467;45080;59336;3521;283;0;0,21463195096944418;0;0,5589637307924437;0,02593141719348842;0;0,19795952732115918;0,0025133737234646243;0
527036;371,816;-38,0;-1;-1;15333;93805;2431;303666;4510;45081;59642;3523;287;0;0,16899437566316752;0;0,6146365459020965;0;0;0,21636907843473593;0;0
528036;371,996;-38,0;-1;-1;15333;93968;2431;304274;4510;45081;59871;3523;287;0;0,16782007077182737;0;0,6156119709076255;0;0,0012487182904244712;0,21531924003012265;0;0
529536;372,221;-38,0;-1;-1;15333;94241;2431;305190;4510;45082;60181;3523;287;0;0,1669300824892454;0;0,6176108059567698;0;0,0012591265126723698;0,21419998504131244;0;0
531036;372,407;-38,0;-1;-1;15333;94472;2431;306130;4510;45084;60508;3523;287;0;0,16714778133521388;0;0,619876901743345;0;0;0,21297531692144123;0;0
532036;372,544;-38,0;-1;-1;15333;94639;2431;306746;4510;45084;60725;3523;287;0;0,16663827765834915;0;0,6191126728237177;0;0;0,21136931114245758;0,0028797383754756586;0
533536;372,71;-38,0;-1;-1;15333;94895;2431;307692;4510;45084;61016;3530;287;0;0,1667427616006513;0;0,6202318034050299;0;0;0,2101284130935793;0,002897021900739478;0
535036;372,92;-38,0;-1;-1;15333;95136;2431;308661;4510;45084;61302;3534;287;0;0,16686939303881101;0;0,6234394775905141;0;0;0,20969112937067488;0;0
536036;373,113;-38,0;-1;-1;15333;95283;2431;309298;4510;45084;61518;3534;287;0;0,16225895079171146;