Iteration;Time;BestFitness;LastCalledHeur;IsRelay;NumOfMoves-LLH0;NumOfMoves-LLH1;NumOfMoves-LLH2;NumOfMoves-LLH3;NumOfMoves-LLH4;NumOfMoves-LLH5;NumOfMoves-LLH6;NumOfMoves-LLH7;NumOfMoves-LLH8;LAProb-LLH0;LAProb-LLH1;LAProb-LLH2;LAProb-LLH3;LAProb-LLH4;LAProb-LLH5;LAProb-LLH6;LAProb-LLH7;LAProb-LLH8;
2000;0,883;-36,0;-1;-1;193;354;442;119;653;117;41;61;149;0;0,6240194778741944;0,11627195458112043;0,06147752902961528;0,17639660194752632;0;0;0;0,021834436567543483
3500;1,016;-38,0;-1;-1;193;1143;666;242;974;117;41;61;192;0;0,664180497971871;0;0,08021313528424681;0,2226817104393386;0;0;0;0,03292465630454361
5000;1,158;-38,0;-1;-1;201;2019;675;397;1392;128;50;72;276;0;0,4982863215596781;0;0,0876554864787136;0,34761355225196827;0;0;0;0,06644463970964007
6500;1,39;-39,0;-1;-1;201;2275;675;1303;1676;128;50;72;330;0;0,00499231495710703;0;0,9646190468237356;0,02912372840437421;0;0;0;0,0012649098147830265
8000;1,49;-33,0;-1;-1;201;2288;675;2715;1749;128;50;72;332;0,011600490295822417;0,00681888538376485;0;0,9360850006882627;0,03794195963087466;0,0052655980378231255;6,866573733281658E-5;4,7840620780253295E-4;0,0017409940183168576
10000;1,777;-32,0;-1;-1;255;2330;678;4360;1980;166;52;81;341;0;0;0,015304425424924304;0,9738168047938451;0;0,007268714052236305;1,1090981530099228E-4;7,068884559534886E-4;0,0027922574577397734
11500;1,857;-38,0;-1;-1;255;2330;698;5827;1980;175;52;83;343;0;0;0,015590216835844885;0,9742711371039545;0;0,007252372094902285;0;0;0,002886273965298267
13000;2,07;-40,0;-1;-1;255;2330;734;7203;1980;253;52;83;353;0;0;0,0406625981319504;0,8334530941591932;0;0,11825134440572546;0;0;0,007632963303130894
14500;2,248;-41,0;-1;-1;255;2330;806;8333;1980;532;52;83;372;0;0;0,0401790009951706;0,7681808927619301;0;0,17792223597558215;0;0;0,01371787026731726
16000;2,439;-42,0;-1;-1;257;2334;889;9440;1984;827;59;86;397;0;0,06160310086024302;0,03751676427029839;0,47862013178844853;0,30308230938409536;0,1112896683686174;0;0;0,007888025328297315
17500;2,572;-43,0;-1;-1;257;2470;950;10155;2400;983;59;86;413;0,15126681858416538;0,19215030025947435;0,06735298986465194;0;0,3947875044732125;0,17154591663761606;0,001153756420739805;0,007257854661964785;0,014484859098175247
19500;2,691;-43,0;-1;-1;512;2885;1097;10155;3206;1305;63;105;445;0,29393093862781594;0;0;0;0;0,580400714177238;0,006784939805432068;0,03595334088784542;0,0829300665016685
21000;2,781;-43,0;-1;-1;826;2885;1097;10155;3206;2218;80;166;640;0,4364821280362815;0;0;0;0;0;0,03788487132500699;0,1405317436820517;0,38510125695665975
22500;2,947;-27,0;-1;-1;1404;2885;1097;10155;3206;2218;149;344;1315;0,8603500313557905;0;0;0;0;0;0;0,001057470783975847;0,1385924978602337
23500;3,074;-27,0;-1;-1;2012;2887;1097;10157;3207;2221;150;357;1703;0,0853753304626711;0;0;0,813249890804997;0;0;0;0;0,10137477873233182
24500;3,12;-27,0;-1;-1;2090;2887;1097;10962;3207;2221;150;357;1820;0,05727223857460312;0,11061211534448082;0,04717568981821697;0,5158692607294553;0,20251804128756523;0;0;0;0,06655265424567869
26000;3,249;-28,0;-1;-1;2174;3047;1158;11672;3609;2221;150;357;1903;0,09942984232082311;0,1872778219499061;0,08536631626178515;0;0,44954149629143897;0,06133566764682149;0;0;0,11704885552922513
27500;3,39;-28,0;-1;-1;2311;3345;1303;11672;4281;2321;150;357;2051;0,10363240189184997;0,20673694940021206;0;0;0,48573139506006724;0,0863647005648027;0,001722798899261312;0;0,11581175418380661
29000;3,495;-32,0;-1;-1;2453;3636;1303;11672;5035;2452;152;357;2231;0,12093960449494753;0;0;0;0,6361899701921304;0,10397048318868207;0,002311658200030963;0,0019933150660535973;0,13459496885815547
30500;3,59;-32,0;-1;-1;2654;3636;1303;11672;5938;2625;156;362;2445;0,16218753906221667;0;0;0;0,690186163496037;0,14443785864675027;0;0,003188438794996129;0
32000;3,723;-32,0;-1;-1;2935;3641;1304;11676;6940;2850;158;371;2448;0,041531967240783715;0;0;0,767218517348338;0,1526981440301099;0,038551371380768494;0;0;0
33500;3,806;-34,0;-1;-1;3003;3641;1304;12760;7160;2978;158;371;2448;0,040086542510839776;0;0,0883371473827021;0,6398993612701148;0,14493223561886454;0,08674471321747892;0;0;0
35000;3,883;-34,0;-1;-1;3049;3641;1430;13726;7384;3116;158;371;2448;0,08431712079551236;0,27240335873103555;0,1766363834479702;0;0,29495363821216247;0,1716894988133195;0;0;0
36500;3,962;-34,0;-1;-1;3181;4025;1684;13726;7856;3374;158;371;2448;0;0,24180126733001348;0,1642811226512561;0;0,28232523643769636;0,15908958527489153;0,0030116319410109795;0;0,14949115636513172
38000;4,045;-43,0;-1;-1;3181;4223;1831;13726;8125;4111;162;371;2593;0;0,058233975928002814;0,040031259764101025;0;0;0,86445620150205;7,941975148552712E-4;2,4092031426578266E-4;0,03624344497672502
39500;4,187;-43,0;-1;-1;3181;4329;1924;13726;8125;5323;164;372;2679;0;0,08888692536259984;0,08123541785718887;0;0;0,8293542497278225;0;5,234070523887765E-4;0
41000;4,269;-43,0;-1;-1;3181;4476;2071;13726;8125;6528;164;373;2679;0;0,058927981671304294;0,052565815884213336;0,5567657350976716;0;0,3317404673468109;0;0;0
42500;4,353;-44,0;-1;-1;3185;4574;2169;14565;8129;7004;165;374;2684;0,03693393690326381;0,058957721741819215;0,1069471441008703;0,5133694451175863;0;0,28379175213646035;0;0;0
44000;4,436;-44,0;-1;-1;3247;4647;2329;15335;8129;7439;165;374;2684;0;0,05913244220279861;0,10036389289461571;0,4755560950823887;0,11838765702689755;0,2465599127932995;0;0;0
45500;4,527;-45,0;-1;-1;3247;4733;2483;16029;8322;7812;165;374;2684;0;0,09349151633346298;0,15091943881153885;0;0,1839845268166227;0,47495554947225926;0,0021956064523192703;0;0,09445336211379703
47000;4,611;-45,0;-1;-1;3247;4880;2712;16029;8614;8507;169;374;2817;0;0,11520653125253451;0,17381592898405343;0;0,22233562746355526;0,4849082311616187;0,0028472654098322223;8,864157284058508E-4;0
48500;4,697;-45,0;-1;-1;3247;5071;2987;16029;8950;9203;170;375;2817;0;0,16695286713234997;0,23480203891806015;0;0;0,5968465610672179;0;0,0013985328823720303;0
50000;4,775;-45,0;-1;-1;3247;5323;3347;16029;8950;10090;170;376;2817;0;0,18855356268930093;0,24370889463755188;0;0;0,5677375426731472;0;0;0
51000;4,825;-45,0;-1;-1;3247;5515;3591;16029;8950;10654;170;376;2817;0,05517654661896799;0,05994248241087586;0,07412880206067539;0,6457227908029879;0;0,16502937810649296;0;0;0
52500;4,902;-45,0;-1;-1;3334;5607;3708;16978;8950;10909;170;376;2817;0;0,0679596617823405;0,08233746375386397;0,668877671099083;0;0,18082520336471264;0;0;0
54000;4,982;-28,0;-1;-1;3337;5702;3831;17971;8953;11208;173;379;2822;0;0,04852905061524501;0,057513368861228806;0,536908244155391;0,12129799061755674;0,16558447415777244;0,0016880218404459332;0;0,06847884975236017
56000;5,1;-35,0;-1;-1;3339;5791;3944;19048;9304;11490;178;384;2939;0;0,05005052398840693;0,058372929404469684;0,6732080866905552;0,20789867758710803;0;0,001688578680860316;0,008781203648599792;0
57500;5,265;-35,0;-1;-1;3339;5863;4029;20049;9629;11490;181;398;2939;0;0,05350261688667581;0;0,6937119788695884;0,24461404055956606;0;0;0,0081713636841698;0
59000;5,357;-31,0;-1;-1;3342;5905;4030;20832;10309;11498;183;409;2940;0;0,04903878281172102;0;0,5330921269598373;0,4178690902284418;0;0;0;0
60000;5,415;-32,0;-1;-1;3342;5963;4030;21392;10691;11498;183;409;2940;0;0,04964877766596095;0;0,5600314930916146;0,39031972924242453;0;0;0;0
61000;5,5;-32,0;-1;-1;3342;6013;4030;21971;11062;11498;183;409;2940;0,07811441709987617;0,042816789940881304;0;0,4612916220496877;0,3095787291647349;0,10819844174481984;0;0;0
62500;5,589;-28,0;-1;-1;3468;6079;4030;22630;11550;11682;184;411;2940;0,0939280318050131;0,054978514645630416;0,049169893149557;0;0,4317005188857381;0,3687779286387887;0,0014451128752728146;0;0
64000;5,677;-26,0;-1;-1;3605;6167;4106;22630;12179;12250;186;411;2940;0;0,033158662642228456;0,029486149066139524;0;0,38139180318387883;0,5142930416760297;8,989968957189943E-4;0,0033437389826211686;0,03742760755338329
66000;5,811;-39,0;-1;-1;3605;6211;4144;22630;12752;13536;187;415;2994;0;0;0,015422041219270047;0;0,2775140212003323;0,7052864428303269;0;0,0017774947500707543;0
67500;5,9;-45,0;-1;-1;3605;6211;4168;22630;13166;14595;187;418;2994;0;0;0,01571231361368644;0;0,2949994546339902;0,6892882317523233;0;0;0
68500;5,959;-34,0;-1;-1;3606;6212;4179;22630;13470;15288;189;419;2995;0;0;0,01705067954826287;0,1158255295141129;0,26885479824428626;0,598268992693338;0;0;0
70000;6,038;-38,0;-1;-1;3606;6212;4219;22792;13873;16183;189;419;2995;0,009520563916241597;0;0,01592349799694495;0,06917355690955312;0,21814153096093117;0,6872408502163293;0;0;0
71500;6,116;-34,0;-1;-1;3617;6212;4240;22890;14200;17226;189;419;2995;0,006598439284109809;0,004162000816304072;0,011014072929436429;0;0,21441465616964084;0,7636975234170741;1,1330738343480266E-4;0;0
73000;6,196;-31,0;-1;-1;3623;6217;4254;22890;14522;18379;189;419;2995;0,003874606544765639;0,002449562784805507;0,0064519423330848934;0;0,13050556114470796;0,8564704198710701;0;2,4790732156584417E-4;0
74500;6,274;-38,0;-1;-1;3629;6223;4262;22890;14717;19664;189;419;2995;0,003910375589868867;0,002476632645309284;0,006513863391544477;0;0,12736501885893187;0,8597341095143456;0;0;0
76000;6,357;-37,0;-1;-1;3633;6227;4271;22892;14899;20991;191;420;2996;0,002860984510571516;0,0018142198744584982;0,004758791057213398;0;0;0,9885312867896419;0;0;0,002034717768114801
77500;6,44;-31,0;-1;-1;3641;6231;4280;22892;14899;22468;191;420;2998;0,0879193169519615;0,05595760961882608;0,14638772512918868;0,6469586353852065;0;0;0;0;0,06277671291481729
79000;6,517;-28,0;-1;-1;3761;6304;4462;23935;14899;22468;191;420;3080;0,11836829811807761;0,03851093828181996;0;0,8010297783801562;0;0;0;0;0,0420909852199461
80500;6,592;-25,0;-1;-1;3933;6368;4462;25138;14899;22468;191;420;3141;0,08890666347714014;0,050399616314438324;0;0,8257696129885862;0;0;9,065144552974387E-4;0;0,03401759276453785
82000;6,666;-17,0;-1;-1;4038;6424;4462;26433;14899;22468;193;420;3183;0;0,01248921675918719;0;0,5501457915514748;0,4190109302293753;0;2,2762384994466138E-4;8,407590857431304E-4;0,017285678524275032
83500;6,745;-36,0;-1;-1;4038;6443;4462;27197;15591;22468;193;420;3208;0;0,002015770975888491;0;0,10980171868380352;0,15078970473233577;0,7346244210801116;0;0;0,0027683845278605335
85000;6,831;-33,0;-1;-1;4041;6447;4464;27364;15852;23544;198;423;3215;0;0,0017794468157520528;0,002924673321500143;0,10428385664130807;0,15804823162744377;0,7329637915939959;0;0;0
86500;6,908;-38,0;-1;-1;4041;6448;4469;27534;16079;24641;198;423;3215;0;0,009979572748550025;0,010780356729218283;0,37881159964852223;0,6004284708737094;0;0;0;0
88000;6,996;-39,0;-1;-1;4041;6475;4484;28114;16957;24641;198;423;3215;0,01237233446745382;0,010943565767030048;0,01186326285778874;0,41497829980261863;0,5498425371051088;0;0;0;0
89500;7,069;-40,0;-1;-1;4059;6493;4497;28747;17775;24641;198;423;3215;0,02221687170142999;0,01973732150150062;0,02141940933174929;0;0,9363873702526341;0;2,390272126859694E-4;0;0
91000;7,141;-31,0;-1;-1;4089;6521;4535;28747;19179;24641;198;423;3215;0,021150645857603234;0,01893590132673517;0,049483698992822234;0;0,8928550047230798;0;0;0;0,017574749099759573
92500;7,214;-31,0;-1;-1;4123;6561;4596;28747;20507;24641;198;423;3252;0,003764829633489776;0,0033907092170249683;0,00876347046338206;0;0,1331973732522725;0,8507296737783457;0;1,5394365548511259E-4;0
94000;7,287;-36,0;-1;-1;4125;6566;4613;28747;20701;25923;198;423;3252;0,0038353445703238416;0,003451698566756875;0,008870531432837116;0;0,1320726378420728;0,8517697875880095;0;0;0
95500;7,361;-37,0;-1;-1;4135;6574;4627;28749;20928;27180;199;423;3257;0,014024042920552239;0,012668299269786524;0,032443782531909784;0,4705173499079481;0,4703465253698033;0;0;0;0
97000;7,434;-38,0;-1;-1;4153;6611;4672;29456;21621;27180;199;423;3257;0,02742555666823704;0,0360776827297698;0,06291880678482945;0,8735779538171636;0;0;0;0;0
98500;7,501;-38,0;-1;-1;4189;6659;4779;30765;21621;27180;199;423;3257;0,029670809845207494;0,03921694093477128;0,0665902698907755;0,8641780765995202;0;0;3,4390272972554403E-4;0;0
100000;7,583;-30,0;-1;-1;4237;6712;4879;32063;21621;27180;200;423;3257;0,0414916176677837;0,05828291200475234;0,0728033028954797;0,8074090614668674;0;0;0;0;0,020013105965116646
101500;7,671;-32,0;-1;-1;4293;6822;4983;33256;21621;27180;200;423;3294;0,008122428554851145;0,015228066566139507;0,014124592505060665;0;0;0,9585702833311741;0;0;0,00395462904277459
103000;7,813;-39,0;-1;-1;4305;6856;5002;33256;21621;28607;200;423;3302;0,0065671636150821154;0;0,013824325507236394;0;0,14545099312354212;0,8302728661897386;0;0;0,003884651564400799
104500;7,95;-42,0;-1;-1;4312;6856;5024;33256;21835;29856;200;423;3310;0,009589061469104624;0;0,020078697592483066;0;0;0,9643746537942387;0;2,904177306865424E-4;0,0056671694134870785
106000;8,096;-42,0;-1;-1;4330;6856;5062;33256;21835;31288;200;423;3322;0,010825051828945942;0;0,02698863934710466;0;0;0,9541060583109804;0;3,967032542442401E-4;0,0076835472587248104
107500;8,239;-32,0;-1;-1;4350;6860;5111;33258;21855;32710;201;425;3334;0,00777501250717134;0;0;0,2212215211507924;0;0,7654672291971587;0;0;0,005536237144877431
109000;8,36;-35,0;-1;-1;4361;6860;5111;33539;21855;33912;201;425;3340;0,005298354753219645;0,012808239494843119;0;0,15167500385498175;0;0,826383133346958;5,3212950346663836E-5;0;0,003782055599650829
110500;8,512;-39,0;-1;-1;4365;6881;5111;33783;21855;35140;201;425;3343;0,004956899831268619;0,011917546844171612;0;0,13935715215345348;0;0,8402286175005912;0;0;0,003539783670515111
112000;8,651;-32,0;-1;-1;4370;6901;5111;33984;21855;36412;201;425;3345;0,005328156896597045;0,016755834151003568;0;0;0,13515034805101564;0,8389553466540947;0;0;0,0038103142472889796
113500;8,789;-41,0;-1;-1;4378;6929;5111;33984;22052;37674;201;425;3350;0,0063665622627978825;0,019917134897349177;0,01595750185200858;0;0;0,9529597282464579;0;2,3878038764303883E-4;0,004560292353743468
115000;8,927;-42,0;-1;-1;4387;6962;5136;33984;22052;39103;201;425;3354;0,007317845122786763;0,02274169408840134;0,018227824897238357;0;0;0,9464578745442426;0;0;0,005254761347331109
116500;9,005;-35,0;-1;-1;4395;6992;5160;33984;22052;40537;201;425;3358;0,006361037052574147;0;0,015753492598267863;0;0;0,9733085858098195;0;0;0,004576884539338442
118000;9,119;-38,0;-1;-1;4404;6992;5184;33984;22052;41994;201;425;3368;0,005675769169288635;0;0,01398512723629484;0,15998643345620822;0;0,8162733246822512;0;0;0,004079345455957112
119500;9,281;-38,0;-1;-1;4417;6992;5200;34237;22052;43208;201;425;3372;0,006410889479128382;0;0;0,1725928671476518;0;0,8163649244873515;0;0;0,004631318885868281
121000;9,467;-37,0;-1;-1;4425;6995;5203;34502;22070;44436;203;426;3377;0,005943913373414361;0;0;0,15603160050949322;0;0,8336628548707932;6,157432464903617E-5;0;0,004300056921650216
122500;9,674;-34,0;-1;-1;4439;6995;5203;34717;22070;45701;203;426;3383;0,005130401506354083;0,01620231075550763;0;0,12813189065709615;0,12503813978191225;0,7215729302153403;0;1,9910890957718633E-4;0,0037252181742124736
124500;9,883;-34,0;-1;-1;4444;7030;5203;34985;22312;47145;203;426;3389;0,005926759665998673;0,01696155135182841;0;0;0,14017888724668084;0,8326338165232088;0;0;0,004298985212283278
126000;10,037;-41,0;-1;-1;4450;7058;5203;34985;22524;48391;203;426;3397;0,007122733736369592;0,020256661573819442;0,017838635704404044;0;0;0,9496223838185096;0;0;0,005159585166897239
127500;10,227;-35,0;-1;-1;4457;7089;5233;34985;22524;49817;203;426;3403;0,007047012070748364;0;0,01748847364576256;0;0;0,970360121557905;0;0;0,005104392725584042
129000;10,382;-36,0;-1;-1;4465;7089;5263;34985;22524;51272;203;426;3410;0,007998079634135723;0;0,01968268269214688;0;0;0,9665256333466263;0;0;0,005793604327091189
130500;10,532;-33,0;-1;-1;4481;7089;5292;34985;22524;52720;203;426;3417;0,0056984784210196105;0;0,0139798307042022;0,13774104841236778;0;0,8384321094625861;0;0;0,004148532999824416
132000;10,677;-29,0;-1;-1;4492;7089;5325;35199;22524;53956;203;426;3423;0,005506166643764967;0;0,013411989933035162;0;0,12380643954351374;0,8532566963701627;0;0;0,004018707509523409
133500;10,831;-37,0;-1;-1;4500;7089;5345;35199;22701;55246;203;426;3428;0,006527862741213762;0,02070088800583179;0,01584189240657496;0;0;0,9518928915205039;0;2,634720080195635E-4;0,004772993317856068
135000;10,915;-35,0;-1;-1;4512;7117;5384;35199;22701;56660;203;426;3435;0,005769609945642638;0,01825677424530695;0,018262662024687817;0;0;0,953479066363547;0;0;0,004231887420815623
136500;11,004;-41,0;-1;-1;4518;7147;5404;35202;22712;58102;204;429;3444;0,005066705947737602;0;0,01596335347173858;0;0;0,9752634900277359;0;0;0,003706450552787799
138000;11,079;-35,0;-1;-1;4527;7147;5422;35202;22712;59574;204;429;3445;0,004634581474479779;0;0,014571138548248066;0;0;0,9773902396129796;0;0;0,0034040403642925385
139500;11,16;-39,0;-1;-1;4531;7147;5452;35202;22712;61037;204;429;3448;0,004218750344886823;0;0,013131867421870922;0,10296359542310114;0;0,876585893539026;0;0;0,003099893271115121
141000;11,236;-29,0;-1;-1;4536;7147;5470;35359;22712;62351;204;429;3454;0,0043497788230453865;0;0,013465623774129585;0;0,09320856594487684;0,8857819744793601;0;0;0,003194056978588037
142500;11,312;-37,0;-1;-1;4542;7147;5494;35359;22856;63674;204;429;3457;0,004810532771105913;0,01531789483275508;0,014794197252911196;0;0;0,9615391188031098;0;0;0,003538256340117957
144000;11,387;-40,0;-1;-1;4546;7165;5519;35359;22856;65123;204;429;3461;0,004344766899391406;0,013775876942964975;0;0;0;0,9786847141898147;0;0;0,003194641967828975
145500;11,461;-36,0;-1;-1;4553;7193;5519;35359;22856;66582;204;429;3467;0,003970907011765516;0,012525798445410631;0;0;0;0,9804169773687336;0;1,6434084047616814E-4;0,002921976333614092
147000;11,534;-37,0;-1;-1;4562;7211;5519;35359;22856;68047;204;429;3475;0,004146970325001188;0,013062287650790746;0;0;0;0,979739797386166;0;0;0,0030509446380419408
148500;11,608;-39,0;-1;-1;4571;7226;5519;35359;22856;69520;204;429;3478;0,003929802361474682;0,012372312963947312;0;0;0;0,9807975689823554;0;0;0,0029003156922225138
150000;11,681;-32,0;-1;-1;4578;7249;5519;35359;22856;70987;204;429;3481;0,0032872203762602634;0,010309333491398757;0,010195631022858035;0,08111832502972653;0;0,892658844814143;0;0;0,0024306452656135367
151500;11,759;-37,0;-1;-1;4579;7276;5530;35487;22856;72315;204;429;3486;0,0033552473850879698;0,010431429092039148;0,010367695648424038;0;0,07208824448420234;0,9012824181166964;0;0;0,0024749652735500368
153000;11,838;-33,0;-1;-1;4586;7297;5549;35487;23005;73642;206;429;3489;0,003567940428337953;0,011059184442143443;0,010987944747656627;0;0;0,9717473145748531;0;0;0,0026376158070087704
154500;11,915;-37,0;-1;-1;4591;7311;5559;35487;23005;75110;206;429;3492;0,12642484909337304;0,3911514089965524;0,38886248372511734;0;0;0;0;0;0,09356125818495721
156000;11,988;0,0;-1;-1;4788;7872;6153;35487;23005;75110;206;429;3640;0,13546945331630034;0,39221158766084796;0,3705904129718248;0;0;0;0;0;0,10172854605102684
157500;12,066;-30,0;-1;-1;4899;8793;6539;35487;23005;75110;206;429;3722;0,07603347992340471;0,6036926603240338;0,2630917957404987;0;0;0;0;0;0,057182064012062925
159000;12,139;-32,0;-1;-1;5015;9704;6910;35487;23005;75110;206;429;3824;0,07722007822022471;0,6204335456309018;0,24477784153762042;0;0;0;0;0;0,057568534611253205
160500;12,207;-36,0;-1;-1;5110;10589;7364;35487;23005;75110;206;429;3890;0,0028302374454374723;0,02297919163812197;0,01419621856179713;0;0;0,9578758659606283;0;0;0,0021184863940149736
162000;12,28;-44,0;-1;-1;5113;10625;7389;35487;23005;76545;206;429;3891;0,002638868914163871;0;0,013143163827615535;0,08279920061085458;0;0,8994418224767193;0;0;0,0019769441706467025
163500;12,355;-44,0;-1;-1;5116;10625;7405;35614;23005;77895;206;429;3895;0,002591328370346284;0;0;0,08061776747575877;0,07481146164077718;0,8400392209199486;0;0;0,0019402215931690933
165000;12,428;-33,0;-1;-1;5121;10625;7405;35729;23128;79147;206;429;3900;0,0027157184177147016;0;0;0;0,08240710012562083;0,9128432013504572;0;0;0,0020339801062074637
166500;12,498;-35,0;-1;-1;5125;10625;7405;35729;23230;80535;206;429;3906;0,002788775532770543;0;0;0;0,08366960571909177;0,9114561222568021;0;0;0,002085496491335734
168000;12,568;-36,0;-1;-1;5130;10625;7405;35729;23346;81909;206;429;3911;0,0028193023455766;0,02289468825267051;0;0;0,08355897038578163;0,8886202173273493;0;0;0,002106821688621907
169500;12,644;-37,0;-1;-1;5135;10664;7407;35730;23510;83219;208;429;3914;0,002747440902878268;0;0,01374534446528082;0;0,08510995857897714;0,896342388337558;0;0;0,0020548677153057002
171000;12,719;-40,0;-1;-1;5141;10664;7426;35730;23649;84550;208;429;3919;0,0027828751066251104;0;0,013876361373762105;0,08679710908757862;0;0,8944619877344865;0;0;0,002081666697547625
172500;12,792;-43,0;-1;-1;5145;10664;7440;35851;23649;85911;208;429;3919;0,0025539691998425545;0;0,01270226988255685;0,08212097826672576;0;0,9026227826508749;0;0;0
174000;12,861;-44,0;-1;-1;5153;10664;7460;35975;23649;87259;208;429;3919;0,002631355374411289;0;0,013053775426522031;0,08414307698326443;0;0,9001717922158023;0;0;0
175500;12,93;0,0;-1;-1;5154;10664;7484;36104;23649;88605;208;429;3919;0,002741267966971274;0;0,0134939027558715;0,08686387359114262;0;0,8969009556860146;0;0;0
177000;13,0;-29,0;-1;-1;5158;10664;7501;36225;23649;89963;208;429;3919;0,002188187323404421;0,017817787441136584;0,010731818191461275;0,07420653571137081;0,06725512671394143;0,8278005446186856;0;0;0
178500;13,077;-39,0;-1;-1;5160;10699;7517;36338;23745;91201;208;429;3919;0,0022873158754690873;0,018477578704169148;0,011168391622646035;0;0,06950183665880831;0,8968382458982748;0;0;0,0017266312406327478
180000;13,153;-41,0;-1;-1;5164;10738;7539;36338;23857;92521;208;429;3922;0,02239241950690747;0,17957162790605397;0,10877617693775801;0;0,6723498526379392;0;0;0;0,016909923011341265
181500;13,226;-26,0;-1;-1;5186;10998;7717;36338;24866;92521;208;429;3953;0,019369197109465358;0;0,18411449850776232;0;0,7819861660911989;0;0;0;0,014530138291573612
183000;13,296;-33,0;-1;-1;5218;10998;7962;36338;26065;92521;208;429;3977;0,018206010798590657;0;0,16291453817966933;0;0,8051948893866884;0;0;0;0,013684561635051586
184500;13,367;-33,0;-1;-1;5256;10998;8197;36338;27278;92521;208;429;3991;0,013320524815441185;0;0,12271604220042938;0,2773979145895494;0,5805758351315411;0;0;0;0,005989683263038985
186000;13,459;-31,0;-1;-1;5274;10999;8383;36717;28207;92526;209;431;4001;0,00321404113758007;0;0,04054772110675304;0;0,18799301643597477;0,7667930253579798;0;0;0,0014521959617122505
187500;13,598;-37,0;-1;-1;5277;10999;8439;36717;28501;93669;209;431;4005;0,003976942817331138;0,018742488492159867;0,04940126113646612;0;0;0,9260835489633842;0;0;0,001795758590658869
189000;13,749;-40,0;-1;-1;5284;11026;8527;36717;28501;95047;209;431;4005;0,004163812172487778;0,018019390747458033;0,0505398666187631;0;0;0,9272769304612912;0;0;0
190500;13,857;-40,0;-1;-1;5291;11046;8601;36717;28501;96446;209;431;4005;0,004459450055228986;0,019267253878574326;0,05318220621620074;0;0;0,9230910898499959;0;0;0
192000;13,924;-36,0;-1;-1;5296;11068;8686;36717;28501;97834;209;431;4005;0,0041587543987955415;0,017917496108687665;0,04852274428372027;0;0;0,9294010052087965;0;0;0
193500;13,995;-18,0;-1;-1;5302;11095;8752;36717;28501;99235;209;431;4005;0,0028933134811898347;0,012422752867812357;0,03322919139412533;0,06214110676077712;0,16479322862569826;0,7245204068703971;0;0;0
195000;14,066;-40,0;-1;-1;5308;11104;8788;36796;28763;100343;209;431;4005;0,0026685203336222676;0,011464162491027196;0;0,05926504059839019;0,18026953691249367;0,7451097515490644;0;0;0,0012229881154022617
196500;14,139;-40,0;-1;-1;5308;11121;8788;36889;29048;101445;209;431;4008;0;0,010812328635473743;0;0,055746177999314445;0,18542205686884855;0,7468627693767633;0;0;0,0011566671195999026
198000;14,215;-35,0;-1;-1;5308;11138;8788;36976;29323;102564;209;431;4010;0;0,010952026995441582;0;0;0,20437520133995515;0,7834972163554991;0;0;0,0011755553091042478
199500;14,287;-41,0;-1;-1;5308;11160;8788;36976;29604;103760;209;431;4011;0;0,011019965199461093;0;0;0,2005775370192796;0,7872133472652177;0;0;0,0011891505160415696
201000;14,36;-31,0;-1;-1;5308;11176;8788;36976;29897;104947;209;431;4015;0;0,010705484604955644;0,02892953001485468;0;0,1965640947419688;0,7626433120025187;0;0;0,001157578635702229
202500;14,451;-37,0;-1;-1;5309;11192;8831;36977;30182;106128;209;432;4017;0,0029212943081007754;0,014406596713670311;0,0388483783951028;0;0;0,9424927502860917;0;0;0,0013309802970344735
204000;14,542;-42,0;-1;-1;5313;11213;8889;36977;30182;107543;209;432;4019;0,024158781667896208;0,11869685323163744;0,3163427310851536;0,5297836733065987;0;0;0;0;0,011017960708714006
205500;14,615;-28,0;-1;-1;5341;11379;9379;37779;30182;107543;209;432;4033;0,03030731160179079;0,1964570742402638;0;0,7593344620454218;0;0;0;0;0,013901152112523702
207000;14,686;-37,0;-1;-1;5387;11743;9379;38848;30182;107543;209;432;4054;0,027718941913259004;0,255660252394252;0;0,7037854393613103;0;0;0;0;0,012835366331178757
208500;14,757;-41,0;-1;-1;5422;12147;9379;39894;30182;107543;209;432;4069;0,008418586153692025;0,08243049108990767;0;0,21591467970273925;0,6893115571514526;0;0;0;0,0039246859022083105
210000;14,833;-41,0;-1;-1;5433;12264;9379;40235;31210;107543;209;432;4072;0,0023021509363422635;0;0;0,05791234781798261;0,1698701501918786;0,7688377274002053;0;0;0,0010776236535911948
211500;14,908;-41,0;-1;-1;5441;12264;9379;40307;31478;108693;209;432;4074;0,002721315438246091;0;0,04510393383611213;0,06835876850948773;0;0,8825382341151924;0;0;0,0012777481009615195
213000;14,982;-38,0;-1;-1;5443;12264;9430;40406;31478;110037;209;432;4078;0,002820060373658557;0;0,04609853994963669;0;0;0,949758974157387;0;0;0,0013224255193176717
214500;15,098;-30,0;-1;-1;5445;12264;9496;40406;31478;111467;209;432;4080;0,002819576792051505;0;0,04525606000812851;0;0;0,9506022509506669;0;0;0,0013221122491531788
216000;15,248;-38,0;-1;-1;5450;12264;9568;40406;31478;112888;209;432;4082;0,002848124763491428;0,027508435153635217;0,03987761759130286;0;0;0,9284283685164452;0;0;0,0013374539751252693
217500;15,402;-33,0;-1;-1;5455;12320;9627;40406;31478;114268;209;432;4082;0,002410756950687582;0,021312532321624233;0,03326671456264753;0;0,17440648844933415;0,7686035077157066;0;0;0
219000;15,544;-39,0;-1;-1;5461;12361;9680;40407;31728;115443;212;434;4082;0,002364628119208529;0,02075897590701315;0;0,05942470784043533;0,1671044689770581;0,7503472191562849;0;0;0
220500;15,619;-35,0;-1;-1;5465;12391;9680;40505;31952;116587;212;434;4082;0,002792834780504133;0,024395717440452182;0;0,07218856996542815;0;0,9006228778136155;0;0;0
222000;15,693;-42,0;-1;-1;5465;12424;9680;40638;31952;117921;212;434;4082;0,0027900883686649207;0,02419180744408417;0;0,07142344323862308;0;0,9015946609486278;0;0;0
223500;15,768;-42,0;-1;-1;5467;12460;9680;40747;31952;119274;212;434;4082;0,002878422216998935;0,024778188362253973;0;0,07316301657311412;0;0,8978168052248681;0;0;0,0013635676227647805
225000;15,843;-37,0;-1;-1;5471;12490;9680;40866;31952;120620;212;434;4083;0,0025499261778682324;0;0,031157399695913104;0,06653691237699039;0;0,898546418923942;0;0;0,0012093428252862226
226500;15,919;-35,0;-1;-1;5474;12490;9706;40961;31952;121995;212;434;4084;0,002085509637577774;0;0;0,055929662544767014;0,149926751705602;0,7910680063218977;0;0;9,900697901555633E-4
228000;15,997;-41,0;-1;-1;5478;12490;9706;41051;32132;123219;212;434;4086;0,002321041622969325;0;0;0,06400606834889619;0;0,9325699572865584;0;0;0,0011029327415761252
229500;16,076;-36,0;-1;-1;5481;12490;9706;41150;32132;124617;212;434;4086;0,002280151493409564;0;0;0,06456250603840857;0;0,9320721519274067;0;0;0,0010851905407751328
231000;16,149;-35,0;-1;-1;5484;12490;9706;41251;32132;126012;212;434;4087;0,002123133291285195;0,018288248304533895;0;0,05976250161346161;0;0,9188147570567817;0;0;0,0010113597339374697
232500;16,226;-34,0;-1;-1;5488;12522;9706;41347;32132;127378;212;434;4089;0,0022086328089417325;0,018924598802435664;0;0;0;0,9778137723657501;0;0;0,001052996022872498
234000;16,306;-38,0;-1;-1;5494;12553;9706;41347;32132;128838;212;434;4092;0,0021924280845203132;0,01870457379816981;0,02686736383067413;0;0;0,9511889795570633;0;0;0,0010466547295725126
235500;16,389;-37,0;-1;-1;5499;12585;9742;41349;32150;130268;214;436;4092;0,0018335583789319296;0,015568722983406674;0,02230534646063495;0;0,13047123865922866;0,8298211335177978;0;0;0
237000;16,466;-38,0;-1;-1;5503;12611;9769;41349;32362;131499;214;436;4092;0,010951344887386121;0,09257505543874195;0,13249763352754193;0;0,76397596614633;0;0;0;0
238500;16,554;-36,0;-1;-1;5512;12755;9924;41349;33554;131499;214;436;4092;0,006853403549336449;0,06385146609372692;0,07987189950954424;0,19397291374329645;0,655450317104096;0;0;0;0
240000;16,631;-34,0;-1;-1;5524;12853;10029;41629;34559;131499;214;436;4092;0,006553954344345469;0;0,0747391504748623;0,18890455861315483;0,7298023365676375;0;0;0;0
241500;16,707;-36,0;-1;-1;5540;12853;10140;41944;35617;131499;214;436;4092;0,011071937396448947;0;0,07798633292064414;0,19834263542200117;0,7091888942635433;0;0;0;0,0034101999973623074
243000;16,788;-33,0;-1;-1;5562;12853;10286;42237;36653;131499;214;436;4095;0,0026647131702294494;0;0,02445408180320845;0;0,2089919854908279;0,7630606912862767;0;0;8,285282494574805E-4
244500;16,886;-41,0;-1;-1;5564;12853;10325;42237;36971;132635;214;436;4100;0,0033719780998005583;0;0,030654927203840682;0;0;0,9649264844313427;0;0;0,0010466102650161194
246000;17,034;-42,0;-1;-1;5572;12853;10368;42237;36971;134083;214;436;4101;0,003502386829198356;0,020718189016046527;0,030211966178208902;0;0;0,9444763566597165;0;0;0,0010911013168296948
247500;17,189;-42,0;-1;-1;5579;12883;10435;42237;36971;135477;214;436;4103;0,003856747096788806;0,02273079514066003;0;0;0;0,9722077386281621;0;0;0,001204719134389021
249000;17,339;-39,0;-1;-1;5584;12920;10435;42237;36971;136934;214;436;4104;0,003526445458190582;0,020665105235896063;0;0,0632062528670899;0;0,9114982355241917;0;0;0,0011039609146317553
250500;17,504;-39,0;-1;-1;5593;12950;10435;42326;36971;138304;214;436;4106;0,0030219574707043345;0,01766378765512102;0;0;0,23944353441311997;0,7389212001476394;0;0;9,49520313415342E-4
252000;17,668;-38,0;-1;-1;5601;12985;10438;42328;37329;139423;215;438;4108;0,003931867621560126;0,022885252468260668;0;0;0;0,9719437069659909;0;0;0,0012391729441883304
253500;17,808;-38,0;-1;-1;5609;13038;10438;42328;37329;140862;215;438;4108;0,0040079678379047025;0,023164130070172616;0,034508101260616916;0;0;0,9370508361665706;0;0;0,00126896466473519
255000;17,959;-34,0;-1;-1;5611;13073;10480;42328;37329;142281;215;438;4110;0,004177317242111919;0,0239796268516307;0;0;0;0,9705203618155329;0;0;0,0013226940907245016
256500;18,033;-36,0;-1;-1;5614;13117;10480;42328;37329;143731;215;438;4113;0,004260014195762708;0,024247015180131004;0;0;0;0,9701443038192088;0;0;0,0013486668048975357
258000;18,108;-40,0;-1;-1;5621;13153;10480;42328;37329;145187;215;438;4114;0,00398401586160085;0,022568853276829347;0;0,07207743096320308;0;0,9001048449115514;0;0;0,0012648549868154086
259500;18,185;-41,0;-1;-1;5627;13184;10480;42446;37329;146531;215;438;4115;0,009861097401117326;0,055638778678865776;0;0,17742329217006908;0,7539386528593005;0;0;0;0,003138178890647329
261000;18,262;-41,0;-1;-1;5645;13269;10480;42719;38446;146531;215;438;4122;0,010582853160338234;0,05913756129344854;0;0,1884216692409473;0,7418579163052659;0;0;0;0
262500;18,339;-35,0;-1;-1;5666;13348;10480;43005;39560;146531;215;438;4122;0,008534247807519556;0,04734199686884183;0,07463356870985466;0,15533266132115103;0,714157525292633;0;0;0;0
264000;18,414;-37,0;-1;-1;5679;13407;10581;43241;40651;146531;215;438;4122;0,010404011006990586;0,0573625228980717;0,08928329870649075;0;0,842950167388447;0;0;0;0
265500;18,489;-33,0;-1;-1;5693;13496;10690;43241;41939;146531;215;438;4122;0,0030137603919090797;0,016423285340468188;0,02535164965977803;0;0,26876016317519785;0,6864511414326468;0;0;0
267000;18,567;-39,0;-1;-1;5696;13523;10718;43241;42332;147580;215;438;4122;0,0041020833546153365;0,022258364242794305;0,034310291221561436;0;0;0,937984791679559;0;0;0,0013444695014700491
268500;18,646;-39,0;-1;-1;5702;13566;10767;43243;42352;148984;218;439;4127;0,004359868184709986;0,02350685402537001;0;0;0;0,9707036125930448;0;0;0,0014296651968752098
270000;18,722;-38,0;-1;-1;5713;13588;10767;43243;42352;150450;218;439;4128;0,0038323688986151433;0,020667255143291277;0;0,07007986900827522;0;0,9041578461459026;0;0;0,0012626608039157676
271500;18,797;-41,0;-1;-1;5717;13618;10767;43347;42352;151809;218;439;4131;0,00416892653488132;0,02238174577174199;0;0;0;0,9720751756740965;0;0;0,001374152019280027
273000;18,873;-42,0;-1;-1;5723;13654;10767;43347;42352;153262;218;439;4136;0,0031069268467854433;0,016600205221351225;0;0;0,27152322614151053;0,7077454399871781;0;0;0,0010242018031746773
274500;18,949;-42,0;-1;-1;5724;13678;10767;43347;42768;154320;218;439;4137;0,004202417624854076;0,022347726022266222;0,035176081998858445;0;0;0,9368883975559461;0;0;0,0013853767980751845
276000;19,026;-43,0;-1;-1;5727;13721;10813;43347;42768;155724;218;439;4141;0,06423025205952791;0,38229734439861673;0,5323195346772045;0;0;0;0;0;0,02115286886465101
277500;19,098;-44,0;-1;-1;5833;14251;11645;43347;42768;155724;218;439;4173;0,06585510387744874;0,3715980341775753;0,5402516786249604;0;0;0;0;0;0,022295183320015528
279000;19,17;-44,0;-1;-1;5929;14813;12447;43347;42768;155724;218;439;4213;0,029717116246978148;0,15792294645436358;0,21208329908193616;0,590039007179594;0;0;0;0;0,01023763103712807
280500;19,247;-44,0;-1;-1;5969;15051;12774;44227;42768;155724;218;439;4228;0,031326447486507224;0,16227306134091454;0,2117060975478593;0,594694393624719;0;0;0;0;0
282000;19,318;-44,0;-1;-1;6021;15292;13078;45130;42768;155724;218;439;4228;0,002695218519230852;0,013680991232287634;0,01745792418244965;0,04928927850087473;0,257572655804736;0,6593039317604211;0;0;0
283500;19,397;-44,0;-1;-1;6026;15313;13112;45210;43117;156735;218;439;4228;0,0028929062195612375;0,014656088859806534;0,018632924060132203;0;0,2694037057520289;0,6944143751084711;0;0;0
285000;19,478;-24,0;-1;-1;6038;15330;13148;45210;43534;157771;218;440;4230;0,004066110623844216;0,013680730102351872;0;0;0,2745598123907663;0,7076933468830376;0;0;0
286500;19,578;-41,0;-1;-1;6050;15354;13150;45211;43933;158860;218;441;4231;0,0040013490564864435;0,013482242703632996;0;0;0,2697689514651774;0,7117936280167948;0;0;9,538287579084223E-4
288000;19,656;-39,0;-1;-1;6055;15375;13150;45211;44353;159913;218;441;4232;0,005239478055333264;0,017618419558170974;0;0;0;0,9758908599138795;0;0;0,0012512424726163044
289500;19,735;-42,0;-1;-1;6064;15401;13151;45212;44371;161379;219;442;4234;0,004986528943524833;0,018821064918932394;0;0,06129169931051292;0;0,9137060506667544;0;0;0,001194656160275521
291000;19,827;-39,0;-1;-1;6066;15437;13151;45293;44371;162759;219;442;4235;0,004859925013026387;0;0,02096328616802032;0,06134701765640001;0;0,9116648629776462;0;0;0,0011649081849070353
292500;19,909;-42,0;-1;-1;6074;15437;13185;45381;44371;164128;219;442;4236;0,05514575213511086;0;0,2369747825956538;0,6946160746695887;0;0;0;0;0,013263390599646591
294000;19,988;-32,0;-1;-1;6174;15438;13527;46422;44391;164131;220;442;4255;0,021520008877110326;0;0,050657331940243834;0,14768815867511415;0,7775033759777745;0;0;0;0,0026311245297570857
295500;20,064;-32,0;-1;-1;6212;15438;13594;46669;45537;164131;220;442;4257;0,02397381658323352;0;0;0,16472833134389778;0,8083210004597339;0;0;0;0,002976851613134721
297000;20,137;-25,0;-1;-1;6252;15438;13594;46924;46738;164131;220;442;4261;0,019979478812085824;0,039964521019761445;0;0,1376075186708376;0,7999268131015884;0;0;0;0,0025216683957266536
298500;20,214;-33,0;-1;-1;6277;15496;13594;47126;47948;164131;220;442;4266;0,007074381235624171;0,017688940034862006;0;0;0,27416440128283703;0,7001715833241836;0;0;9,006941224931343E-4
300000;20,295;-37,0;-1;-1;6283;15527;13595;47126;48348;165213;220;444;4269;0,00984191015463993;0,024529258664805532;0;0;0;0,9643740787371453;0;0;0,0012547524434091606
301500;20,369;-37,0;-1;-1;6299;15563;13595;47126;48348;166658;220;444;4272;0,009795244689828923;0,024412449981233673;0,024046144844358467;0;0;0,9404901560944972;0;0;0,0012560043900816363
303000;20,445;-37,0;-1;-1;6320;15590;13635;47126;48348;168069;220;444;4273;0,009652083842576651;0,024155064140556924;0;0;0;0,9649439338891629;0;0;0,0012489181277036147
304500;20,52;-31,0;-1;-1;6338;15624;13635;47126;48348;169517;220;444;4273;0,008800315392149224;0,022049520134459797;0;0,06214313491664312;0;0,905859024969977;0;0;0,0011480045867710022
306000;20,596;-40,0;-1;-1;6353;15654;13635;47220;48348;170878;220;444;4273;0,006512479902115138;0,016324478868733044;0;0,04600611153656464;0,2531238520101441;0,678033077682443;0;0;0
307500;20,675;-36,0;-1;-1;6366;15681;13635;47292;48760;171879;220;446;4273;0,008515965225566583;0,021356471052815164;0;0,06022252117037326;0;0,9099050425512449;0;0;0
309000;20,751;-40,0;-1;-1;6378;15710;13635;47367;48760;173263;220;446;4273;0,008159875365100855;0,02045374536341925;0;0,05771420453777269;0;0,9136721747337072;0;0;0
310500;20,825;-41,0;-1;-1;6389;15750;13635;47459;48760;174620;220;446;4273;0,007741805472521109;0,019348014742247715;0,01959463828367482;0,05636388539811287;0;0,8969516561034434;0;0;0
312000;20,901;-31,0;-1;-1;6399;15780;13659;47545;48760;175970;220;446;4273;0,00812826230028525;0,02028465402554882;0,02056426638682168;0;0;0,9499329943060134;0;0;0,001089822981330849
313500;20,976;-36,0;-1;-1;6407;15805;13685;47545;48760;177409;220;446;4275;0,1625582611639382;0,40513907264017435;0,41044923264033933;0;0;0;0;0;0,02185343355554802
315000;21,048;-36,0;-1;-1;6668;16397;14297;47545;48760;177409;220;446;4310;0,020540216629883774;0,0512444482825556;0,050621944734212464;0;0,8746026606494137;0;0;0;0,0029907297039346178
316500;21,144;-32,0;-1;-1;6696;16482;14370;47547;50087;177415;220;447;4314;0,019767251104025583;0,06064186103579056;0;0;0,9166850329598579;0;0;0;0,0029058549003259768
318000;21,24;-35,0;-1;-1;6734;16585;14370;47547;51444;177415;220;447;4316;0,01810859631599948;0,06128271124808515;0;0,14976049172587685;0,7681452469468142;0;0;0;0,002702953763224429
319500;21,318;-31,0;-1;-1;6765;16683;14370;47769;52588;177415;220;447;4321;0,0054171730695234295;0,02014359001894167;0;0;0,2480767949707663;0,7248723649289636;0;0;0,0014900770118051435
321000;21,395;-39,0;-1;-1;6778;16719;14370;47769;52979;178475;220;447;4321;0,005414495617011155;0,02011426209263979;0;0;0,2478548830008161;0,7266163592895329;0;0;0
322500;21,471;-33,0;-1;-1;6787;16749;14370;47769;53352;179563;220;447;4321;0,005263584388035381;0,019517916029583124;0,013448157388811593;0;0,24930052834911962;0,7124698138444503;0;0;0
324000;21,55;-26,0;-1;-1;6793;16777;14388;47769;53763;180600;220;447;4321;0,006855229268203087;0,025348947322043607;0,017489938493246534;0;0;0,9503058849165068;0;0;0
325500;21,625;-39,0;-1;-1;6799;16813;14414;47769;53763;182032;220;447;4321;0,0064724852954217696;0,023837103632582006;0,016466532339616223;0;0;0,9532238787323799;0;0;0
327000;21,704;-34,0;-1;-1;6810;16852;14440;47771;53785;183459;222;447;4321;0,005955250037372686;0,02187319981463907;0,015138601182008628;0,051614902188718455;0;0,9037472913782176;0;0;0,001670755399043526
328500;21,868;-39,0;-1;-1;6819;16883;14462;47853;53785;184811;222;447;4325;0,06196645709712729;0,2271306861685584;0,1573903414878015;0,5360939439356981;0;0;0;0;0,0174185713108147
330000;22,02;-39,0;-1;-1;6916;17219;14704;48648;53785;184811;222;447;4355;0,013115817952841282;0,04849935686663566;0,038678596220608874;0,12819324740775545;0,7715129815521586;0;0;0;0
331500;22,158;-32,0;-1;-1;6934;17288;14755;48835;54960;184811;222;447;4355;0,012693016294245761;0;0,03731917365589717;0,13533582646184647;0,8146519835880106;0;0;0;0
333000;22,232;-37,0;-1;-1;6951;17288;14808;49017;56208;184811;222;447;4355;0,012675693728296524;0;0,0371404550414105;0,13459890580597694;0,815584945424316;0;0;0;0
334500;22,386;-29,0;-1;-1;6972;17288;14880;49227;57405;184811;222;447;4355;0,003797585508001244;0;0,012575158111833674;0,04016514336371882;0,2541374378044855;0,6893246752119608;0;0;0
336000;22,533;-41,0;-1;-1;6975;17288;14895;49291;57808;185826;222;447;4355;0,005159981212006363;0;0,017054799546249895;0,05441749886048355;0;0,9215875652946123;0;0;0,0017801550866479248
337500;22,687;-32,0;-1;-1;6982;17288;14920;49366;57808;187216;222;447;4358;0,005363094532178624;0,020109382214627426;0,01769031238477769;0;0;0,9549840223550301;0;0;0,0018531885133860762
339000;22,849;-38,0;-1;-1;6992;17311;14946;49366;57831;188660;223;448;4362;0,11922111707890093;0,4468450184310649;0,3926560512964416;0;0;0;0;0;0,04127781319359251
340500;22,996;-31,0;-1;-1;7100;17834;15755;49366;57831;188660;223;448;4422;0,06913735598647108;0,30252067362579743;0,5878990252157815;0;0;0;0;0;0,040442945171950045
342000;23,144;-33,0;-1;-1;7222;18258;16653;49366;57831;188660;223;448;4478;0,016597054364056493;0,046932660258593564;0,09063135944989072;0;0,8386349616594261;0;0;0;0,007203964268033071
343500;23,302;-37,0;-1;-1;7249;18314;16804;49366;59081;188660;223;448;4494;0,015870020157059656;0;0,08384058405026945;0,13434175269671525;0,7590426782235574;0;0;0;0,006904964872398277
345000;23,413;-37,0;-1;-1;7283;18314;16944;49564;60193;188660;223;448;4510;0;0;0,02473239916915828;0,04291367789417562;0,2252956305437503;0,7048458182316508;0;0;0,0022124741612649305
346500;23,491;-36,0;-1;-1;7283;18314;16983;49622;60488;189767;223;448;4511;0;0;0,03089182511243642;0,05374784168771866;0;0,9125802037086548;0;0;0,0027801294911902366
348000;23,565;-30,0;-1;-1;7283;18314;17036;49700;60488;191131;223;448;4516;0;0;0,02942983135762984;0,05139884988125904;0;0,9165068928907388;0;0;0,002664425870372299
349500;23,639;-36,0;-1;-1;7283;18314;17079;49778;60488;192507;223;448;4519;0;0,016379590339470704;0,02887544882581999;0,05054615255784073;0;0,9015701351795751;0;0;0,0026286730972934734
351000;23,725;-43,0;-1;-1;7283;18335;17127;49857;60488;193856;223;448;4522;0,006335172393422802;0,01711611606829208;0,030034790826224362;0;0;0,9437615578286139;0;0;0,0027523628834468235
352500;23,804;-43,0;-1;-1;7297;18356;17161;49857;60507;195281;223;448;4528;0,005142833978656251;0,013936418037211441;0;0;0,22602530298154977;0,7526540874309873;0;0;0,002241357571595255
354000;23,881;-37,0;-1;-1;7303;18377;17161;49857;60846;196407;223;448;4536;0,006405031211784325;0,017343071860815493;0;0;0;0,9734650419792668;0;0;0,0027868549481334035
355500;23,965;-33,0;-1;-1;7310;18410;17161;49857;60846;197867;223;448;4536;0,006291136643752567;0,016995433829728058;0;0;0;0,9739684158089222;0;0;0,002745013717597115
357000;24,037;-38,0;-1;-1;7321;18432;17161;49857;60846;199331;223;448;4539;0,005941685965424243;0,01606275864290174;0;0,05018060451363924;0;0,925215633009584;0;0;0,002599317868450763
358500;24,114;-37,0;-1;-1;7334;18458;17161;49933;60846;200716;223;448;4539;0,005703569501116098;0,016810469122915422;0,027423989850500794;0,04958955406502778;0;0,9004724174604399;0;0;0
360000;24,189;-33,0;-1;-1;7342;18486;17212;50003;60846;202059;223;448;4539;0,005910050910234133;0,017399401447089062;0,028271885702485424;0;0;0,9484186619401914;0;0;0
361500;24,264;-25,0;-1;-1;7354;18503;17257;50003;60846;203485;223;448;4539;0,004644786046215496;0,01370203678817312;0,022158346490542283;0;0,20442583750194007;0,755068993173129;0;0;0
363000;24,339;-34,0;-1;-1;7364;18517;17283;50003;61146;204635;223;448;4539;0,005766306395094946;0,01703783104717358;0,02749118121514769;0;0;0,9497046813425839;0;0;0
364500;24,413;-39,0;-1;-1;7374;18549;17322;50003;61146;206054;223;448;4539;0,0056325362467092195;0,01662767747899831;0,02678013116671841;0;0;0,9484451149736015;0;0;0,0025145401339726112
366000;24,488;-40,0;-1;-1;7384;18572;17352;50003;61146;207488;223;448;4542;0,055678332085880626;0,16439828730586706;0,2644090416958349;0,4906064262849304;0;0;0;0;0,024907912627487146
367500;24,565;-36,0;-1;-1;7472;18799;17832;50671;61165;207494;225;448;4579;0,06966485621546875;0;0,39512715305395957;0,4978092908033745;0;0;0;0;0,0373986999271971
369000;24,639;0,0;-1;-1;7600;18799;18411;51418;61165;207494;225;448;4625;0,07062991688951631;0;0,38493465611691696;0,5056349365146005;0;0;0;0;0,03880049047896618
370500;24,71;-33,0;-1;-1;7729;18799;18919;52179;61165;207494;225;448;4727;0,07318021285863743;0;0,3469012571001943;0,5132853993661246;0;0;0;0;0,06663313067504367
372000;24,781;-26,0;-1;-1;7872;18799;19378;52976;61165;207494;225;448;4828;0,008123316907776559;0;0,029519797762192473;0,05076224974329593;0,18863613384141104;0,7148944083241184;0;0;0,008064093421205619
373500;24,86;-35,0;-1;-1;7880;18799;19421;53051;61467;208555;225;448;4839;0,00973952593288951;0,016167170691967513;0,03526825025288705;0,06077038273396909;0;0,8684111541590747;0;0;0,009643516229212246
375000;24,938;-38,0;-1;-1;7896;18816;19488;53139;61467;209854;225;448;4852;0,012423681981149697;0,016359208781875186;0;0,06289055486797557;0;0,8986061251284257;0;0;0,009720429240573727
376500;25,038;-33,0;-1;-1;7922;18836;19488;53221;61467;211212;225;448;4866;0,0161406828540669;0,017138297979152253;0;0;0;0,9565792913215574;0;0;0,010141727845223417
378000;25,112;-32,0;-1;-1;7944;18863;19488;53221;61467;212642;225;448;4887;0,015846038913222518;0,016895067993799494;0;0;0;0,9573272593607893;0;0;0,009931633732188555
379500;25,189;-30,0;-1;-1;7966;18892;19488;53221;61467;214074;225;448;4904;0,0189353955556799;0,017828430816885028;0;0;0;0,9536176492843114;0;0;0,009618524343123694
381000;25,263;-35,0;-1;-1;7987;18913;19488;53221;61467;215519;225;448;4917;0,017843914468840354;0,0182769045767375;0,0341094002461946;0;0;0,9206978384736151;0;0;0,00907194223461253
382500;25,339;-36,0;-1;-1;8012;18936;19538;53221;61467;216908;225;448;4930;0,1272186721372023;0,13100026107354606;0,2435006963124301;0,4334640655508288;0;0;0;0;0,06481630492599277
384000;25,421;-33,0;-1;-1;8248;19094;19894;53858;61490;216910;226;448;5044;0,07926672278380256;0;0,11038358233074441;0,18104645256383245;0,5973256775285886;0;0;0;0,031977564793032015
385500;25,497;-34,0;-1;-1;8360;19094;20061;54111;62408;216910;226;448;5094;0,08410944639834451;0;0;0,2015469243359287;0,6799605250879539;0;0;0;0,034383104177772905
387000;25,57;-31,0;-1;-1;8491;19094;20061;54409;63423;216910;226;448;5150;0,07838447601056575;0;0;0,1977753892788952;0,6804131643360517;0;0;0;0,04342697037448742
388500;25,641;-34,0;-1;-1;8628;19094;20061;54705;64423;216910;226;448;5217;0,024436527035160353;0;0;0,053397618080675995;0,18051421363085343;0,7301074665626229;0;0;0,011544174690687374
390000;25,72;-35,0;-1;-1;8666;19094;20061;54789;64696;218004;226;448;5228;0,02938275013814909;0,016098327557764913;0;0;0,18633823156855844;0,7563150196806918;0;0;0,011865671054835778
391500;25,812;-35,0;-1;-1;8710;19121;20061;54789;64979;219126;226;448;5252;0,02892857600330761;0;0,032716198724334185;0;0,1835006870476411;0,7431242801069599;0;0;0,01173025811775717
393000;25,887;-37,0;-1;-1;8750;19121;20102;54789;65256;220249;226;448;5271;0,02895781516373748;0;0;0;0,18925662909230734;0,7699962568580121;0;0;0,01178929888594308
394500;25,96;-32,0;-1;-1;8787;19121;20102;54789;65563;221391;226;448;5285;0,028198597655322948;0;0;0;0,19514888444639444;0,7651165738152668;0;0;0,011535944083015755
396000;26,035;-35,0;-1;-1;8832;19121;20102;54789;65839;222555;226;448;5300;0,026060487534343545;0;0;0,05137280371599859;0,18877950701023585;0,7230438313445585;0;0;0,010743370394863441
397500;26,111;-33,0;-1;-1;8863;19121;20102;54878;66107;223651;226;448;5316;0,02682170512848167;0;0;0;0,1965911638831105;0,765496714008867;0;0;0,01109041697954076
399000;26,188;-34,0;-1;-1;8909;19121;20102;54878;66399;224803;226;448;5326;0,025704521019584058;0,015190464202643231;0;0;0,19131745416972534;0,757047980132908;0;0;0,01073958047513935
400500;26,268;-37,0;-1;-1;8942;19146;20103;54879;66713;225939;226;448;5345;0,030503925709255437;0,01816036375069893;0,036976748886955235;0;0;0,901594373323553;0;0;0,01276458832953742
402000;26,345;-29,0;-1;-1;8999;19175;20161;54879;66713;227273;226;448;5367;0;0,018522739551565352;0,037553332583390185;0;0;0,9309842542037426;0;0;0,012939673661301802
403500;26,42;-42,0;-1;-1;8999;19214;20232;54879;66713;228644;226;448;5386;0;0,018311636483430642;0,036946679135475335;0;0;0,9319933114021363;0;0;0,01274837297895787
405000;26,495;-44,0;-1;-1;8999;19241;20297;54879;66713;230033;226;448;5405;0;0,017377632325981964;0,0348768762778512;0,060177522057561786;0;0,8755290611740147;0;0;0,0120389081645904
406500;26,572;-41,0;-1;-1;8999;19274;20352;54968;66713;231339;226;448;5422;0;0,014707770097768538;0,02942737502822821;0;0,18621255575911586;0,7594940611537232;0;0;0,010158237961164213
408000;26,65;0,0;-1;-1;8999;19295;20396;54968;66978;232486;226;448;5445;0,024711093196203522;0,01467398200959846;0,02926201751612131;0;0,18387566208700393;0,7474772451910728;0;0;0
409500;26,73;-39,0;-1;-1;9044;19307;20443;54968;67261;233599;226;448;5445;0,03406924328199485;0,01889185495817469;0,03727317394033255;0;0;0,9097657278194979;0;0;0
411000;26,803;-36,0;-1;-1;9088;19332;20507;54968;67261;234966;226;448;5445;0,033311720513006224;0,018667891640228914;0,036631480535386014;0;0;0,9113889073113788;0;0;0
412500;26,877;-42,0;-1;-1;9146;19357;20551;54968;67261;236339;226;448;5445;0,03296712909665842;0,018749813130307318;0,036687496632249066;0;0;0,9115955611407852;0;0;0
414000;26,95;-24,0;-1;-1;9203;19384;20594;54968;67261;237712;226;448;5445;0,032147289495670486;0,018546136028167882;0,036204621772521026;0;0;0,901177960165094;0;0;0,01192399253854667
415500;27,026;-36,0;-1;-1;9251;19412;20649;54968;67261;239060;226;448;5466;0,025437749295594003;0,01484065629632891;0;0,048466952383492495;0,17238626041332628;0,7293822711469476;0;0;0,009486110464310474
417000;27,11;-37,0;-1;-1;9298;19428;20652;55036;67534;240174;226;449;5477;0,045888844055231956;0,017498618896188017;0;0,05704631874141831;0;0,8684135989078688;0;0;0,011152619399292872
418500;27,186;-37,0;-1;-1;9354;19454;20652;55130;67534;241487;226;449;5488;0,04865012987568169;0,01881544697519337;0;0;0;0,9205584381788084;0;0;0,011975984970316515
420000;27,261;-28,0;-1;-1;9419;19483;20652;55130;67534;242877;226;449;5504;0,04703678960944571;0,0185038556176948;0;0;0;0,9227213841251772;0;0;0,011737970647682266
421500;27,335;-34,0;-1;-1;9493;19511;20652;55130;67534;244259;226;449;5520;0,04494455184408659;0,018016281758604757;0,035498108029550834;0;0;0,890152164633136;0;0;0,011388893734621945
423000;27,412;-22,0;-1;-1;9552;19538;20717;55130;67534;245590;226;449;5538;0,044433315842547914;0,01807632753693233;0;0;0;0,926114550094218;0;0;0,011375806526301746
424500;27,487;-33,0;-1;-1;9634;19560;20717;55130;67534;246975;226;449;5549;0,03836257359893078;0,013923808512796673;0;0,04597259115184488;0,1647750270028686;0,7282189568214923;0;0;0,008747042912066681
426000;27,567;-34,0;-1;-1;9678;19578;20717;55192;67786;248074;226;449;5574;0,050601972372267;0,016288545729322482;0;0,0537281036511451;0;0,869236100816712;0;0;0,010145277430553622
427500;27,642;-36,0;-1;-1;9746;19602;20717;55285;67786;249375;226;449;5588;0,38325242651450925;0,1255310943680727;0;0,4132617843303777;0;0;0;0;0,0779546947870405
429000;27,716;-28,0;-1;-1;10271;19793;20717;55966;67786;249375;226;449;5691;0,3180057319182082;0,1470756891865024;0;0,4631483370561481;0;0;0;0;0,0717702418391413
430500;27,789;-32,0;-1;-1;10752;20009;20717;56657;67786;249375;226;449;5803;0,25882986330923013;0,11686647810822257;0,1952671005953485;0,3732227654338734;0;0;0;0;0,055813792553325255
432000;27,864;-28,0;-1;-1;11131;20168;21016;57222;67786;249375;226;449;5901;0,3022636444015794;0,14082326947949575;0;0,45425220394735166;0;0;0;0;0,10266088217157318
433500;27,937;-28,0;-1;-1;11566;20384;21016;57905;67808;249377;226;449;6068;0,039215797710235624;0,01983651085681904;0;0,0635436247051878;0;0,8635362384552012;0;0;0,013867828272556244
435000;28,012;-39,0;-1;-1;11629;20402;21016;57990;67808;250697;226;449;6082;0,038401807571349277;0,01748153603088319;0;0;0,1722835815518757;0,7596565008477483;0;0;0,012176573998143597
436500;28,085;-33,0;-1;-1;11685;20424;21016;57990;68047;251861;226;449;6101;0,045725904574421716;0,02258977408780825;0;0;0;0,9170786007848134;0;0;0,014605720552956584
438000;28,157;-40,0;-1;-1;11755;20463;21016;57990;68047;253238;226;449;6115;0,04522064967617055;0,022634541030268608;0;0;0;0,9175150659267167;0;0;0,014629743366844082
439500;28,227;-38,0;-1;-1;11840;20498;21016;57990;68047;254597;226;449;6136;0,043585675402946014;0,022184157968389195;0;0;0;0,9199485177401544;0;0;0,014281648888510376
441000;28,298;-33,0;-1;-1;11904;20524;21016;57990;68047;255992;226;449;6151;0,03863370802502;0,019918411539172315;0,029668537972896133;0,060338449625408526;0;0,8386519079031229;0;0;0,012788984934380118
442500;28,375;-31,0;-1;-1;11960;20548;21065;58075;68047;257263;226;449;6166;0,040153321098347794;0,022413324033084034;0,031065563197818762;0;0;0,8929699682071843;0;0;0,013397823463564981
444000;28,447;-38,0;-1;-1;12017;20580;21109;58075;68047;258601;226;449;6195;0;0,02485727273357968;0,03215523412196806;0;0;0,929197551868993;0;0;0,013789941275459325
445500;28,519;-41,0;-1;-1;12017;20618;21152;58075;68047;260008;226;449;6207;0;0,024971406235062436;0,03227111619174819;0;0;0,9289026169879866;0;0;0,013854860585202862
447000;28,59;-41,0;-1;-1;12017;20663;21198;58075;68047;261396;226;449;6228;0;0,020913716105513742;0,02701718078794348;0;0,17151464830015126;0,768981031726568;0;0;0,011573423079823498
448500;28,662;-41,0;-1;-1;12017;20696;21240;58075;68296;262553;226;449;6247;0;0,02469138680904246;0,03415066941728395;0;0;0,9275395374233772;0;0;0,013618406350296335
450000;28,735;-41,0;-1;-1;12018;20730;21294;58075;68311;263954;227;449;6259;0,0380636192033256;0,02251994712124634;0,031059789307751797;0,06088859519953582;0;0,8350486666441221;0;0;0,012419382524018188
451500;28,808;-33,0;-1;-1;12075;20759;21344;58166;68311;265210;227;449;6276;0;0,023195171590175218;0,03415049650185569;0,06404195498162278;0;0,8658618726388504;0;0;0,012750504287496004
453000;28,881;-44,0;-1;-1;12075;20793;21396;58261;68311;266510;227;449;6295;0;0,02405600134968179;0,03532919268584857;0;0;0,927437992421342;0;0;0,013176813543127736
454500;28,953;-44,0;-1;-1;12075;20840;21446;58261;68311;267884;227;449;6324;0;0,024308161158929323;0,03566498986230653;0;0;0,926793011056547;0;0;0,013233837922217178
456000;29,03;-42,0;-1;-1;12075;20881;21507;58261;68311;269263;227;449;6343;0;0,0238529115549138;0,0348870092064212;0;0;0,9283038657431637;0;0;0,012956213495501277
457500;29,108;-44,0;-1;-1;12075;20928;21571;58261;68311;270634;227;449;6361;0;0,023988465112474943;0,03499722323606618;0;0;0,9279992237290793;0;0;0,013015087922379664
459000;29,183;-44,0;-1;-1;12075;20969;21612;58261;68311;272033;227;449;6380;0,0375642736092816;0,02185741613115523;0,03188524809494013;0,06162618383114335;0;0,835233563450643;0;0;0,011833314882836713
460500;29,261;-29,0;-1;-1;12138;21004;21666;58342;68311;273280;227;449;6400;0,03297195249105153;0,019408138134508483;0,028227849016854042;0;0,16404660645272423;0,7448777934883081;0;0;0,010467660416553573
462000;29,338;-37,0;-1;-1;12197;21027;21708;58342;68531;274422;227;449;6414;0;0,020023583595157983;0,029046714523245153;0;0,1704412854754907;0,7697192408334275;0;0;0,010769175572678612
463500;29,418;-42,0;-1;-1;12197;21059;21765;58342;68761;275589;227;449;6428;0;0,02586633318267679;0,035012728772389326;0;0;0,9261118572790641;0;0;0,013009080765869728
465000;29,494;-44,0;-1;-1;12197;21091;21816;58342;68761;276985;227;449;6449;0;0,026060881101488804;0,03761934753305953;0;0;0,9232695124503468;0;0;0,013050258915104963
466500;29,573;-44,0;-1;-1;12201;21130;21881;58344;68787;278360;228;449;6469;0;0,02635299105619981;0,037899968262842115;0;0;0,9225888661601326;0;0;0,013158174520825504
468000;29,647;-44,0;-1;-1;12201;21165;21930;58344;68787;279751;228;449;6494;0,03826312913930823;0,02391689663198412;0,03433125167057705;0,06452648787467948;0;0,8270840506745819;0;0;0,011878184008869244
469500;29,725;-44,0;-1;-1;12259;21201;21975;58435;68787;280995;228;449;6520;0,032345186716124595;0,020422116155954986;0,029281715792511192;0,05509681268647311;0,16409731320716187;0,6987568554417743;0;0;0
471000;29,801;-44,0;-1;-1;12296;21224;22021;58526;69043;282042;228;449;6520;0,03339516703630432;0,02122051348254806;0;0,05715176692992702;0,16893666757923959;0,7192958849719809;0;0;0
472500;29,875;-36,0;-1;-1;12349;21252;22021;58622;69309;283099;228;449;6520;0,03857772107550711;0,02206130914298397;0;0;0,1792317283603048;0,7601292414212042;0;0;0
474000;29,948;-24,0;-1;-1;12399;21286;22021;58622;69580;284244;228;449;6520;0,0382466410775668;0,02204453020607703;0;0;0,1776122575135509;0,7620965712028053;0;0;0
475500;30,02;-34,0;-1;-1;12466;21335;22021;58622;69832;285376;228;449;6520;0,03718594873253289;0,02164573163823502;0;0;0,17594191872723977;0,7543472717234789;0;0;0,010879129178513348
477000;30,096;-39,0;-1;-1;12509;21369;22021;58622;70098;286520;228;449;6533;0,04328467857936202;0,025354425808179502;0,03692141573890004;0;0;0,8817038545446442;0;0;0,012735625328914217
478500;30,171;-34,0;-1;-1;12573;21415;22065;58622;70098;287849;228;449;6550;0;0,024130269264070008;0,03513982158567972;0,0662330314394706;0;0,8623886748889189;0;0;0,012108202821860701
480000;30,246;-40,0;-1;-1;12573;21458;22112;58710;70098;289153;228;449;6568;0;0,025837188734000083;0,037606567989495965;0;0;0,92360893054699;0;0;0,01294731272951396
481500;30,319;-34,0;-1;-1;12573;21498;22170;58710;70098;290537;228;449;6586;0;0,025124985319569353;0,03647609023846326;0;0;0,9258342935204258;0;0;0,01256463092154152
483000;30,397;-36,0;-1;-1;12577;21537;22216;58711;70121;291929;230;451;6608;0;0,020931973330528972;0,030359998143594434;0;0,17214522633573767;0,7661314594205338;0;0;0,010431342769605034
484500;30,471;-38,0;-1;-1;12577;21564;22263;58711;70375;293081;230;451;6628;0,1335885336481656;0,0827894896521973;0,11225636614639456;0;0,6328774419642622;0;0;0;0,038488168588980236
486000;30,545;-38,0;-1;-1;12768;21693;22455;58711;71314;293081;230;451;6677;0,3583337349167577;0,22854155760870862;0,3072924723928294;0;0;0;0;0;0,10583223508170417
487500;30,619;-27,0;-1;-1;13341;22002;22914;58711;71314;293081;230;451;6836;0,2479292139337957;0,13381942179248527;0,2008594920931616;0,34568758177475933;0;0;0;0;0,0717042904057981
489000;30,701;-27,0;-1;-1;13742;22185;23180;59250;71314;293081;230;451;6947;0,3249954956990904;0,16318751786238256;0;0,4115393998930112;0;0;0;0;0,10027758654551575
490500;30,774;-25,0;-1;-1;14197;22446;23180;59888;71314;293081;230;451;7093;0,046956099016306235;0,026839641121248845;0;0,06932325537433974;0;0,8417342115088722;0;0;0,015146792979232935
492000;30,849;-32,0;-1;-1;14291;22476;23180;59984;71314;294339;230;451;7115;0,14794309053369262;0,07802190779659193;0;0,20131954449232617;0,5288972277178272;0;0;0;0,04381822945956226
493500;30,927;-32,0;-1;-1;14512;22580;23180;60273;72142;294339;230;451;7173;0,17305243244324645;0,09457640811102004;0;0;0,6797359378990342;0;0;0;0,05263522154669928
495000;31,001;-29,0;-1;-1;14761;22714;23180;60273;73171;294339;230;451;7261;0,15576424327088237;0,08534639396048001;0,11181815183953725;0;0,5929168162270464;0;0;0;0,054154394702054125
496500;31,077;-34,0;-1;-1;15005;22834;23359;60273;74044;294339;230;451;7345;0,3976504287499774;0,2060225822117918;0,26782267477593075;0;0;0;0;0;0,1285043142623
498000;31,151;-25,0;-1;-1;15559;23182;23758;60273;74044;294339;230;451;7544;0,36780387596814595;0,21736652208662166;0,2641178749241285;0;0;0;0;0;0,15071172702110397
499500;31,229;-29,0;-1;-1;16096;23508;24153;60275;74056;294341;230;453;7787;0,04130266588971634;0,027590301603995504;0,03146634453455262;0,06659968617654644;0;0,8157678821916781;0;0;0,017273119603511026
501000;31,304;-33,0;-1;-1;16157;23548;24196;60378;74056;295574;230;453;7807;0,04400963002915533;0,02960776545187903;0,03375246519090819;0;0;0,8741314845897848;0;0;0,018498654738272703
502500;31,379;-33,0;-1;-1;16223;23587;24251;60378;74056;296888;230;453;7833;0,03736113793752626;0,02534989269037783;0,02884876109252717;0;0,16750947109261513;0,7409307371869536;0;0;0
504000;31,455;-35,0;-1;-1;16283;23630;24296;60378;74298;297998;230;453;7833;0,15540495974963686;0,09695884648292863;0,11034278681792502;0;0,6372934069495095;0;0;0;0
505500;31,527;-35,0;-1;-1;16534;23792;24462;60378;75219;297998;230;453;7833;0,15362943230771964;0,09865960868001213;0,11220630482514113;0;0,6355046541871271;0;0;0;0
507000;31,6;-28,0;-1;-1;16762;23923;24629;60378;76193;297998;230;453;7833;0,15635683886367346;0,09454520409814887;0,1139380207500515;0;0,6351599362881262;0;0;0;0
508500;31,674;-30,0;-1;-1;17022;24058;24808;60378;77119;297998;230;453;7833;0,11697962875370291;0,07313087744203173;0,08768458070379473;0,18735370880150568;0,48676602583994033;0;0;0;0,048085178459024706
510000;31,751;-30,0;-1;-1;17208;24180;24926;60655;77823;297998;230;453;7926;0,037385872873666806;0,02385600956033159;0,028608309668642043;0;0,15611957659933842;0,7386345462472845;0;0;0,015395685050736569
511500;31,827;-32,0;-1;-1;17265;24215;24978;60655;78060;299099;230;453;7944;0,1427493862980529;0,09171237561088155;0,10977539140663209;0;0,5966869172465745;0;0;0;0,059075929437858846
513000;31,902;-32,0;-1;-1;17473;24349;25145;60655;78956;299099;230;453;8039;0,34970512613314814;0,23017573142291478;0,27432529504512265;0;0;0;0;0;0,14579384739881449
514500;31,977;-32,0;-1;-1;18017;24704;25554;60655;78956;299099;230;453;8231;0,33701484425407946;0,2367790040166202;0,2798784970050458;0;0;0;0;0;0,14632765472425455
516000;32,054;-26,0;-1;-1;18528;25079;25954;60656;78978;299102;230;454;8445;0,3853368993332658;0,22823112542036705;0,23937902910578532;0;0;0;0;0;0,1470529461405817
517500;32,129;-26,0;-1;-1;19108;25434;26318;60656;78978;299102;230;454;8646;0,37251372172998726;0,2347527981887173;0,24561464874436068;0;0;0;0;0;0,14711883133693476
519000;32,205;-30,0;-1;-1;19641;25788;26686;60656;78978;299102;230;454;8891;0,035145354038637486;0,02394569155534214;0,02244044434174982;0,0587133676771362;0,14286172671078878;0,7014174170866148;0;0;0,015475998589730769
521000;32,307;-32,0;-1;-1;19703;25843;26726;60773;79294;300481;230;454;8922;0,1453809655114077;0,09949621869635535;0,09340864431494779;0;0,597662212059262;0;0;0;0,06405195941802728
522500;32,382;-23,0;-1;-1;19923;25981;26874;60773;80198;300481;230;454;9012;0;0,11400008777495327;0,10685835591819287;0;0,7067396637398078;0;0;0;0,07240189256704606
524000;32,457;-30,0;-1;-1;19923;26142;27035;60773;81261;300481;230;454;9127;0;0,11645292035832566;0,10982487530517637;0;0,6922334957197955;0;0;0;0,08148870861670246
525500;32,531;-31,0;-1;-1;19923;26330;27200;60773;82296;300481;230;454;9239;0;0,12398168607164459;0,11101894325905096;0;0,6839401088358498;0;0;0;0,0810592618334546
527000;32,604;-32,0;-1;-1;19923;26508;27378;60773;83324;300481;230;454;9355;0;0,1248202839018615;0,11174324497461688;0;0,6832139603076303;0;0;0;0,08022251081589128
528500;32,679;-34,0;-1;-1;19923;26701;27551;60773;84337;300481;230;454;9476;0,14830243135511897;0,10651883687950547;0,09583664095903577;0;0,5817657999563237;0;0;0;0,06757629085001608
530000;32,753;-34,0;-1;-1;20137;26869;27680;60773;85206;300481;230;454;9596;0,03640528650832982;0,026602902130475222;0;0;0,1430572537659821;0,7773704357948344;0;0;0,016564121800378518
531500;32,827;-34,0;-1;-1;20199;26921;27680;60773;85407;301648;230;454;9614;0,03949352852704208;0,029008730047524207;0;0,07194426064372678;0;0,8414896786376281;0;0;0,01806380214407888
533000;32,907;-37,0;-1;-1;20269;26969;27681;60889;85425;302891;231;454;9640;0;0,029528205946517207;0;0,0747317928770571;0;0,8774040967182958;0;0;0,01833590445812986
534500;32,982;-45,0;-1;-1;20269;27007;27681;60988;85425;304228;231;454;9666;0;0,029390566796285253;0;0,0743081646227552;0;0,8781176764277103;0;0;0,01818359215324917
536000;33,059;-45,0;-1;-1;20269;27065;27681;61092;85425;305535;231;454;9697;0;0,028821610145857827;0,026582746792141274;0,07282076622784127;0;0,8539926146253795;0;0;0,017782262208780066
537500;33,122;-38,0;-1;-1;20269;27104;27711;61208;85425;306810;231;454;9737;0;0,02633785281673016;0,024323394723240098;0;0,14395470749337616;0,7892223570609231;0;0;0,016161687905730464
539000;33,17;-42,0;-1;-1;20269;27134;27750;61208;85634;308010;231;454;9759;0,14584026158464822;0,10605954729117938;0,09788421073485952;0;0,5852710337448417;0;0;0;0,06494494664447112
540500;33,466;-18,0;-1;-1;20490;27249;27888;61208;86535;308010;231;454;9884;0,16154903579724136;0;0,11008801854088476;0;0,6564838389732066;0;0;0;0,0718791066886671
542000;33,539;-26,0;-1;-1;20722;27249;28071;61208;87472;308010;231;454;10032;0,15196502758986347;0;0,119134516491687;0;0,6361999144146904;0;0;0;0,09270054150375905
543500;33,616;-30,0;-1;-1;20941;27249;28243;61208;88461;308010;231;454;10152;0,11463634612016955;0;0,09135475224374295;0,2333736424707064;0,49067042436028485;0;0;0;0,06996483480509631
545000;33,69;-23,0;-1;-1;21118;27249;28380;61571;89182;308010;231;454;10254;0,031712794569598746;0;0,02714503408561197;0;0,1376968730462843;0,7841269497798788;0;0;0,019318348518626145
546500;33,766;-35,0;-1;-1;21164;27249;28419;61571;89383;309192;231;454;10286;0,03563764285778299;0,017454824396884738;0,032423637934088395;0;0;0,8928194410677442;0;0;0,021664453743499592
548000;33,841;-26,0;-1;-1;21217;27273;28482;61571;89383;310520;231;454;10318;0,03645190257112008;0,018926071405020433;0;0;0;0,9224865582844161;0;0;0,02213546773944346
549500;33,917;-35,0;-1;-1;21282;27302;28482;61571;89404;311894;234;455;10351;0,03605373171126528;0,018867756894299773;0;0;0;0,9231633313011365;0;0;0,021915180093298424
551000;33,993;-36,0;-1;-1;21331;27338;28482;61571;89404;313268;234;455;10392;0,03542340620095235;0,019602564833317727;0;0;0;0,9235321401827881;0;0;0,021441888782941943
552500;34,068;-36,0;-1;-1;21377;27361;28482;61571;89404;314659;234;455;10432;0,03052316869925645;0,01653233315185527;0;0,06057320981733234;0,12828668078958294;0,7442935673786613;0;0;0,01979104016331175
554000;34,15;-34,0;-1;-1;21434;27378;28482;61657;89615;315758;234;455;10462;0,03354521667296982;0,018306350094739687;0,029291490318830514;0,06688558339885384;0;0,8302142752193992;0;0;0,021757084295206973
555500;34,228;-27,0;-1;-1;21475;27404;28530;61760;89615;317000;234;455;10502;0,0333272286820207;0,01920288482999205;0;0,06938595422060234;0;0,8532203981477089;0;0;0,02486353411967607
557000;34,305;-35,0;-1;-1;21523;27429;28530;61859;89615;318287;234;455;10543;0,0359886098669155;0,019322310013479862;0;0,07110073197231617;0;0,8735883481472885;0;0;0
558500;34,38;-36,0;-1;-1;21585;27459;28530;61959;89615;319595;234;455;10543;0,03788012170791925;0,019017659873431573;0;0,06982856873312135;0;0,8732736496855278;0;0;0
560000;34,453;-39,0;-1;-1;21646;27496;28530;62064;89615;320892;234;455;10543;0,03778750659264593;0,019084497314252304;0;0,0699458598267608;0;0,873182136266341;0;0;0
561500;34,529;-40,0;-1;-1;21708;27524;28530;62179;89615;322187;234;455;10543;0,03248782699593339;0,017362845549691464;0;0,06037302621424084;0,12251787861786528;0,7672584226222691;0;0;0
563000;34,604;-32,0;-1;-1;21752;27552;28530;62277;89808;323324;234;455;10543;0,03471762209549777;0,018639853002978126;0,027291514960121492;0,06601162433624332;0;0,8303168243624522;0;0;0,02302256124270713
564500;34,681;-35,0;-1;-1;21793;27572;28576;62363;89808;324593;234;455;10581;0,03654316453262428;0,019713464397208707;0,028776640297457898;0;0;0,8908403667823709;0;0;0,02412636399033829
566000;34,762;-39,0;-1;-1;21844;27600;28607;62365;89833;325950;236;455;10615;0;0,020197360224222975;0,029461001624639733;0;0;0,9257983864233034;0;0;0,02454325172783398
567500;34,836;-37,0;-1;-1;21844;27633;28650;62365;89833;327336;236;455;10653;0;0,0199001103936859;0,028981735575340388;0;0;0,9271247354518476;0;0;0,02399341857912617
569000;34,913;-38,0;-1;-1;21844;27661;28691;62365;89833;328723;236;455;10697;0;0,01940349829421246;0,028201779450010914;0;0;0,9257638720849057;0;0;0,02663085017087083
570500;34,985;-39,0;-1;-1;21844;27686;28726;62365;89833;330129;236;455;10731;0;0,018310426433983007;0,02657458553544573;0,06532431420604747;0;0,8648400183616894;0;0;0,02495065546283431
572000;35,061;-42,0;-1;-1;21844;27720;28763;62462;89833;331427;236;455;10765;0,11276481873491036;0,06051075176735114;0,08774388089150732;0,215508881138585;0,4415608167749242;0;0;0;0,08191085069272201
573500;35,137;-21,0;-1;-1;22030;27807;28891;62768;90489;331427;236;455;10902;0,12711199201301687;0,06471298306763719;0,09329686966664641;0,2384529464174589;0,47642520883524075;0;0;0;0
575000;35,212;-28,0;-1;-1;22240;27912;29024;63094;91215;331427;236;455;10902;0,1746263759470324;0,08459897889539975;0,12147530095602431;0;0,6192993442015435;0;0;0;0
576500;35,285;-30,0;-1;-1;22492;28051;29215;63094;92133;331427;236;455;10902;0,18231659192876815;0,0844482348877138;0,12032502253837227;0;0,6129101506451458;0;0;0;0
578000;35,358;-25,0;-1;-1;22771;28180;29414;63094;93026;331427;236;455;10902;0,03665515211114773;0,01797453803207445;0,02303777963997017;0;0,12626797971501547;0,7960645505017921;0;0;0
579500;35,434;-34,0;-1;-1;22826;28200;29437;63094;93207;332648;236;455;10902;0,0406794967685598;0,02007787361552198;0,025717329035097644;0;0;0,888741123978659;0;0;0,024784176602161544
581000;35,508;-30,0;-1;-1;22879;28228;29472;63094;93207;333987;236;455;10947;0;0,01933438542906036;0,024735166584035156;0,06605558094624325;0;0,8662396499668078;0;0;0,0236352170738533
582500;35,587;-34,0;-1;-1;22882;28268;29507;63188;93227;335292;238;456;10978;0;0,020777802820953494;0,02657534085074864;0;0;0,927377832613017;0;0;0,02526902371528079
584000;35,66;-39,0;-1;-1;22882;28306;29550;63188;93227;336670;238;456;11019;0;0,02078308085475717;0,02655668433574696;0;0;0,9275802129774159;0;0;0,025080021832079986
585500;35,735;-26,0;-1;-1;22882;28344;29584;63188;93227;338064;238;456;11053;0;0,018111879697810012;0,024484515733858223;0;0,12803864318947042;0,8076441930595548;0;0;0,02172076831930655
587000;35,814;-41,0;-1;-1;22882;28370;29620;63188;93418;339276;238;456;11088;0,04043734141486066;0,019826160446633538;0,02675971393723313;0;0;0,8893778364909108;0;0;0,023598947710361914
588500;35,89;-41,0;-1;-1;22937;28410;29665;63188;93418;340605;238;456;11119;0,04160507757730442;0,020495576322758974;0,027631155752814086;0;0;0,9102681903471225;0;0;0
590000;35,967;-38,0;-1;-1;22993;28446;29713;63188;93418;341965;238;456;11119;0,038341939585954984;0,0189861232790637;0,025546052293016;0,0657936205127161;0;0,8513322643292492;0;0;0
591500;36,056;-29,0;-1;-1;23056;28476;29746;63291;93418;343236;238;456;11119;0,042958384446118596;0,020010971236587793;0,02690594885197668;0;0;0,9101246954653168;0;0;0
593000;36,13;-36,0;-1;-1;23126;28512;29778;63291;93418;344598;238;456;11119;0,04259698185391804;0,019991351837078414;0,028413536769891723;0;0;0,9089981295391117;0;0;0
594500;36,207;-29,0;-1;-1;23183;28545;29833;63291;93418;345953;238;456;11119;0,03579600186717214;0,017717514596020736;0,023946898048660015;0;0,12208060794333982;0,7802051649653589;0;0;0,02025381257944851
596000;36,285;-32,0;-1;-1;23232;28562;29874;63291;93611;347128;238;456;11144;0,04021005322303549;0,020015311766882538;0,026978592645294196;0;0;0,8867630204228241;0;0;0,02603302194196362
597500;36,363;-33,0;-1;-1;23293;28595;29915;63291;93611;348449;238;456;11188;0,04335080954746697;0,02032034028328639;0,027354355326719596;0;0;0,908974494842527;0;0;0
599000;36,44;-30,0;-1;-1;23364;28618;29949;63294;93634;349825;238;456;11188;0,042169619371748956;0,020884765480359037;0,02679032764176537;0;0;0,9101552875061266;0;0;0
600500;36,515;-36,0;-1;-1;23433;28642;29998;63294;93634;351183;238;456;11188;0,04155633696410622;0,019428661617404218;0,02485147372048776;0,06199722853953707;0;0,8521662991584648;0;0;0
602000;36,592;-36,0;-1;-1;23499;28664;30046;63385;93634;352456;238;456;11188;0,04347899812687699;0,020481588704734016;0,02612368637531904;0;0;0,90991572679307;0;0;0
603500;36,667;-37,0;-1;-1;23558;28701;30082;63385;93634;353824;238;456;11188;0,0415301163369266;0,019670289972710954;0,025077681712296504;0;0;0,8892900610200543;0;0;0,024431850958011713
605000;36,744;-32,0;-1;-1;23626;28732;30110;63385;93634;355164;238;456;11221;0,03944532116051331;0,017649487423289808;0,02249899454905643;0;0,11696698071759443;0,803439216149546;0;0;0
606500;36,821;-34,0;-1;-1;23679;28759;30142;63385;93818;356368;238;456;11221;0,04465508136234119;0,020092937418165997;0,025591206693703055;0;0;0,9096607745257898;0;0;0
608000;36,896;-37,0;-1;-1;23746;28779;30175;63385;93818;357748;238;456;11221;0,04322990234767501;0,01960932893070215;0,024934844842024267;0;0;0,9122259238795987;0;0;0
609500;36,973;-37,0;-1;-1;23820;28808;30216;63385;93818;359104;238;456;11221;0,04257623550206503;0,01947048875053972;0,024714141252117985;0;0;0,9132391344952773;0;0;0
611000;37,046;-39,0;-1;-1;23881;28830;30259;63385;93818;360478;238;456;11221;0,042592449006711997;0,019609540619290326;0,024826083006899338;0;0;0,9129719273670983;0;0;0
612500;37,121;-30,0;-1;-1;23949;28859;30298;63385;93818;361842;238;456;11221;0,038668842155706984;0,017934755108103842;0,022671568171663773;0,05804170175734189;0;0,8402903549898169;0;0;0,022392777817366656
614000;37,2;-35,0;-1;-1;24018;28890;30336;63472;93818;363093;238;456;11245;0,0412313165213196;0,018083959809230526;0;0,05963310243447641;0;0,8585557603764676;0;0;0,022495860858505936
615500;37,278;-36,0;-1;-1;24068;28915;30336;63577;93838;364370;240;456;11291;0;0,01866389676716584;0;0,06261309466581667;0;0,8957421962529287;0;0;0,022980812314088765
617000;37,355;-38,0;-1;-1;24068;28937;30336;63660;93838;365714;240;456;11342;0;0,01669919595111167;0;0,05590608759224708;0,11156402760855116;0,7955123827630841;0;0;0,020318306085005945
618500;37,432;-37,0;-1;-1;24068;28964;30336;63735;94015;366909;240;456;11368;0;0,018612052328022932;0;0,06348348461845066;0;0,8953569907329193;0;0;0,022547472320607075
620000;37,507;-31,0;-1;-1;24068;28990;30336;63852;94015;368237;240;456;11397;0;0,0180871535495218;0,023045417201997386;0,061480219519334904;0;0,8758006315037771;0;0;0,021586578225368854
621500;37,585;-42,0;-1;-1;24068;29020;30367;63941;94015;369553;240;456;11431;0,040400708873945076;0,017645942101345145;0,022472666437361156;0,06108384148969476;0;0,8583968410976538;0;0;0
623000;37,66;-32,0;-1;-1;24130;29048;30392;64031;94015;370848;240;456;11431;0,041941125004978874;0,018436091627877373;0,024801402080862466;0;0;0,9148213812862813;0;0;0
624500;37,736;-33,0;-1;-1;24192;29078;30434;64031;94015;372214;240;456;11431;0,04138640378360559;0,01830814943218402;0,02458943155