Iteration;Time;BestFitness;LastCalledHeur;IsRelay;NumOfMoves-LLH0;NumOfMoves-LLH1;NumOfMoves-LLH2;NumOfMoves-LLH3;NumOfMoves-LLH4;NumOfMoves-LLH5;NumOfMoves-LLH6;NumOfMoves-LLH7;NumOfMoves-LLH8;LAProb-LLH0;LAProb-LLH1;LAProb-LLH2;LAProb-LLH3;LAProb-LLH4;LAProb-LLH5;LAProb-LLH6;LAProb-LLH7;LAProb-LLH8;
2000;0,683;-33,0;-1;-1;57;176;50;211;729;722;16;46;61;0;0,021222506359363597;0;0,03730969370749879;0,43630664872978975;0,4912109802861516;0;0;0,013950170917196218
3500;1,037;-23,0;-1;-1;57;300;50;422;1662;866;16;46;149;0;0,05681597494077951;0;0,29994284091251194;0,6089865551017916;0;0;0;0,03425462904491708
5000;1,188;-35,0;-1;-1;61;366;55;694;2806;869;25;47;186;0;0,14034030855620658;0;0,35441421716669813;0,476983573675205;0;0;0;0,028261900601890263
6500;1,363;-37,0;-1;-1;61;442;55;1060;3788;869;25;47;262;0;0,04999412548014972;0;0,24356568221068162;0,6552853691669122;0;0;0;0,05115482314225639
8000;1,491;-35,0;-1;-1;61;570;55;1685;4439;869;25;47;358;0,042338622469058965;0,06654692366129439;0,0016314732773063628;0,584177754964235;0,24146809875840025;0;0,001856698227020781;6,696460003019716E-4;0,06131078264238246
10000;1,689;-28,0;-1;-1;131;757;62;2526;5110;876;35;52;599;0;0;0,0025908352171453114;0;0,5100527300584218;0,08689313830811472;0,002696102543651538;0,0010472245975409412;0,39671996927512565
11500;1,805;-36,0;-1;-1;131;757;64;2526;6094;1055;39;54;928;0;0;0,003686314835787515;0;0,8013267033367958;0,19034684198156673;0,0032184381120276464;0,0014217017338222582;0
13000;1,928;-39,0;-1;-1;131;757;69;2526;7171;1466;43;57;928;0;0;0,005420109283808819;0;0;0,9880141599311433;0,004518028987733034;0,0020477017973148178;0
14500;2,028;-39,0;-1;-1;131;757;82;2526;7171;2935;56;62;928;0;0;0,010913822538211616;0;0;0,9769603769398604;0,008074092100740558;0,004051708421187514;0
16000;2,137;-38,0;-1;-1;133;759;94;2531;7174;4425;66;66;930;0;0,07368858226977303;0,001707111353048019;0,11692638548620816;0;0,8062606529579782;0,001417267932992776;0;0
17500;2,231;-35,0;-1;-1;133;858;96;2666;7174;5688;67;66;930;0,014761231150797959;0,07769050753889208;0,0011062817488631637;0;0;0,8400285067504396;0;0;0,06641347281100729
19000;2,329;-36,0;-1;-1;152;947;96;2666;7174;6986;67;66;1024;0,006394047236924083;0,03358902075751939;0;0;0,1864252932403794;0,7459645275973751;0;0;0,027627111167802074
20500;2,431;-37,0;-1;-1;160;994;96;2666;7390;8171;67;66;1068;0,003993908558389192;0,020757200668772263;0;0;0;0,9585853345434574;0;0;0,01666355622938114
22000;2,534;-36,0;-1;-1;167;1020;96;2666;7390;9603;67;66;1103;0,0039579642274871546;0,020843867651453917;0;0;0;0,9588277096777088;0;1,0740931898988213E-4;0,016263049124360093
23500;2,643;-29,0;-1;-1;175;1058;98;2673;7392;11046;68;69;1129;0,003787883311751185;0;0;0;0;0,9796885687773093;2,97839570738963E-4;1,0803885590008027E-4;0,01611766948430046
25000;2,784;-37,0;-1;-1;181;1058;98;2673;7392;12515;68;69;1154;0,004488499294237905;0;0,007209524056575743;0,056562701355687056;0;0,9126809079900915;0;0;0,019058367303407864
26500;2,879;-34,0;-1;-1;193;1058;111;2742;7392;13881;68;69;1194;0,0039027242679794726;0;0,0064928032238524445;0;0;0,9728958249689063;0;0;0,01670864753926188
28000;2,969;-39,0;-1;-1;199;1058;118;2742;7392;15348;68;69;1214;0,0028128029101729683;0;0;0;0,10404321470048812;0,881103661656111;0;0;0,012040320733227914
29500;3,06;-41,0;-1;-1;203;1058;118;2742;7539;16681;68;69;1230;0,003113680958899279;0,02008531732828195;0;0;0,11311158394644888;0,8503460019802042;0;0;0,013343415786165769
31000;3,157;-33,0;-1;-1;208;1079;118;2742;7658;18021;68;69;1245;0,00224766188802155;0,01452046540848205;0;0;0;0,9734398884829847;0;7,89773688850624E-5;0,00971300685162658
32500;3,256;-40,0;-1;-1;213;1104;122;2743;7659;19474;69;74;1273;0,0845153884377992;0,5436532604140129;0;0;0;0;0,00836307305555152;0,0029464830236019296;0,36052179506903437
34000;3,356;-41,0;-1;-1;324;1987;122;2743;7659;19474;87;80;1755;0,08357245431478594;0,6356683977775314;0,26957999273375655;0;0;0;0,011179155173926229;0;0
35500;3,449;-41,0;-1;-1;470;2959;479;2743;7659;19474;112;80;1755;0,018691336195006906;0,10669033660413793;0,04038247880523374;0,8342358483956215;0;0;0;0;0
37000;3,535;-18,0;-1;-1;512;3136;569;3934;7659;19474;112;80;1755;0,0037861731306715347;0,022329575302874417;0,007883684412149532;0,41192109423964673;0,5540794729146578;0;0;0;0
38500;3,626;-35,0;-1;-1;518;3150;580;4573;8489;19474;112;80;1755;5,266918765630767E-4;0,003146564047951447;0;0,10297896126177662;0,1240132134493788;0,7693345693643301;0;0;0
40000;3,717;-37,0;-1;-1;519;3159;580;4718;8663;20645;112;80;1755;5,27264502411744E-4;0,0031391191341255532;0;0,09562568226256389;0;0,8965994847803809;0;6,405136680305337E-5;0,00404439795371485
41500;3,808;-24,0;-1;-1;519;3161;580;4867;8663;21993;112;80;1756;0;0,002595505022131927;0;0,08622536713004658;0;0,9077386197030199;9,526036569279173E-5;0;0,0033452477791085238
43000;3,902;-37,0;-1;-1;523;3169;581;4982;8665;23376;115;83;1762;0;0,0027990093988994043;0;0;0;0,9934979037360135;1,0040196392422546E-4;0;0,003602684901162765
44500;3,992;-36,0;-1;-1;523;3171;581;4982;8665;24864;115;83;1772;0;0,002660361001142137;9,409511908470012E-4;0;0;0,9930120668091286;0;0;0,0033866209988824385
46000;4,092;-38,0;-1;-1;523;3173;584;4982;8665;26355;115;83;1776;0;0,0023857575769877497;8,395699110844322E-4;0;0,09089546945051401;0,9028514432511434;0;0;0,0030277598102704277
47500;4,199;-39,0;-1;-1;523;3176;584;4982;8806;27707;115;83;1780;3,287299940085895E-4;0,0019658320426984154;0;0;0,07740566006817869;0,9178410027007842;0;0;0,002458775194330136
49000;4,303;-35,0;-1;-1;524;3176;584;4982;8928;29078;115;83;1786;2,930605297969533E-4;0;0;0,055569503867308044;0,07199521841355795;0,8699207839683006;0;3,545877706690865E-5;0,002185974443969479
50500;4,407;-39,0;-1;-1;525;3176;584;5054;9040;30388;115;83;1791;3,2616774918965745E-4;0;0;0,05940565498788229;0,07733759908111615;0,8604314350712045;7,103393374478506E-5;0;0,0024281091768625293
52000;4,514;-34,0;-1;-1;525;3176;584;5157;9152;31671;115;83;1793;0;0;0;0,06557366579936408;0,08124886771311472;0,8507378260292219;0;0;0,002439640458299329
53500;4,614;-37,0;-1;-1;525;3176;584;5265;9279;32934;115;83;1795;0;0;7,652111688910187E-4;0,06731631202685245;0,08487658857248868;0,8443766253208028;0;0;0,0026652629109650276
55000;4,723;-36,0;-1;-1;530;3179;586;5359;9396;34224;117;86;1802;0;0,0022480544965351626;7,916300229014199E-4;0;0,0851411060565905;0,9090747006839998;0;0;0,0027445087399732256
56500;4,81;-17,0;-1;-1;530;3183;587;5359;9515;35597;117;86;1805;0;0,022952558378898428;0,00809398733924147;0;0,9111256070731953;0;0;0;0,057827847208664664
58000;4,9;-37,0;-1;-1;530;3205;593;5359;10937;35597;117;86;1855;0,002518580306099368;0,01508191276905599;0,005345710253328475;0;0,9407754479648235;0;0;0;0,03627834870669267
59500;4,967;-24,0;-1;-1;536;3228;601;5359;12349;35597;117;86;1906;0,0018524498723112243;0,011156004939045248;0,003959674140776464;0;0,9823947700700361;0;4,085074870074429E-4;2,2859349082355394E-4;0
61000;5,039;-37,0;-1;-1;536;3240;608;5359;13830;35597;117;86;1906;0;0,007772805863294827;0,002748131021388645;0,2201804665180911;0,7692985965972254;0;0;0;0
62500;5,122;-39,0;-1;-1;536;3255;616;5709;14957;35597;117;86;1906;0;0,0032524071747486484;7,17204406868625E-4;0,04999183628076139;0,17161195810412863;0,7744265940334927;0;0;0
64000;5,218;-41,0;-1;-1;536;3263;619;5786;15215;36751;117;86;1906;0;0,004214077955640403;9,299398616691672E-4;0,06265993349763684;0;0,9321960486850536;0;0;0
65500;5,305;-41,0;-1;-1;536;3268;620;5892;15215;38139;117;86;1906;0;0,0046491901580804264;0,0010282252986799532;0,06612494670655826;0;0,9212131751619893;0;0;0,006984462674692047
67000;5,4;-40,0;-1;-1;536;3281;620;5989;15215;39520;117;86;1915;4,826395053531644E-4;0,004446655744690275;0;0,06118703610679781;0;0,9272071272282099;0;0;0,0066765414149488455
68500;5,503;-41,0;-1;-1;538;3292;626;6090;15218;40913;118;88;1926;0,006851588250293512;0,062979600873011;0;0,8360351939197073;0;0;0;0;0,09413361695698812
70000;5,594;-41,0;-1;-1;551;3409;626;7301;15218;40913;118;88;2085;0,0016799773200682018;0,014940353388033258;0;0,12587060384532403;0,8369359096019263;0;3,916051603712609E-4;0;0,02018155068427699
71500;5,689;-37,0;-1;-1;553;3430;626;7471;16499;40913;118;88;2111;0,0012321770691815777;0,01086985657599787;0;0,11682305280222549;0,856454655695515;0;0;1,6038638789181046E-4;0,014459871469188215
73000;5,796;-28,0;-1;-1;556;3443;626;7655;17783;40913;118;88;2127;0,0011800848079129846;0,010424674996484095;0,0026065865493259794;0,1057646870767855;0,8662684223679129;0;0;0;0,013755544201578573
74500;5,891;-38,0;-1;-1;558;3479;628;7805;19080;40913;118;88;2140;3,7415936036609866E-4;0,007199145391676268;8,301964978458732E-4;0;0,2759406220575263;0,711316907505647;0;0;0,004338969186938446
76000;5,988;-40,0;-1;-1;558;3487;629;7805;19503;41971;118;88;2150;0;0,006669797121737425;7,727943137699418E-4;0;0,257874035199073;0,7306832641455303;0;0;0,004000109219889416
77500;6,089;-30,0;-1;-1;558;3496;630;7805;19904;43052;118;88;2158;0;0,006409670922691911;7,458276334162179E-4;0;0,25992602046538527;0,7329184809785066;0;0;0
79000;6,172;-41,0;-1;-1;558;3501;631;7805;20255;44195;118;88;2158;0;0,00634740521342331;7,401842710724987E-4;0;0,24448353542773338;0,7484288750877709;0;0;0
80500;6,262;-43,0;-1;-1;558;3506;633;7805;20595;45348;118;88;2158;0;0,006522791786467705;7,600611719268925E-4;0,029543556997123646;0,23808780722389258;0,7250857828205891;0;0;0
82000;6,351;-40,0;-1;-1;558;3511;635;7849;20914;46478;118;88;2158;4,044986521713877E-4;0,007586195580914483;8,83797302460645E-4;0,03901998957150244;0;0,952008317398087;9,720149486409318E-5;0;0
83500;6,46;-39,0;-1;-1;562;3530;639;7911;20918;47901;126;94;2162;4,0209861930348787E-4;0,007567045738028082;8,874179724125941E-4;0;0;0,9864238889405984;9,126440181698196E-5;0;0,004628284327840656
85000;6,557;-38,0;-1;-1;564;3537;639;7911;20918;49385;126;94;2169;3,8502915176919606E-4;0,007260681414796449;0;0;0;0,987925156909383;0;0;0,004429132524051467
86500;6,644;-39,0;-1;-1;564;3549;639;7911;20918;50868;126;94;2174;4,1870236553170816E-4;0,007823907249061807;0;0;0;0,986968633270802;0;0;0,004788757114604497
88000;6,731;-36,0;-1;-1;564;3562;639;7911;20918;52349;126;94;2180;3,174081032885406E-4;0,005874382166721526;0;0;0,2197961292434549;0,7704062399193314;0;0;0,003605840567203688
89500;6,843;-37,0;-1;-1;564;3566;639;7911;21219;53536;126;94;2188;0;0,00604999801062728;0;0,03163533166788279;0,21678323882604375;0,7418410127871311;0;0;0,0036904187083151656
91000;6,935;-44,0;-1;-1;564;3574;639;7957;21508;54685;126;94;2196;0;0,005596649928247686;6,785473048175067E-4;0;0,2135781634944825;0,7766721391113691;6,987795888707923E-5;0;0,003404622202196043
92500;7,029;-39,0;-1;-1;564;3590;639;7957;21826;55844;126;94;2203;0;0,0053715410505335535;0;0;0,21078430343757407;0,780564534108863;0;0;0,003279621403029318
94000;7,215;-36,0;-1;-1;564;3598;639;7957;22135;57019;126;94;2211;0;0,0056202667062171426;0;0;0,18892423166451572;0,802034292339057;0;0;0,003421209290210154
95500;7,35;-39,0;-1;-1;564;3606;639;7957;22386;58254;126;94;2217;3,117567289826098E-4;0,005572608731902223;0;0;0,1722827249485617;0,818440391514005;0;0;0,003392518076548448
97000;7,474;-38,0;-1;-1;564;3617;639;7957;22645;59477;126;94;2224;0;0,005699004958748877;0;0;0,16964472829318047;0,8211880875800385;0;0;0,00346817916803209
98500;7,579;-38,0;-1;-1;564;3623;639;7957;22906;60704;126;94;2230;0;0,00596080623256092;0;0,03184890486841412;0,1716150276602413;0,7869574261487108;0;0;0,0036178350900730365
100000;7,682;-38,0;-1;-1;565;3635;647;8015;23154;61897;129;98;2238;0;0,006842271547849697;8,439046546267483E-4;0,04113382677400171;0;0,9469371058499019;8,705497995619484E-5;0;0,004155836193663502
101500;7,802;-42,0;-1;-1;565;3643;648;8086;23154;63313;130;98;2241;0;0,1315012491365307;0,016282829418525747;0,770516337325155;0;0;0,001639926716109653;0;0,08005965740367901
103000;7,892;-32,0;-1;-1;565;3853;663;9242;23154;63313;134;98;2356;0;0,07926699034215896;0,007587369918060094;0,9131456397397809;0;0;0;0;0
104000;7,957;-35,0;-1;-1;565;3938;676;10144;23154;63313;134;98;2356;0,003919552339115524;0,10908573940497165;0,007784306735173885;0,8792104015207389;0;0;0;0;0
105500;8,067;-35,0;-1;-1;570;4151;681;11421;23154;63313;134;98;2356;0,0014524416490324951;0,03524578977006632;0,0029011159440098457;0,18904806408231817;0,7713525885545731;0;0;0;0
107000;8,204;-28,0;-1;-1;571;4190;683;11696;24337;63313;134;98;2356;3,308708381881263E-4;0;6,611744819753558E-4;0,04693656210258608;0,20776978753224845;0,744301605045002;0;0;0
108500;8,389;-41,0;-1;-1;571;4190;684;11767;24647;64431;134;98;2356;0;0;6,973260032418423E-4;0,051603832973399155;0,22159868867066213;0,7227605329224491;7,297959625223442E-5;0;0,0032666398339956035
110000;8,586;-36,0;-1;-1;571;4190;686;11844;24955;65539;134;98;2361;0;0;7,176257114495443E-4;0,051998024235862375;0,21900873683078195;0,7249190990022405;0;0;0,0033565142196655224
111500;8,723;-38,0;-1;-1;571;4190;687;11927;25266;66639;134;98;2366;0;0;9,940217847091315E-4;0,07017227631375816;0;0,9242021485830054;0;0;0,004631553318527378
113000;8,818;-38,0;-1;-1;571;4190;688;12039;25266;68020;134;98;2372;0;0,011391797508903428;9,512863666481679E-4;0,07697059720184052;0;0,9062716381937346;0;0;0,0044146807288733105
114500;8,917;-39,0;-1;-1;571;4207;689;12134;25266;69403;134;98;2376;5,262981947260736E-4;0,012328995034121616;0,0010393028295601783;0;0;0,9812948154674429;0;0;0,004810588474149203
116000;9,017;-38,0;-1;-1;575;4226;695;12138;25268;70881;138;100;2386;4,913767682551965E-4;0,01153555494095081;9,74267713867991E-4;0;0;0,986998800576926;0;0;0
117500;9,111;-35,0;-1;-1;576;4241;698;12138;25268;72362;138;100;2386;3,7183668868159256E-4;0,008667044491172355;7,349697070781502E-4;0;0,2179150754638058;0,772234850891603;7,622275765902446E-5;0;0
119000;9,207;-36,0;-1;-1;578;4256;699;12138;25584;73526;140;100;2386;3,317791856874991E-4;0,00771229589020105;0;0;0,22827786836958397;0,7636780565545276;0;0;0
120500;9,312;-35,0;-1;-1;579;4272;699;12138;25916;74677;140;100;2386;2,893585829497144E-4;0,006688571239398649;0;0,04648949467714527;0,1970501880027218;0,7494823874977844;0;0;0
122000;9,402;-42,0;-1;-1;579;4280;699;12204;26198;75821;140;100;2386;0;0,00672799439978137;0;0,046246815165317354;0,19764008380306317;0,7466548272471321;0;0;0,0027302793847059797
123500;9,501;-41,0;-1;-1;579;4291;699;12278;26505;76924;140;100;2391;0;0,007863881457948434;0;0,0578375008052062;0;0,9310996807299714;0;0;0,0031989370068738884
125000;9,589;-31,0;-1;-1;579;4299;699;12373;26505;78317;140;100;2395;0;0,0077687034565067595;6,839590627335094E-4;0,05613615430126701;0;0,9322467713740575;0;0;0,0031644118054353744
126500;9,683;-36,0;-1;-1;579;4316;699;12473;26505;79693;140;100;2402;0;0,00790590228720747;0;0,05637760694670507;0;0,9324852595522874;0;0;0,003231231213799801
128000;9,769;-39,0;-1;-1;579;4325;699;12549;26505;81106;140;100;2404;3,6786730317029477E-4;0,008206192458030098;0;0,0577761823945657;0;0,9302082459555775;7,489772157203605E-5;0;0,003366614167084472
129500;9,866;-39,0;-1;-1;579;4342;699;12638;26505;82491;140;100;2413;0;0,007151566822070683;0;0;0,21549589562892368;0,7744132353608962;0;0;0,0029393021881094264
131000;9,963;-41,0;-1;-1;579;4348;699;12638;26847;83642;140;100;2414;0;0,006925846375018707;0;0;0,2172706985329101;0,7729479945494555;0;0;0,0028554605426158335
132500;10,056;-37,0;-1;-1;582;4358;701;12643;27200;84783;142;104;2420;0;0,006878050094749077;0;0;0,21918653185071324;0,7710995003229747;0;0;0,0028359177315630674
134000;10,148;-37,0;-1;-1;582;4365;701;12643;27530;85946;142;104;2420;0;0,006772338786777225;6,206133699655314E-4;0;0,21420445483197265;0,7755958776069787;0;0;0,002806715404305823
135500;10,25;-38,0;-1;-1;582;4374;702;12643;27855;87107;142;104;2424;0;0,007740974881089161;7,126280711526585E-4;0,055006323182553656;0;0,9333249720627396;0;0;0,003215101802464985
137000;10,336;-35,0;-1;-1;582;4388;704;12733;27855;88496;142;104;2429;3,7198827268956604E-4;0,00803998545742903;7,437832568649632E-4;0;0;0,9874933493084116;0;0;0,003350893704604837
138500;10,426;-41,0;-1;-1;583;4404;705;12733;27855;89975;142;104;2432;0,029842210517292554;0,641446114520464;0,05977667967192468;0;0;0;0;0;0,2689349952903189
140000;10,514;-41,0;-1;-1;644;5342;799;12733;27855;89975;142;104;2839;0,037260521365655976;0,6050256628631939;0,07552568534342917;0;0;0;0,009170500600982453;0;0,27301762982673833
141500;10,604;-41,0;-1;-1;696;6223;914;12733;27855;89975;156;104;3277;0,0010427424868011965;0,013318160891428578;0,0020055880806755973;0;0,9833731375503865;0;2,6037099070817007E-4;0;0
143000;10,706;-33,0;-1;-1;696;6248;915;12733;29329;89975;156;104;3277;0;0,011601939079121859;0,001766951948385888;0;0,9866311089724922;0;0;0;0
144000;10,759;-35,0;-1;-1;696;6257;917;12733;30318;89975;156;104;3277;0;0,0025501169281454917;3,887655515242549E-4;0,04354043352144909;0,20627262079876652;0,7472480632001147;0;0;0
145500;10,85;-39,0;-1;-1;696;6262;917;12798;30639;91084;156;104;3277;0;0,002615500687622315;0;0,04404695031067828;0,20462499052350505;0,7487125584781943;0;0;0
147000;10,934;-43,0;-1;-1;696;6268;917;12861;30950;92204;156;104;3277;0;0,0026674393803212677;0;0,04440478579834626;0,2028757364757468;0,7488156477233032;0;0;0,0012363906222824358
148500;11,032;-43,0;-1;-1;701;6274;919;12925;31273;93314;160;106;3283;2,7482459928793434E-4;0,0034835645649747187;0;0,057226177754039036;0;0,9373373613451055;6,699824012679366E-5;0;0,0016110734964660677
150000;11,124;-43,0;-1;-1;701;6276;919;13013;31273;94723;160;106;3284;2,8831053418488996E-4;0,0036500028958750884;0;0,058758236186584156;0;0,9355447372121016;7,029630389630369E-5;0;0,0016884168673580323
151500;11,222;-18,0;-1;-1;701;6277;919;13109;31273;96124;160;106;3286;0;0,003769629821024198;5,786958671401281E-4;0,05925568483227688;0;0,934655691301065;0;0;0,0017402981784938357
153000;11,308;-38,0;-1;-1;701;6281;920;13187;31273;97536;160;106;3291;0;0,004004786235667593;6,148865426728109E-4;0;0;0,9935366820606916;0;0;0,0018436451609679624
154500;11,387;-37,0;-1;-1;701;6286;920;13187;31273;99029;160;106;3293;0;0,003035332419041214;4,6721261806470705E-4;0;0,2243199147282324;0,7707794002789894;0;0;0,0013981399556722237
156000;11,472;-37,0;-1;-1;701;6296;921;13187;31616;100174;160;106;3294;0;0,0031376237696641223;4,842180461479202E-4;0;0,22611128467613292;0,7702668735080551;0;0;0
157500;11,557;-38,0;-1;-1;701;6301;922;13187;31935;101349;160;106;3294;2,339635541747011E-4;0,0029250945030299814;4,51872258183323E-4;0;0,2142477682880622;0,7820842115643176;5,708983223216927E-5;0;0
159000;11,65;-37,0;-1;-1;702;6304;924;13187;32258;102520;160;106;3294;2,1926480132743235E-4;0,0027449132529999212;4,2307425543527954E-4;0,04289947630384381;0,19936130489480458;0,7543519664915891;0;0;0
160500;11,741;-29,0;-1;-1;702;6308;926;13256;32560;103643;160;106;3294;0;0,0027338656192088854;4,210434827379069E-4;0,04216433945010041;0,1930922164440488;0,761588535003904;0;0;0
162000;11,83;-36,0;-1;-1;702;6316;926;13320;32849;104782;160;106;3294;0;0,0027596102426322247;0;0,04210278388437775;0,19020030347017755;0,7636489346469133;0;0;0,0012883677558992643
163500;11,921;-42,0;-1;-1;702;6317;926;13395;33118;105935;160;106;3296;0;0,003480865894404322;0;0,052226591517265115;0;0,9426694290460563;0;0;0,0016231135422741937
165000;12,011;-39,0;-1;-1;706;6327;932;13467;33120;107359;163;107;3304;0;0,003445912017745733;0;0,051122631833020286;0;0,9438266738400661;0;0;0,0016047823091678822
166500;12,096;-41,0;-1;-1;706;6334;932;13545;33120;108772;163;107;3306;2,835954791631952E-4;0,0035449982748249316;0;0,05185407049446725;0;0,9425944759295776;6,866330853701846E-5;0;0,0016541965134300402
168000;12,19;-42,0;-1;-1;706;6336;932;13606;33120;110205;164;107;3309;0;0,003674942086462291;5,684386595000515E-4;0,05308221002454669;0;0,9408901564215693;7,080222520109713E-5;0;0,0017134505827206435
169500;12,28;-42,0;-1;-1;706;6341;934;13686;33120;111615;165;107;3311;0;0,0031684849282327806;4,898200703298771E-4;0;0,21493530093611152;0,7799275110086928;0;0;0,0014788830566330033
171000;12,368;-35,0;-1;-1;706;6343;934;13686;33422;112808;165;107;3314;0;0,003144504509684103;0;0;0,21685943375255443;0,7785298645147619;0;0;0,0014661972229995548
172500;12,466;-40,0;-1;-1;706;6347;934;13686;33745;113979;165;107;3316;0;0,003230660000423144;0;0;0,2212437499170379;0,7740181014475916;0;0;0,0015074886349473531
174000;12,55;-40,0;-1;-1;706;6352;934;13686;34061;115155;165;107;3319;0;0,0033308465013243676;0;0;0,22201801021021386;0,77309661783194;0;0;0,0015545254565217798
175500;12,636;-43,0;-1;-1;706;6355;934;13686;34386;116324;165;107;3322;2,6239601379140516E-4;0,003235678558759542;0;0,046380627452410554;0,21866784912010406;0,7298822230609436;6,232426169289914E-5;0;0,0015089015322978948
177500;12,766;-45,0;-1;-1;706;6362;934;13774;34842;117773;165;107;3322;0;0,0033453848645307958;5,235378375742464E-4;0,04716353695288269;0,2169988769491307;0,7319686633958816;0;0;0
179000;12,856;-45,0;-1;-1;706;6369;935;13849;35169;118863;165;107;3322;0;0,0036113248444094395;5,661807258973825E-4;0;0,22784218186253077;0,7679803125671625;0;0;0
180500;12,94;-35,0;-1;-1;706;6381;939;13849;35522;119994;165;107;3322;0;0,003574746046458453;5,60050765637982E-4;0;0,22469340123722537;0,7711718019506782;0;0;0
182000;13,024;-38,0;-1;-1;714;6389;942;13851;35850;121165;171;113;3325;0;0,0036269305699426083;5,676936766432756E-4;0;0,22263981664981988;0,7731655591035942;0;0;0
183500;13,105;-32,0;-1;-1;714;6394;942;13851;36169;122341;171;113;3325;0;0,0035985122470779314;5,647048898860961E-4;0;0,21539136901999503;0,7787389441747936;0;0;0,001706469668247297
185000;13,19;-41,0;-1;-1;714;6397;943;13851;36481;123525;171;113;3325;0;0,003453835884616862;5,419212131480967E-4;0,0486240462274481;0,20142439001878937;0,7458910712163679;6,473543962962965E-5;0;0
186500;13,262;-41,0;-1;-1;714;6403;946;13920;36782;124646;171;113;3325;3,5552333632839667E-4;0,0044149249087505555;6,90912654268354E-4;0,06160997035914051;0;0,9329286687415123;0;0;0
188000;13,325;-40,0;-1;-1;717;6409;946;14006;36782;126051;171;113;3325;3,418485283324488E-4;0,004264795981651001;0;0,058903891428927754;0;0,9364894640610888;0;0;0
189500;13,384;-36,0;-1;-1;717;6412;946;14093;36782;127461;171;113;3325;3,2943324558840076E-4;0,004105044427024655;0;0,056035138338447005;0;0,93953038398894;0;0;0
191000;13,445;-37,0;-1;-1;718;6418;946;14172;36782;128875;171;113;3325;3,1658383795872254E-4;0,003946382519839466;0;0,05337084920338183;0;0,94236618443882;0;0;0
192500;13,51;-40,0;-1;-1;718;6426;946;14258;36782;130281;171;113;3325;2,6169386600466014E-4;0,003250942739484701;0;0,0435036292515411;0,18743226030363933;0,7639913804927714;0;0;0,0015600933465587284
194000;13,582;-23,0;-1;-1;718;6430;946;14325;37069;131421;171;113;3327;0;0,003211583458965611;5,077213764409057E-4;0,04256548127080793;0,1819147722511143;0,7702586816087068;0;0;0,0015417600339643984
195500;13,65;-35,0;-1;-1;718;6435;948;14392;37309;132605;171;113;3329;0;0,0036649958632211646;5,787881062826901E-4;0,05205266460869723;0;0,9418741214952405;6,975426452084308E-5;0;0,0017596756620375845
197000;13,742;-36,0;-1;-1;718;6440;949;14461;37309;134028;171;113;3331;0;0,0035256722819898617;5,572438891444531E-4;0,049129526988305;0;0,9450942192032281;0;0;0,0016933376373325826
198500;13,839;-35,0;-1;-1;721;6451;957;14529;37311;135453;175;115;3336;0;0,003658065471074017;5,75174330305505E-4;0;0;0,9940031128174016;0;0;0,0017636473812187555
200000;13,926;-38,0;-1;-1;721;6460;958;14529;37311;136937;175;115;3342;2,941523303680725E-4;0,003615617992629222;5,712577572232978E-4;0;0;0,9937728213699513;0;0;0,0017461505498280552
201500;14,016;-37,0;-1;-1;722;6464;958;14529;37311;138431;175;115;3343;2,4182079370998937E-4;0,002976122611465113;0;0;0,17258483522081255;0,8227585693591362;0;0;0,0014386520148761612
203000;14,105;-40,0;-1;-1;722;6469;958;14529;37562;139675;175;115;3343;0;0,003056703281303329;0;0;0,1729560529457938;0,8239872437729029;0;0;0
204000;14,16;-41,0;-1;-1;722;6471;958;14529;37732;140503;175;115;3343;0;0,0029827549590892488;0;0,04166633922742865;0,16587374530569363;0,7894771605077885;0;0;0
205500;14,252;-30,0;-1;-1;722;6475;958;14588;37957;141715;175;115;3343;0;0,002995656604285817;0;0,04132862772380527;0,16710048013448067;0,7885752355374283;0;0;0
207000;14,406;-42,0;-1;-1;722;6481;958;14659;38215;142880;175;115;3343;0;0,003065465391022463;4,894196544469802E-4;0,041626400088863015;0,17489011961848147;0,7798701297887707;5,846545841543566E-5;0;0
208500;14,505;-44,0;-1;-1;722;6486;958;14726;38470;144053;175;115;3343;2,572677640745803E-4;0,003128856988597307;0;0,042026619666713026;0,17825342746843184;0,7748049449615309;0;0;0,0015288831506524278
210000;14,633;-34,0;-1;-1;722;6491;958;14788;38755;145198;175;115;3346;0;0,0031589262513979023;0;0,04198723372893188;0,17573445893164497;0,7775756332932297;0;0;0,0015437477947954983
211500;14,712;-41,0;-1;-1;722;6496;958;14854;39027;146352;175;115;3349;0;0,0038322092663179057;0;0,05040318411145913;0;0,943891352293961;0;0;0,0018732543282620725
213000;14,81;-36,0;-1;-1;722;6504;958;14936;39027;147760;175;115;3351;0;0,0038288067678550123;0;0,04968045124113505;0;0,9446145353788362;0;0;0,0018762066121737074
214500;14,901;-37,0;-1;-1;724;6508;963;14998;39032;149200;179;117;3358;0;0,0038116342526288436;0;0,048880420366372496;0;0,945446616557629;0;0;0,001861328823369787
216000;15,032;-35,0;-1;-1;724;6514;963;15067;39032;150624;179;117;3359;0;0,0029293147930667092;6,111975804471336E-4;0,04811594823512016;0;0,946487578979917;0;0;0,0018559604114490424
217500;15,173;-40,0;-1;-1;724;6519;965;15145;39032;152038;179;117;3360;0,0012041704302632472;0,011187273766057266;0,002333206616318328;0,1813722856069492;0,7968048198879196;0;0;0;0,007098243692492292
219000;15,281;-37,0;-1;-1;725;6545;968;15405;40231;152038;179;117;3371;0,0013903839040577256;0,017126870322557258;0,002685285402093252;0;0,970658228313983;0;0;0;0,008139232057308592
220500;15,383;-30,0;-1;-1;727;6575;969;15405;41689;152038;179;117;3380;0,0013903598333329524;0;0,0026970757581271155;0;0,9877810723376808;0;0;0;0,008131492070859149
222000;15,459;-36,0;-1;-1;729;6575;975;15405;43170;152038;179;117;3391;0,0014583400032643105;0;0,0028181337495328893;0;0,9872140962195601;0;0;0;0,00850943002764268
223500;15,547;0,0;-1;-1;731;6575;977;15405;44651;152038;179;117;3406;2,841944355809022E-4;0;5,505873653152733E-4;0;0,17127499779093738;0,8262423711816729;0;0;0,0016478492264936503
225000;15,633;-31,0;-1;-1;732;6575;977;15405;44919;153269;179;117;3406;2,601048020549837E-4;0;0;0,03934831349928244;0,16059989311116765;0,7997916885874948;0;0;0
226500;15,709;-42,0;-1;-1;733;6575;977;15457;45158;154477;179;117;3406;2,582935376973661E-4;0,003226835556440876;0;0,03878862946028004;0,15720482301223973;0,8005214184333419;0;0;0
228000;15,79;-38,0;-1;-1;735;6581;977;15517;45384;155683;179;117;3406;2,6188019177020153E-4;0,0032794458933658;0;0;0,16688052248535223;0,8295781514295117;0;0;0
229500;15,867;-36,0;-1;-1;735;6585;977;15517;45618;156945;179;117;3406;2,604287455138476E-4;0,003254623806300226;0;0;0,1631628144844362;0,8333221329637497;0;0;0
231000;15,95;-36,0;-1;-1;738;6593;980;15519;45879;158192;180;123;3409;2,5587665419196545E-4;0,0032154133848268165;5,054569571774006E-4;0;0,16485006446097944;0,8296575344505849;0;0;0,001515654092239505
232500;16,035;-40,0;-1;-1;739;6597;982;15519;46127;159435;180;123;3411;0,0014965325310790246;0,01882571519727245;0,0029538140530229913;0;0,9678461243551613;0;0;0;0,008877813863464201
234000;16,122;-29,0;-1;-1;740;6617;983;15519;47598;159435;180;123;3418;0,0011346501653534623;0,014198924539492211;0,002242706593514433;0,17183314269984037;0,8105905760017995;0;0;0;0
235500;16,207;-37,0;-1;-1;740;6640;985;15748;48844;159435;180;123;3418;0;0,013945512716761314;0,0022172990594441014;0,1633200430475104;0,8205171451762843;0;0;0;0
237000;16,29;-37,0;-1;-1;740;6657;991;16001;50068;159435;180;123;3418;0;0,014919272195081107;0,002365195570922831;0,16768187269688029;0,8150336595371157;0;0;0;0
238500;16,376;-35,0;-1;-1;740;6677;994;16245;51301;159435;180;123;3418;0;0,002998741271341147;4,7704124301505766E-4;0,03762151917638115;0,1710751048318781;0,7878275934773845;0;0;0
240000;16,469;-39,0;-1;-1;740;6683;996;16306;51571;160596;180;123;3418;0;0,0035196156602463097;5,594895520091948E-4;0,04374372131641851;0;0,9504631413762125;0;0;0,0017140320951135283
241500;16,562;-41,0;-1;-1;740;6686;996;16370;51571;162025;180;123;3422;2,859788780070543E-4;0,0034666729342115437;0;0,045803127203893866;0;0,948760084425074;0;0;0,0016841365588136064
243000;16,653;-38,0;-1;-1;742;6689;996;16435;51571;163453;180;123;3424;2,9236346214022124E-4;0,003560548382264808;0;0;0;0,9944186464310044;0;0;0,0017284417245905523
244500;16,744;-40,0;-1;-1;743;6693;996;16435;51571;164946;180;123;3426;2,982971117260291E-4;0,0036409025773997505;0;0;0;0,9942928018177212;0;0;0,0017679984931530345
246000;16,83;-39,0;-1;-1;744;6698;996;16435;51571;166434;180;123;3432;2,4196437942627786E-4;0,002953999478795714;0;0;0,16946160666747895;0,8259120256216282;0;0;0,001430403852670782
247500;16,909;-35,0;-1;-1;745;6706;1000;16438;51828;167674;183;125;3439;2,361879664571626E-4;0,003775728349855814;4,6059209752487827E-4;0;0,17423565772327537;0,8212918338628868;0;0;0
249000;16,974;-43,0;-1;-1;745;6715;1000;16438;52061;168932;183;125;3439;0;0,003619269998720455;0;0,036383311105414144;0,16567794551622406;0,7943194733796413;0;0;0
250500;17,039;-44,0;-1;-1;745;6721;1000;16492;52308;170125;183;125;3439;0;0,00366049050584032;0;0,03661936079973307;0,1659917988548666;0,7937283498395601;0;0;0
252000;17,103;-36,0;-1;-1;745;6728;1000;16550;52573;171295;183;125;3439;0;0,003641796190235464;0;0,03622882691594882;0,16609658840958713;0,7940327884842286;0;0;0
253500;17,182;-39,0;-1;-1;745;6733;1000;16590;52839;172484;183;125;3439;0;0,0036755238115198387;0;0,03639370035437083;0,16525783863800617;0,7933034489708621;0;0;0,0013694882252411153
255000;17,276;-42,0;-1;-1;745;6742;1000;16633;53106;173663;183;125;3441;2,825432672785045E-4;0,004448151517035654;0;0,04386791906650569;0;0,9497390079146426;0;0;0,0016623782345376473
256500;17,364;-42,0;-1;-1;746;6745;1000;16702;53106;175087;183;125;3444;2,899304488800963E-4;0,004574881129276638;5,67422317950148E-4;0,04457667537385171;0;0,9499910907300414;0;0;0
258000;17,453;-40,0;-1;-1;747;6749;1000;16756;53106;176528;183;125;3444;2,799361595996275E-4;0,004422057797709998;0;0,042741825549631594;0;0,9525561804930589;0;0;0
259500;17,539;-40,0;-1;-1;749;6757;1000;16807;53106;177967;183;125;3444;2,859754245453175E-4;0,004534123310921877;0;0,043557980808386104;0;0,9516219204561467;0;0;0
261000;17,625;-35,0;-1;-1;749;6763;1000;16879;53106;179389;183;125;3444;2,3335981078810887E-4;0,003689741494333442;0;0,03507029482819645;0,16486114134399282;0,7961454625226893;0;0;0
262500;17,725;-37,0;-1;-1;749;6771;1000;16946;53353;180567;183;125;3444;0;0,0037564031739796963;0;0,03535801091092219;0,16560400574475526;0,7938621929231285;0;0;0,001419387247214358
264000;17,817;-39,0;-1;-1;754;6784;1004;17013;53609;181738;186;128;3453;0;0,018167104313759973;0;0,1698593157710036;0,8051194446819343;0;0;0;0,0068541352333020234
265500;17,899;-39,0;-1;-1;754;6812;1004;17246;54839;181738;186;128;3462;0;0,019179288691219314;0;0,17419080004702817;0,7993608812765083;0;0;0;0,007269029985244187
267000;17,983;-37,0;-1;-1;754;6839;1004;17515;56030;181738;186;128;3475;0;0,021382295790606638;0,0021339110388820214;0,17933563042862788;0,7856173713093102;0;0;0;0,011530791432573337
268500;18,074;-39,0;-1;-1;754;6878;1007;17806;57180;181738;186;128;3492;0,0049322175508191264;0,09650652726286671;0,009763114349453325;0,836492229797978;0;0;0;0;0,05230591103888279
270000;18,166;-33,0;-1;-1;761;7008;1026;19084;57180;181738;186;128;3558;2,647547532085591E-4;0;5,18212963654389E-4;0,10361976375992576;0;0,8928715820072614;0;0;0,0027256865159498295
271500;18,261;-35,0;-1;-1;761;7008;1026;19246;57180;183073;186;128;3561;0;0;0;0,09976827484931038;0;0,8975387515679597;0;0;0,002692973582729829
272500;18,319;-38,0;-1;-1;761;7008;1026;19350;57180;183968;186;128;3562;0;0;0;0,10026488525853068;0;0,8971182446232578;0;0;0,002616870118211476
273500;18,402;-36,0;-1;-1;761;7008;1026;19460;57180;184855;186;128;3565;0;0;0;0,08246299853644305;0,15077536321037713;0,7645767414123835;0;0;0,0021848968407963505
275000;18,513;-38,0;-1;-1;761;7008;1026;19572;57402;186015;186;128;3571;0;0,003967952809119407;0;0,08741211414590155;0,14984085843110773;0,7566510412424263;0;0;0,0021280333714448676
276500;18,605;-31,0;-1;-1;761;7011;1026;19704;57625;187149;186;128;3579;2,2603213771587005E-4;0,004282217515584536;4,4225657217961036E-4;0;0,16210739486195647;0,8306571878447565;0;0;0,00228491106780694
278000;18,702;-40,0;-1;-1;761;7017;1026;19704;57852;188414;186;128;3581;0;0,004291139756601052;0;0;0,16307567822969046;0,8303403570074455;0;0;0,0022928250062629997
279500;18,795;-41,0;-1;-1;767;7025;1027;19705;58119;189647;188;129;3585;0;0,00436108492693303;0;0;0,1636735317079354;0,8296340110711926;0;0;0,002331372293938931
281000;18,883;-34,0;-1;-1;767;7032;1027;19705;58382;190874;188;129;3588;0;0,004353792975092741;0;0;0,16375323921255153;0,8295640168968194;0;0;0,0023289509155363037
282500;18,974;-40,0;-1;-1;767;7036;1027;19705;58612;192134;188;129;3594;0;0,003997227212020985;0;0,08705534494940247;0,14842989493228703;0,7583863557743925;0;0;0,0021311771318970646
284000;19,065;-40,0;-1;-1;767;7042;1027;19816;58844;193284;188;129;3595;0;0,004781159705805301;0;0,1025579275642095;0;0,8901074129068592;0;0;0,0025534998231259384
285500;19,152;-37,0;-1;-1;767;7050;1027;19956;58844;194632;188;129;3599;2,4378524749352293E-4;0,00464597624214822;4,8754822313452467E-4;0,10269765193459339;0;0,8894430740511178;0;0;0,0024819643015125434
287000;19,245;-39,0;-1;-1;767;7058;1027;20131;58844;195942;188;129;3606;0;0,004720270326176469;0;0,10190460408872867;0;0,890858878963842;0;0;0,0025162466212529794
288500;19,333;-43,0;-1;-1;767;7067;1027;20283;58844;197275;188;129;3612;0;0,0047768990906506765;0;0,10111129976349945;0;0,8915665068803786;0;0;0,002545294265471352
290000;19,423;-41,0;-1;-1;767;7080;1027;20460;58844;198583;188;129;3614;0;0,004020572549215288;0;0,0872450055289404;0,14986424387436503;0,7567180711436408;0;0;0,002152106903838424
291500;19,524;-35,0;-1;-1;767;7091;1027;20575;59089;199711;188;129;3615;0;0,004658488464232157;0;0,1092457265920489;0;0,8835908527980594;0;0;0,002504932145659703
293000;19,619;-39,0;-1;-1;767;7097;1027;20752;59089;201025;188;129;3618;0;0,004723871844306555;0;0,10753968377621664;0;0,8851965392940224;0;0;0,0025399050854543583
294500;19,704;-39,0;-1;-1;767;7104;1027;20899;59089;202368;188;129;3621;0;0,004574845129033807;0;0,10699881767478257;0;0,8859632910738913;0;0;0,00246304612229241
296000;19,832;-37,0;-1;-1;773;7115;1032;21061;59093;203700;188;134;3626;2,3934612853919668E-4;0,004533121822598432;4,8674490529069587E-4;0,10376401495924462;0;0,8885350085246791;0;0;0,0024417636596477848
297500;19,925;-40,0;-1;-1;773;7122;1032;21241;59093;205008;188;134;3631;0;0,004479075645180361;0;0,10002979950657362;0;0,8930812877462628;0;0;0,0024098371019832037
299000;20,014;-33,0;-1;-1;773;7129;1032;21420;59093;206320;188;134;3633;0;0,003832757153043388;0;0,08341989576044553;0,14736913778784766;0,7633131268238076;0;0;0,002065082474855812
300500;20,104;-39,0;-1;-1;773;7135;1032;21524;59313;207486;188;134;3637;0;0,004526911303865746;0;0,09717457190961787;0;0,8958609830369821;0;0;0,0024375337495341487
302000;20,197;-37,0;-1;-1;773;7140;1032;21659;59313;208842;188;134;3641;0;0,004512657557013556;0;0,09512729913588482;0;0,8979312917208199;0;0;0,002428751586281635
303500;20,288;-32,0;-1;-1;773;7144;1032;21799;59313;210194;188;134;3645;0;0,004495116917722606;0;0,09724175197325795;0;0,8958489253614658;0;0;0,0024142057475536834
305000;20,383;-38,0;-1;-1;773;7154;1032;21951;59313;211530;188;134;3647;0;0,004507626296625242;0;0,10467031479034916;0;0,8883941876252693;0;0;0,002427871287756377
306500;20,574;-40,0;-1;-1;773;7159;1032;22126;59313;212848;188;134;3649;0;0,004514055447644163;0;0,1117595953261325;0;0,8812932539445526;0;0;0,0024330952816707815
308000;20,668;-37,0;-1;-1;773;7165;1032;22287;59313;214180;188;134;3650;2,4375715065406975E-4;0,004506986524379485;4,953469754440367E-4;0,11396590726132944;0;0,8783544229617279;0;0;0,0024335791264649526
309500;20,769;-41,0;-1;-1;773;7176;1033;22466;59313;215485;188;134;3654;0;0,0038770061694782055;4,2754822876067656E-4;0,09584509827879636;0,14969506164229607;0,7480603415169242;0;0;0,002094944163744441
311000;20,868;-41,0;-1;-1;773;7186;1034;22595;59553;216600;188;134;3659;0;0,004636257057093608;5,124604730487541E-4;0,1128879284335539;0;0,8794579589175998;0;0;0,0025053951187039574
312500;20,967;-41,0;-1;-1;777;7195;1037;22775;59555;217919;190;139;3668;0;0,0051950387871473195;5,72980340975562E-4;0;0;0,9914317654106205;0;0;0,0028002154612565395
314000;21,06;-41,0;-1;-1;777;7197;1040;22775;59555;219405;190;139;3677;0;0,0053292671409994625;5,854339556839785E-4;0;0;0,9912334907584762;0;0;0,00285180814484043
315500;21,149;-40,0;-1;-1;777;7200;1042;22775;59555;220897;190;139;3680;0;0,005307584169079908;5,823780724545955E-4;0;0;0,9912715732312697;0;0;0,0028384645271957647
317000;21,243;-29,0;-1;-1;777;7204;1042;22775;59555;222387;190;139;3686;0;0,005288579560130061;5,813281155155299E-4;0;0;0,9913098933997909;0;0;0,002820198924563486
318500;21,328;-38,0;-1;-1;777;7216;1042;22775;59555;223871;190;139;3690;0;0,004682345986284631;5,173467719339586E-4;0,11709896841205006;0;0,875199225848838;0;0;0,0025021129808932376
320000;21,417;-35,0;-1;-1;777;7220;1042;22945;59555;225190;190;139;3697;0;0,0046657987622966916;0;0,11409840743196416;0;0,8787518816074992;0;0;0,002483912198239978
321500;21,509;-37,0;-1;-1;777;7226;1042;23107;59555;226516;190;139;3703;2,1972037181440123E-4;0,0040002029600729625;0;0,09573450834462764;0,15509163049535848;0,7428289838229464;0;0;0,002124954005180251
323000;21,613;-40,0;-1;-1;777;7237;1042;23245;59793;227628;190;139;3704;0;0,004028897385482852;0;0,09911449817478137;0,15478717142865336;0,739919364649795;0;0;0,0021500683612873253
324500;21,703;-33,0;-1;-1;777;7245;1042;23385;60040;228730;190;139;3707;0;0,004440804060411297;0;0;0,17373957904467743;0,819446277924191;0;0;0,0023733389707201796
326000;21,79;-40,0;-1;-1;777;7253;1042;23385;60306;229953;190;139;3710;0;0,004473098677958772;5,030424452332373E-4;0;0,18051107911686895;0,8121201309148868;0;0;0,00239264884505211
327500;21,879;-40,0;-1;-1;777;7258;1043;23385;60568;231182;190;139;3713;0;0,005353461698198711;6,026422499761792E-4;0;0;0,9911810178106437;0;0;0,002862878241181263
329000;21,969;-39,0;-1;-1;784;7272;1044;23389;60569;232668;193;141;3724;0;0,005239335945351059;5,921783536111528E-4;0;0;0,9913755716832153;0;0;0,0027929140178224203
330500;22,059;-39,0;-1;-1;784;7284;1046;23389;60569;234150;193;141;3728;0;0,004533363401221395;5,133839406355979E-4;0,11121017825518971;0;0,8813229328639267;0;0;0,0024201415390265333
332000;22,149;-43,0;-1;-1;784;7291;1046;23542;60569;235485;193;141;3733;0;0,004595577999238963;0;0,11070550897756222;0;0,8822504283497687;0;0;0,002448484673429972
333500;22,238;-34,0;-1;-1;784;7295;1046;23711;60569;236812;193;141;3733;0;0,0038741532418060417;0;0,09122406194189722;0,1563315291819751;0,7465027091714884;0;0;0,0020675464628332227
335000;22,325;-39,0;-1;-1;784;7301;1046;23858;60802;237923;193;141;3736;2,565223662409048E-4;0,004627231206989818;0;0,10698267011089181;0;0,8856631837566988;0;0;0,0024703925591785963
336500;22,415;-39,0;-1;-1;784;7307;1046;24014;60802;239257;193;141;3740;0;0,004555901575117629;0;0,1077477276924987;0;0,885265051743872;0;0;0,0024313189885115604
338000;22,499;-35,0;-1;-1;784;7309;1046;24173;60802;240594;193;141;3742;0;0,004568711955774747;5,233966561331711E-4;0,10586347847406613;0;0,8866075467920043;0;0;0,0024368661220215936
339500;22,586;-38,0;-1;-1;784;7313;1046;24333;60802;241926;193;141;3746;0;0,004522539235439236;0;0,10272343628393245;0;0,8903453229329324;0;0;0,00240870154769588
341000;22,671;-13,0;-1;-1;784;7323;1046;24487;60802;243259;193;141;3749;0;0,004574310925014884;0;0,1021615222468047;0;0,8908234627877643;0;0;0,0024407040404162516
342500;22,753;-43,0;-1;-1;784;7333;1046;24632;60802;244598;193;141;3755;0;0,003795814253125955;0;0,08352227483340485;0,1532802715310311;0,7573764479429294;0;0;0,002025191439508719
344000;22,842;-37,0;-1;-1;784;7340;1046;24763;61024;245738;193;141;3755;0;0,0037789067270911575;0;0,08530388576120003;0,15107746029516717;0,7598397472165416;0;0;0
345500;22,935;-38,0;-1;-1;788;7350;1050;24902;61275;246849;195;145;3760;0;0,0037066399458815006;0;0,09292906880818462;0,15299166908193473;0,750372622163999;0;0;0
347000;23,021;-31,0;-1;-1;788;7357;1050;25034;61495;247990;195;145;3760;0;0,003644920530953699;4,235539405493375E-4;0,09739603303285282;0,15320779193503906;0,7453277005606052;0;0;0
348500;23,092;-17,0;-1;-1;788;7364;1050;25188;61679;249145;195;145;3760;0,0029741383776288447;0,003573603660350039;0;0,0942592532268704;0,1514088186484931;0,7477841860866576;0;0;0
350000;23,16;-27,0;-1;-1;794;7368;1050;25358;61901;250243;195;145;3760;0,0028599052265249067;0;0;0,09769350917120809;0,1504427709535225;0,7471279186637155;0;0;0,0018758959850288743
351500;23,223;-39,0;-1;-1;797;7368;1050;25487;62111;251399;195;145;3762;0,0031198720460007046;0;0;0;0,16644510433089618;0,8283736613010108;0;0;0,0020613623220924406
353000;23,288;-30,0;-1;-1;801;7368;1050;25487;62370;252636;195;145;3762;0,003070806349953573;0;0;0;0,16802128177941947;0,8268618507521753;0;0;0,0020460611184514935
354500;23,347;-41,0;-1;-1;806;7368;1050;25487;62615;253882;195;145;3766;0,0030271751816038925;0;0;0;0,16799942079511987;0,826941588091046;0;0;0,0020318159322302593
356000;23,426;-31,0;-1;-1;811;7368;1050;25487;62887;255101;195;145;3770;0,002975703644538463;0,003768633819728248;0;0;0,16510578363440284;0,8261308439451543;0;0;0,002019034956176014
357500;23,522;-32,0;-1;-1;814;7378;1050;25487;63153;256318;195;145;3774;0,003118471691871674;0,003967676096625891;4,653915741396952E-4;0,11042544451752742;0;0,8798945235054022;0;0;0,0021284926144330718
359000;23,62;-31,0;-1;-1;817;7390;1052;25643;63153;257643;195;145;3776;0,003410510525616361;0,004352644550661561;5,114686414667438E-4;0;0;0,9893821610938;0;0;0,0023432151884553373
360500;23,708;-44,0;-1;-1;821;7395;1053;25643;63153;259130;195;145;3779;0,0033264832991467272;0;5,038661731112374E-4;0;0;0,9961696505277421;0;0;0
361500;23,771;-35,0;-1;-1;826;7397;1057;25643;63155;260133;198;146;3782;0,003240224130174414;0;4,9461162235403E-4;0;0;0,9962651642474716;0;0;0
362500;23,824;-35,0;-1;-1;832;7397;1058;25643;63155;261126;198;146;3782;0,0026310913582312636;0;4,083660508351518E-4;0;0,15466401315688916;0,8422965294340444;0;0;0
364000;23,909;-42,0;-1;-1;840;7397;1060;25643;63385;262386;198;146;3782;0,0025952445239635163;0;4,1028715240059953E-4;0;0,15381048681433823;0,8431839815092976;0;0;0
365500;23,993;-34,0;-1;-1;844;7397;1061;25643;63586;263680;198;146;3782;0,0023006730859080433;0,003160041405584151;3,672139229976395E-4;0,09001650644128331;0,13820872799561992;0,7642475006367669;0;0;0,0016993365118398375
367500;24,134;-38,0;-1;-1;847;7402;1063;25817;63891;265185;198;146;3788;0,0026995879764977627;0;4,3330258534039073E-4;0,1040316844887091;0;0,890832998673923;0;0;0,002002426275529666
369000;24,225;-36,0;-1;-1;852;7402;1063;25960;63891;266535;198;146;3790;0,0026558778791745557;0;0;0,1056688298468416;0;0,8896828702872801;0;0;0,00199242198670388
370500;24,31;-37,0;-1;-1;854;7402;1063;26124;63891;267865;198;146;3794;0,002685179606831936;0;0;0,10517253145365314;0;0,8901224827741391;0;0;0,002019806165375778
372000;24,395;-31,0;-1;-1;856;7402;1063;26288;63891;269193;198;146;3800;0,002676990320462782;0;0;0,10720687556467948;0;0,888101063415686;0;0;0,002015070699171664
373500;24,484;-39,0;-1;-1;861;7402;1063;26435;63891;270535;198;146;3806;0,0022872578388109387;0;0;0,0911255153522859;0,14125178023223736;0,7635973452726266;0;0;0,0017381013040392208
375000;24,576;-39,0;-1;-1;864;7402;1063;26562;64121;271674;198;146;3807;0,0025980173431198574;0,0033943803306388976;4,3740333880334475E-4;0,10645701025177295;0;0,8851250033707478;0;0;0,001988185364917092
376500;24,671;-18,0;-1;-1;869;7408;1064;26718;64121;273004;198;146;3809;0,0028556392711243162;0,003777828172426145;4,875567807485528E-4;0;0;0,9906634076730183;0;0;0,0022155681026825853
378000;24,766;-35,0;-1;-1;878;7415;1066;26725;64125;274490;203;151;3816;0,002794048373781987;0,0037719583534862756;4,8694250484226936E-4;0;0;0,9929470507678896;0;0;0
379500;24,852;-37,0;-1;-1;884;7422;1068;26725;64125;275975;203;151;3816;0,0027367844792380303;0,0037465985963617988;4,837255986704977E-4;0;0;0,9930328913257297;0;0;0
381000;24,941;-41,0;-1;-1;890;7433;1070;26725;64125;277456;203;151;3816;0,0027250419455730115;0,003774376561665619;4,87690970034626E-4;0;0;0,9930128905227268;0;0;0
382500;25,035;-41,0;-1;-1;894;7438;1071;26725;64125;278946;203;151;3816;0,0021082423070566776;0,00294498670926824;3,807924684801611E-4;0,09499788898693727;0,14025723724442707;0,7593108522838306;0;0;0
384000;25,129;-35,0;-1;-1;900;7440;1071;26865;64340;280083;203;151;3816;0,0020514204964134485;0,002909406350533011;0;0,09565833425254949;0,14079690575099965;0,7568649526087061;0;0;0,001718980540798373
385500;25,222;-38,0;-1;-1;906;7442;1071;27001;64574;281203;203;151;3818;0,008415860142919085;0,012128504362761845;0;0,39242707693032036;0,5798674913572306;0;0;0;0,007161067206768091
387000;25,317;-31,0;-1;-1;920;7464;1071;27654;65372;281203;203;151;3831;0,006921972605824916;0;0;0,46626520587131787;0,5165736634848389;0;0;0;0,010239158038018323
388500;25,402;-37,0;-1;-1;927;7464;1071;28375;66128;281203;203;151;3847;0,006941362985852859;0;0;0,45325293021358204;0,5294421917584577;0;0;0;0,01036351504210738
390000;25,488;-39,0;-1;-1;937;7464;1071;29034;66943;281203;203;151;3863;0,007041095776247989;0;0,0014453350899191703;0,43806237839122175;0,5427817795753749;0;0;0;0,010669411167236133
391500;25,576;-39,0;-1;-1;955;7464;1073;29686;67758;281203;203;151;3876;0,0020436863185988195;0;4,384906401786228E-4;0,12410290034928838;0;0,87019778692292;0;0;0,0032171357690142103
393000;25,665;-41,0;-1;-1;960;7464;1074;29872;67758;282507;203;151;3880;0,002326281621384364;0,0038728899716307477;5,045094061119491E-4;0;0;0,9896010854922772;0;0;0,003695233508595783
394500;25,759;-41,0;-1;-1;964;7471;1080;29874;67761;283996;205;155;3888;0,002355158740896159;0,003948877803830023;5,111533116016154E-4;0;0;0,9931848101436721;0;0;0
396000;25,847;-41,0;-1;-1;968;7477;1080;29874;67761;285486;205;155;3888;0,002379177396608116;0,00401751041238837;5,213784087006874E-4;0;0;0,9930819337823029;0;0;0
397500;25,941;-37,0;-1;-1;970;7485;1083;29874;67761;286973;205;155;3888;0,00198707817868461;0,003366417789518921;4,36217018938929E-4;0;0,159892799954343;0,8343174870585146;0;0;0
399000;26,03;-40,0;-1;-1;972;7492;1084;29874;68016;288208;205;155;3888;0,0020705673556611548;0,003516289919837817;4,561161519984774E-4;0,12841517846256453;0;0,8655418481099381;0;0;0
400500;26,126;-40,0;-1;-1;979;7498;1084;30099;68016;289470;205;155;3888;0,0020640928181483694;0,0035632667654831433;4,6343928106191073E-4;0,12705434929893808;0;0,8634260979065796;0;0;0,003428753929788896
402000;26,247;-42,0;-1;-1;980;7507;1084;30275;68016;290780;205;155;3892;0,0021048804781394477;0,0036297711400117274;0;0,12724109298485123;0;0,8635301077118422;0;0;0,003494147685155429
403500;26,438;-43,0;-1;-1;984;7512;1084;30451;68016;292089;205;155;3898;0,002438135440356088;0,004241380246707873;0;0;0;0,9892476785628662;0;0;0,004072805750069638
405000;26,527;-43,0;-1;-1;988;7516;1084;30451;68016;293579;205;155;3900;0,0024599040993516052;0,00431679380857646;0;0;0;0,9890790553231038;0;0;0,0041442467689679985
406500;26,62;-43,0;-1;-1;993;7524;1084;30451;68016;295059;205;155;3907;0,002047381150393146;0,0036284811985487562;0;0;0,172203150297703;0,8186434472468502;0;0;0,0034775401065049623
408000;26,714;-38,0;-1;-1;996;7527;1084;30451;68286;296281;205;155;3909;0,0019893145942897358;0,003547911957967143;4,6733419899431356E-4;0;0,17499705925809406;0,8189983799906547;0;0;0
409500;26,808;-41,0;-1;-1;999;7534;1085;30451;68539;297517;205;155;3909;0,002114063325058574;0,0037872449132886478;4,995303433859639E-4;0,1251546571793183;0;0,8684445042389486;0;0;0
411000;26,906;-32,0;-1;-1;1007;7540;1090;30635;68544;298832;206;157;3911;0,0023848340934971755;0,004340233047975966;5,697488044597334E-4;0;0;0,9927051840540672;0;0;0
412500;26,995;-39,0;-1;-1;1010;7548;1090;30635;68544;300321;206;157;3911;0,0023847254344413495;0,0043602333086428455;5,745616470954249E-4;0;0;0,9926804796098204;0;0;0
414000;27,085;-42,0;-1;-1;1014;7555;1090;30635;68544;301810;206;157;3911;0,0023804603517099815;0,004384334782080222;5,795804907757767E-4;0;0;0,9884124901370951;0;0;0,004243134238338898
415500;27,185;-42,0;-1;-1;1018;7560;1091;30635;68544;303295;206;157;3916;0,001974421317892061;0;4,851071646053026E-4;0;0,18057027814063173;0,8134300247799062;0;0;0,003540168596964714
417000;27,277;-37,0;-1;-1;1021;7560;1091;30635;68826;304505;206;157;3921;0,001969932903280522;0;0;0;0,18335356054192103;0,8111347323241298;0;0;0,0035417742306686345
418500;27,361;-40,0;-1;-1;1023;7560;1091;30635;69107;305720;206;157;3923;0,0017643697973653907;0;0;0,10838532295453052;0,16269176782599346;0,7239752784808262;0;0;0,0031832609412844274
420000;27,449;-40,0;-1;-1;1027;7560;1091;30797;69351;306804;206;157;3929;0,0017761920270743291;0;0;0,10827279987978651;0,1633491124035658;0,7266018956895735;0;0;0
421500;27,536;-40,0;-1;-1;1029;7560;1091;30927;69606;307917;206;157;3929;0,0017452744177708394;0,003328763181242561;0;0,10874955091218572;0,16120497327685152;0,7249714382119494;0;0;0
423000;27,624;-38,0;-1;-1;1031;7567;1091;31091;69858;308992;206;157;3929;0,0019421980801422323;0,0037133413165687055;4,928547609974312E-4;0;0,18029171713588216;0,8135598887064095;0;0;0
424500;27,715;-40,0;-1;-1;1035;7570;1094;31091;70145;310195;206;157;3929;0,002370520421415765;0,004570985968274649;6,038593994036472E-4;0;0;0,992454634210906;0;0;0
426000;27,803;-37,0;-1;-1;1038;7577;1096;31091;70145;311683;206;157;3929;0,0023244766714039912;0,004501584215964372;5,945323933905204E-4;0;0;0,9882491715628098;0;0;0,004330235156431334
427500;27,898;-23,0;-1;-1;1048;7585;1101;31093;70149;313173;209;159;3936;0,0022662570515363353;0,005699739551145201;5,925351071601039E-4;0;0;0,9914414682901583;0;0;0
429000;27,984;-33,0;-1;-1;1053;7598;1102;31093;70150;314678;209;159;3936;0,0019293204058702382;0,004889205120004896;5,100965116644716E-4;0,12574129178233565;0;0,8669300861801248;0;0;0
430500;28,072;-39,0;-1;-1;1054;7606;1103;31283;70150;315978;209;159;3936;0,0018147709409222933;0,004602931674905783;4,8115922146336907E-4;0;0,17867765460756882;0,8144234835551397;0;0;0
432000;28,17;-40,0;-1;-1;1055;7610;1104;31283;70410;317236;210;160;3936;0,009876612140512837;0,025081162539305524;0,0026220615946520175;0;0,9624201637255296;0;0;0;0
433500;28,258;-40,0;-1;-1;1069;7650;1108;31283;71852;317236;210;160;3936;0,010220812442023277;0,02645382440736261;0,0027895265348781228;0;0,960535836615736;0;0;0;0
435000;28,342;-29,0;-1;-1;1082;7688;1113;31283;73296;317236;210;160;3936;0,009095150239432697;0,02393615804230388;0,002540636422209159;0;0,9455301605338083;0;0;0;0,01889789476224589
436500;28,438;-39,0;-1;-1;1096;7737;1118;31283;74706;317268;210;161;3958;0,14850712561395293;0,49465130467756063;0,04259879648175548;0;0;0;0;0;0,31424277322673094
438000;28,525;-24,0;-1;-1;1339;8431;1179;31283;74706;317268;210;161;4460;0,015190065469618364;0,006878528874728097;4,500904950451481E-4;0,12262429183074026;0;0,8459117356082736;0;0;0,008945287721594477
439500;28,62;-39,0;-1;-1;1369;8444;1179;31443;74706;318554;210;161;4471;0,01427551934523893;0,0068440335886879545;0;0,1204847754367456;0;0,8495145691536287;0;0;0,008881102475698819
441000;28,71;-26,0;-1;-1;1399;8457;1179;31618;74706;319825;210;161;4482;0,015261610903501952;0,007718102687845181;0;0;0;0,9670342822325516;0;0;0,009986004176101161
442500;28,8;-39,0;-1;-1;1418;8470;1180;31621;74707;321302;212;162;4496;0,012167614683356084;0,0063630630387045695;0;0;0,17494599924191973;0,7983304423357012;0;0;0,008192880700318395
444000;28,89;-36,0;-1;-1;1442;8480;1180;31621;74959;322505;212;162;4507;0,013855064670020002;0,007566929680216655;0;0;0;0,9688729490745497;0;0;0,009705056575213552
445500;28,98;-40,0;-1;-1;1457;8490;1180;31621;74959;323965;212;162;4522;0,013618237325032163;0,007624210953861564;5,096531208843875E-4;0;0;0,9685209823391997;0;0;0,00972691626102223
447000;29,073;-40,0;-1;-1;1484;8502;1180;31621;74959;325412;212;162;4536;0,011295710473665763;0,006613701357551537;0;0,11644564622496863;0;0,857250444225434;0;0;0,008394497718379957
448500;29,164;-36,0;-1;-1;1502;8511;1180;31785;74959;326714;212;162;4543;0,01239821471617233;0,007478730549609162;0;0;0;0,9706437779838095;0;0;0,009479276750408985
450000;29,248;-38,0;-1;-1;1516;8518;1180;31786;74959;328210;212;162;4557;0,01227669460735605;0,007566910660504352;0;0;0;0,9706269024240106;0;0;0,00952949230812887
451500;29,329;-35,0;-1;-1;1532;8530;1180;31786;74959;329666;212;162;4573;0,009850694832890663;0,006218902762405065;0;0;0,17427972574494394;0,8018715158630877;0;0;0,007779160796672647
453000;29,406;-37,0;-1;-1;1546;8537;1180;31786;75230;330862;212;162;4585;0,04901035789561573;0,03169664980749581;0;0;0,879819215844985;0;0;0;0,03947377645190344
454500;29,519;-33,0;-1;-1;1635;8578;1180;31786;76541;330862;212;162;4644;0,058146976993081335;0,030001980373969412;0,0020715334730206886;0;0,8774740282853852;0;0;0;0,032305480874543276
456000;29,611;-28,0;-1;-1;1744;8625;1185;31786;77838;330862;212;162;4686;0,10933534822801723;0,021645122540482484;0,001248323528008917;0,32312851806107273;0,5446426876424186;0;0;0;0
457500;29,699;-31,0;-1;-1;1889;8662;1186;32274;78667;330862;212;162;4686;0;0,023433603269817596;0,0013666784303318648;0,35911935848725507;0,6160803598125953;0;0;0;0
459000;30,024;-36,0;-1;-1;1890;8690;1190;32816;79596;330891;212;165;4686;0;0,006505657155051345;3,808847701069207E-4;0,0984407372552658;0,1715898056348766;0,7230829151846994;0;0;0
460500;30,106;-40,0;-1;-1;1890;8703;1190;32976;79853;331961;212;165;4686;0;0,006541179272811553;0;0,09779959800465697;0,1713203283174022;0,7243388944051293;0;0;0
462000;30,193;-41,0;-1;-1;1890;8713;1190;33141;80095;333044;212;165;4686;0;0,006556408221489822;0;0,09671767961552341;0,16971756583753342;0,7210479812959575;0;0;0,0059603650294960024
463500;30,276;-38,0;-1;-1;1890;8726;1190;33283;80358;334120;212;165;4692;0,02972936047843264;0,006960123358820883;0;0;0,18284128026953106;0,7741382103933239;0;0;0,006331025499891454
465000;30,373;-41,0;-1;-1;1928;8737;1190;33283;80641;335283;212;165;4697;0,03483242656374226;0,008583087798901956;0;0;0;0,9487697905711954;0;0;0,00781469506616046
466500;30,463;-34,0;-1;-1;1981;8747;1190;33283;80641;336712;212;165;4705;0,05341688318145933;0,008472573882676741;5,066787565571236E-4;0;0;0,9299000218305185;0;0;0,007703842348788427
468000;30,552;-34,0;-1;-1;2065;8756;1192;33283;80641;338103;212;165;4719;0,04893438016918714;0,00868462657481553;5,194302939955564E-4;0;0;0,9418615629620017;0;0;0
469500;30,639;-34,0;-1;-1;2141;8770;1193;33283;80643;339537;212;165;4721;0,039268995384609325;0,007647319949384231;4,589883993132252E-4;0,11328909271533871;0;0,8393356035513546;0;0;0
471000;30,731;-32,0;-1;-1;2193;8780;1193;33463;80643;340828;212;165;4721;0,030763272197969465;0,006384131467182789;0;0,09320533584028223;0,16852641116460634;0,7011208493299591;0;0;0
472500;30,821;-33,0;-1;-1;2238;8790;1193;33592;80904;341883;212;165;4721;0,03535276987903277;0,0077403796246766216;0;0,11192743752172349;0;0,8449794129745671;0;0;0
474000;30,912;-34,0;-1;-1;2275;8796;1193;33789;80905;343169;213;165;4721;0,033164552041529474;0,0076021094690738545;0;0,10795832647699687;0;0,8443092425039255;0;0;0,006965769508474364
475500;31,002;-27,0;-1;-1;2323;8805;1193;33943;80905;344452;213;165;4727;0,03450858452443211;0,008377940311145327;0;0;0;0,9494410278006465;0;0;0,0076724473637760394
477000;31,085;-34,0;-1;-1;2376;8819;1193;33943;80905;345870;213;165;4742;0,03251407707788419;0,00837190276184573;5,117589501039034E-4;0;0;0,9509678092334752;0;0;0,007634451976690953
478500;31,175;-36,0;-1;-1;2421;8831;1194;33943;80905;347332;213;165;4752;0,6525863518991273;0,17624260405842748;0,010803095354514736;0;0;0;0;0;0,1603679486879306
480000;31,263;-27,0;-1;-1;3245;9043;1212;33943;80905;347332;213;165;5198;0,07872351075366088;0,029181149909254005;0,001874685642483748;0;0,8343067600267424;0;0;0;0,055913893667858865
481500;31,355;-29,0;-1;-1;3348;9090;1212;33943;82157;347332;213;165;5296;0,05115932665253868;0,020478042678541954;0;0,316978472585263;0,5737055755930784;0;0;0;0,03767858249057782
483000;31,444;-26,0;-1;-1;3436;9125;1212;34401;83006;347332;213;165;5366;0,15258453721436044;0,05215924647184611;0;0,6935405629451399;0;0;0;0;0,10171565336865357
484500;31,535;-30,0;-1;-1;3657;9198;1212;35413;83007;347362;213;165;5557;0,018227432929483266;0,007992167730280773;0;0,10506505516133595;0;0,8502604141342908;0;0;0,0184549300446093
486000;31,624;-38,0;-1;-1;3678;9210;1212;35582;83007;348636;213;165;5581;0,018051991496960566;0,008018937159817335;0;0,11048743810010642;0;0,8634416332431157;0;0;0
487500;31,709;-40,0;-1;-1;3704;9222;1212;35756;83007;349924;213;165;5581;0,01744913161118483;0,009356407667760204;4,489006474483643E-4;0,10731800262156559;0;0,8654275574520409;0;0;0
489000;31,803;-32,0;-1;-1;3744;9229;1212;35902;83007;351231;213;165;5581;0,014183500917943553;0,007854834075205548;0;0,08902372538009741;0,16123398675669962;0,7277039528700538;0;0;0
490500;31,893;-37,0;-1;-1;3763;9245;1212;36027;83261;352317;213;165;5581;0,016719565487385082;0,009365615819902579;0;0,105478