Iteration;Time;BestFitness;LastCalledHeur;IsRelay;NumOfMoves-LLH0;NumOfMoves-LLH1;NumOfMoves-LLH2;NumOfMoves-LLH3;NumOfMoves-LLH4;NumOfMoves-LLH5;NumOfMoves-LLH6;NumOfMoves-LLH7;NumOfMoves-LLH8;LAProb-LLH0;LAProb-LLH1;LAProb-LLH2;LAProb-LLH3;LAProb-LLH4;LAProb-LLH5;LAProb-LLH6;LAProb-LLH7;LAProb-LLH8;
2000;0,847;-28,0;-1;-1;162;193;218;127;247;976;65;47;70;0,21554270610867798;0;0,028579101466368356;0;0,34020284189479433;0,4080261076325405;0,007649242897618797;0;0
3500;0,96;-33,0;-1;-1;279;193;238;127;1417;1167;67;47;70;0;0;0,004362922620275551;0;0,9119874147647944;0,08364966261493005;0;0;0
4500;1,028;-34,0;-1;-1;282;193;241;129;2398;1194;70;49;73;0;0;0,0011774418866639406;0;0,9573428181622428;0,04147973995109324;0;0;0
5500;1,126;-30,0;-1;-1;282;193;244;129;3324;1265;70;49;73;0;0;0,002712769516661419;0;0,9045384165036987;0,09274881397963994;0;0;0
6500;1,203;-37,0;-1;-1;282;193;249;129;4235;1349;70;49;73;0;0,0037259526437442327;0,0027392956422707367;0,00410763487832167;0,8906985227779387;0,0962465469497392;0;2,0341694601574804E-4;0,0022786301619696072
8500;1,484;-42,0;-1;-1;283;212;256;148;5817;1745;73;54;83;0,5626038529821776;0,11376364863400783;0,09330107351100782;0,12459012170043268;0;0;0,026065958343721083;0,006659222503556063;0,07301612232509692
10500;1,917;-26,0;-1;-1;1571;398;418;306;5817;1745;130;65;221;0,7115138798418214;0;0,12905832461884878;0,0246867573642006;0;0;0,030246869268394958;0;0,10449416890673438
12000;2,128;-21,0;-1;-1;2547;398;757;362;5817;1745;200;65;280;0;0;0,9776542012553006;0,0175063616317225;0;0;0;0;0,004839437112976922
13000;2,206;-34,0;-1;-1;2547;398;1750;368;5817;1745;200;65;281;0;0;0,9961292532103887;0,002953794255168303;0;0;0;0;9,169525344430048E-4
14000;2,267;-34,0;-1;-1;2549;400;2744;375;5824;1746;200;67;284;0;0;0,08665713514925383;6,928677322344968E-4;0,7007197381702542;0,21171306211307328;0;0;2,1719683518414706E-4
15500;2,406;-43,0;-1;-1;2549;400;2878;375;6804;2131;200;67;285;0;6,406761565099818E-4;0,11872603080077004;0;0,6155848396683339;0,2646061583825278;0;1,7951453206962932E-4;2,627804597886138E-4
17000;2,504;-43,0;-1;-1;2549;401;3073;375;7705;2534;200;67;285;0,014482111081524992;8,536699275791676E-4;0,1359664464034884;0;0,5453015619293538;0,3020800058023485;0,0013162048557053422;0;0
18500;2,763;-43,0;-1;-1;2575;402;3309;375;8495;2981;200;67;285;0;0,0015119391719129241;0,20748829856277196;0;0,5237816411853782;0,2672181210799371;0;0;0
20000;2,864;-24,0;-1;-1;2575;404;3623;375;9287;3373;200;67;285;0;0,0011784110296997662;0,26305234725365734;0;0,5633368746115395;0,1724323671051034;0;0;0
21500;2,979;-38,0;-1;-1;2578;407;4250;379;9952;3588;205;72;288;0;9,36767719824315E-4;0,4424460330134017;0,001236881608029748;0,4304379648026934;0,12494235285605083;0;0;0
23000;3,055;-30,0;-1;-1;2578;410;4888;381;10614;3783;205;72;288;0;0,0013064760171466049;0;0,0017286085387915669;0,7420642333069434;0,25435495453928636;0;0;5,457275978321088E-4
24500;3,137;-40,0;-1;-1;2578;412;4888;384;11672;4220;205;72;288;0;0,0011497944619366257;0;0,0015182606949160668;0,6725242892510515;0,324486672980399;0;3,20982611696869E-4;0
26000;3,217;-36,0;-1;-1;2578;412;4888;386;12643;4747;205;72;288;0,016156602682174896;0;0;0,001241027302901879;0,6164401518452556;0,3646986251074848;0,00146359306218277;0;0
27500;3,294;-38,0;-1;-1;2596;412;4888;387;13534;5337;205;72;288;0,01785574243403744;0;0;0,0013818706555446332;0,5864859925163124;0,39427639439410556;0;0;0
29000;3,376;-37,0;-1;-1;2629;412;4888;388;14373;5964;205;72;288;0,012458818723658527;0;0,3263147919180122;6,432508754521507E-4;0,353397666450954;0,3071854720319232;0;0;0
30500;3,472;-33,0;-1;-1;2649;414;5370;392;14863;6488;208;79;293;0,013424521522093516;0;0;6,935888344791864E-4;0,4716603788641993;0,514221510779228;0;0;0
32000;3,559;-21,0;-1;-1;2669;414;5370;393;15536;7294;208;79;293;0,014068695004033337;5,643820371543278E-4;0;7,329532477452613E-4;0,4652638959218566;0,5191342636770133;0;0;2,3581011219721924E-4
33500;3,672;-39,0;-1;-1;2696;415;5370;394;16256;8044;208;79;294;0,020561767422194874;8,37546551456167E-4;0;0,0010875668890294459;0;0,9771631192366887;0;0;3,499999006307507E-4
35000;3,762;-30,0;-1;-1;2741;416;5370;394;16256;9496;208;79;296;0,012280254025643747;5,115898486074005E-4;0;0;0;0,9868607495178199;0;1,369749262293467E-4;2,1043168169965933E-4
36500;3,845;-40,0;-1;-1;2765;417;5370;394;16256;10971;208;79;296;0,01117896568093272;4,704069857955946E-4;0;0;0;0,9876279392665606;7,226880667110361E-4;0;0
38000;3,922;-38,0;-1;-1;2776;417;5370;394;16256;12458;210;79;296;0,005703324610604066;2,412798660732355E-4;0,18329683141598144;0;0;0,8103915128709345;3,670512364067754E-4;0;0
39500;4,007;-28,0;-1;-1;2788;417;5629;394;16256;13687;210;79;296;0,004452049174255903;0;0,14111696640013288;0;0,16203085108900434;0,692400133336607;0;0;0
41000;4,088;-25,0;-1;-1;2800;417;5830;400;16503;14738;212;79;300;0,004080773756643287;0;0,11912420283472631;2,250731046184155E-4;0,1695485883892328;0,7070213619147793;0;0;0
42500;4,169;-39,0;-1;-1;2806;417;6019;401;16730;15815;212;79;300;0,004125509960371544;0;0,13178139498319602;2,2778022782896125E-4;0;0,8637927795393826;0;0;7,253528922080645E-5
44000;4,249;-34,0;-1;-1;2812;417;6226;401;16730;17102;212;79;300;0,0037261336188508217;0;0,15045684432489095;0;0;0,8458170220562582;0;0;0
45000;4,307;-29,0;-1;-1;2815;417;6394;401;16730;17931;212;79;300;0,0032168863067976957;1,388887558919462E-4;0,16336525775226995;0;0;0,8330694386325392;2,0952855250123636E-4;0;0
46500;4,387;-36,0;-1;-1;2818;417;6662;401;16730;19160;212;79;300;0,0032329027539700263;0;0,17009884205939835;0;0;0,8266306971502366;0;3,7558036395093206E-5;0
48000;4,469;-39,0;-1;-1;2820;417;6894;401;16730;20426;212;79;300;0,0024634444223956197;0;0,1542158937528392;0;0,10504965697149561;0,7382423449232929;0;2,8659929976605918E-5;0
49500;4,55;-40,0;-1;-1;2824;417;7066;401;16858;21622;212;79;300;0,0021625186873780186;0;0,12682059509274052;1,2063388318815956E-4;0,09542514256252282;0,7754711097741704;0;0;0
51000;4,631;-30,0;-1;-1;2829;417;7229;401;16991;22821;212;79;300;0,0015533259775934792;0;0,10988860300013906;0;0,0785320847792531;0,809998289135547;0;0;2,769710746744341E-5
52500;4,715;-25,0;-1;-1;2833;421;7381;403;17108;24060;213;85;302;0,0015808873425706405;0;0;0;0,0826566628984261;0,9157342992141606;0;0;2,8150544842606246E-5
54000;4,794;-40,0;-1;-1;2835;421;7381;403;17230;25436;213;85;302;0,0014944094714059305;6,470705667254837E-5;0;0;0,0767301092063112;0,9215859746208956;9,815136232190191E-5;0;2,664828239281543E-5
55500;4,877;-36,0;-1;-1;2836;421;7381;403;17338;26826;214;85;302;0,0013993854409075713;0;0;0;0,07067014755182334;0,9278233015788224;9,135830859701615E-5;1,5807119849748588E-5;0
57000;4,958;-38,0;-1;-1;2838;421;7381;403;17454;28208;214;85;302;0,0015680879808513057;0;0;0;0,0778555768255362;0,9205763351936126;0;0;0
58000;5,009;0,0;-1;-1;2839;421;7381;403;17535;29126;214;85;302;0,0013197839446152688;0;0,08837453344580565;7,403689307727874E-5;0,06802316755161246;0,8422084781648894;0;0;0
59500;5,091;-37,0;-1;-1;2842;421;7487;403;17620;30432;214;85;302;0,0011340731163028033;0;0,0730800749817865;0;0,05775668865442362;0,868029163247487;0;0;0
61000;5,195;-36,0;-1;-1;2844;421;7582;403;17701;31754;214;85;302;0,0010583644469214235;0;0,065648805876284;0;0,053234340681695205;0,880039493391754;0;0;1,899560334539706E-5
62500;5,297;-37,0;-1;-1;2845;421;7685;403;17773;33078;214;85;302;0,0011844974226190685;0;0,07042361946015928;0;0,05871974249693668;0,8695943527376726;7,778788261229349E-5;0;0
64000;5,385;-39,0;-1;-1;2845;421;7778;403;17855;34402;215;85;302;0;5,1931760369981905E-5;0,06845484857158335;0;0,06420446512734347;0,8671975096611331;7,769681908563205E-5;1,3548060484376147E-5;0
65500;5,488;-43,0;-1;-1;2846;426;7871;404;17946;35734;219;91;304;0;4,645231087543224E-5;0,06674035814312967;0;0,06281864159362875;0,8703945479523661;0;0;0
67000;5,571;-37,0;-1;-1;2846;426;7962;404;18037;37052;219;91;304;0;4,731139686134198E-5;0,0658086075581733;0;0,06297232989781529;0,8711717511471501;0;0;0
68500;5,649;-31,0;-1;-1;2846;426;8048;404;18136;38367;219;91;304;0;4,575754413309299E-5;0,06175464890750745;5,964621364396406E-5;0,0600211503652626;0,8781187969694528;0;0;0
70000;5,724;-32,0;-1;-1;2846;426;8141;404;18219;39691;219;91;304;9,614291603121804E-4;0;0,05416398509614553;0;0,05629424602306819;0,8885632765595675;0;0;1,7063160906692758E-5
71500;5,801;-42,0;-1;-1;2846;426;8210;404;18303;41038;219;91;304;0;0;0,05331577853924672;0;0,05604832054866491;0,8905742145588968;6,168635319154538E-5;0;0
73000;5,876;-42,0;-1;-1;2846;426;8289;404;18395;42367;219;91;304;0;0;0,056620389310620696;0;0,060338410327740045;0,8829738274659801;6,737289565918615E-5;0;0
74500;5,949;-34,0;-1;-1;2846;426;8363;404;18475;43713;219;91;304;0;0;0,05411715366826863;0;0,06124257240618892;0,8845629091666004;6,608777617658745E-5;1,1276982765447935E-5;0
76000;6,031;0,0;-1;-1;2846;426;8452;404;18554;45045;219;91;304;0;4,2619844462984355E-5;0,05589832372754906;0;0,05750757203004086;0,8865514843979471;0;0;0
77500;6,105;-37,0;-1;-1;2846;426;8538;404;18630;46383;219;91;304;0;4,062213386538679E-5;0,05784791416232262;0;0,054182765277108295;0,8879286984267036;0;0;0
79000;6,182;-35,0;-1;-1;2846;426;8634;404;18703;47714;219;91;304;9,026138364150493E-4;3,9017730642695125E-5;0,053696695482851865;0;0,051467799126254155;0,8938938738238362;0;0;0
80500;6,261;-39,0;-1;-1;2850;430;8720;405;18773;49068;222;94;315;0,008642550630263623;3,7122698358348663E-4;0,5012256313066222;4,874188809873047E-4;0,48912201291778595;0;0;0;1,5115928075751093E-4
82000;6,335;-27,0;-1;-1;2856;430;9482;407;19502;49068;222;94;316;0,00735504828629696;0;0,5193404855904771;4,1445539976646845E-4;0,4722970961080928;0;4,6412037372042044E-4;0;1,2879424164621305E-4
83500;6,418;-35,0;-1;-1;2863;430;10235;408;20240;49068;223;94;316;0,00785276377017262;0;0,4921797135291852;4,431762541705654E-4;0,4990291956558126;0;4,951507906588824E-4;0;0
85000;6,492;-35,0;-1;-1;2879;430;10945;408;21013;49068;224;94;316;0,009034624638857222;0;0,46774224870254655;0;0,5232231266585963;0;0;0;0
86000;6,541;-27,0;-1;-1;2882;430;11368;408;21587;49068;224;94;316;9,428361202216385E-4;0;0,04368032424171277;0;0,06717596875938513;0,888190622967959;0;1,0247910721421103E-5;0
87500;6,613;-35,0;-1;-1;2883;430;11442;408;21680;50400;224;94;316;9,655765681364779E-4;4,2198409000960444E-5;0,048270522240340424;0;0,06801014212317978;0,8827115606593424;0;0;0
89000;6,69;-39,0;-1;-1;2885;430;11518;408;21779;51723;224;94;316;0,0010001243698794593;0;0,04898457073507885;0;0,06962659672490136;0,880370914807438;0;0;1,779336270237969E-5
90500;6,762;-39,0;-1;-1;2887;430;11590;408;21898;53030;224;94;316;0,0010703902986986483;0;0,05148469768676704;6,120063590547926E-5;0,07347073284667316;0,8738258148772269;6,809315571097879E-5;0;1,9070499017884766E-5
92500;6,861;-39,0;-1;-1;2888;430;11704;408;22037;54776;224;94;316;0,001238968811280992;0;0;0;0,0835911518160515;0,9151698793726676;0;0;0
93500;6,907;-42,0;-1;-1;2890;430;11704;408;22108;55703;224;94;316;0,001136854727504358;0;0;0;0,07607318461223365;0,922789960660262;0;0;0
94500;6,954;-42,0;-1;-1;2891;430;11704;408;22197;56613;224;94;316;0,0011919692574692059;0;0;0;0,07889715398831564;0,9199108767542151;0;0;0
95500;7,002;-42,0;-1;-1;2893;433;11705;410;22280;57532;224;99;319;0,0012488851833117518;5,4558742419260524E-5;0;0;0,08186144623054951;0,9168351098437195;0;0;0
97000;7,096;-40,0;-1;-1;2895;433;11705;410;22396;58914;224;99;319;0,0011071348011828452;4,843052250754125E-5;0,05176978567311281;0;0,07154442848772583;0,8755105047786823;0;0;1,9715736788756664E-5
98500;7,172;-42,0;-1;-1;2897;433;11801;410;22502;60210;224;99;319;0,0011602916436245908;0;0,05291753361131868;6,644052471054146E-5;0,07401317232941555;0,8717683016691194;7,426022181124103E-5;0;0
100000;7,258;-42,0;-1;-1;2899;433;11895;410;22593;61523;224;99;319;0,0012345824076699782;0;0,054964550766359525;7,078192183788406E-5;0,07789549242559608;0,8657554808473793;7,911163115727546E-5;0;0
101500;7,374;-37,0;-1;-1;2899;433;11962;410;22707;62842;224;99;319;0;0;0,05423272232048743;0;0,08335074399906904;0,8624165336804436;0;0;0
102500;7,453;-43,0;-1;-1;2899;433;12002;410;22794;63715;224;99;319;0;0;0,054813822921107994;0;0,0828609861555968;0,8623251909232953;0;0;0
103500;7,586;-43,0;-1;-1;2899;433;12066;410;22889;64556;224;99;319;0;5,665755125438049E-5;0,06019454884990616;0;0,0914128765027234;0,8483359170961161;0;0;0
105000;7,769;-42,0;-1;-1;2899;433;12152;410;23004;65855;224;99;319;0;5,684157572737434E-5;0,05904131777853839;0;0,09381922698357213;0,8470594563308278;0;0;2,315733133442966E-5
106500;8,001;-37,0;-1;-1;2899;433;12237;410;23164;67110;224;99;319;0,0014194183857429339;0;0,06335415129727459;8,159555581097103E-5;0,09357195319272188;0,8414816931691667;9,118839928279682E-5;0;0
108000;8,18;-40,0;-1;-1;2901;433;12327;410;23293;68389;224;99;319;0,0014638838978079623;0;0,06391939468258803;0;0,08832308308013018;0,8462936383394738;0;0;0
109500;8,353;-40,0;-1;-1;2904;433;12423;410;23431;69652;224;99;319;0,0015420459471416808;0;0,06581673342263236;0;0,09063185708780154;0,8420093635424244;0;0;0
111000;8,523;-37,0;-1;-1;2907;435;12537;414;23590;70886;228;104;320;0,0015768012415004003;0;0,05880449622785875;0;0,10160407212232525;0,8380146304083156;0;0;0
112500;8,644;-38,0;-1;-1;2910;435;12631;414;23737;72142;228;104;320;0,0017013653870759588;7,50421112425984E-5;0,06212292355202095;0;0,10794027820675056;0,8281603907429099;0;0;0
114000;8,798;-33,0;-1;-1;2913;435;12718;414;23891;73398;228;104;320;0,0016102956473913502;0;0,056895729297034923;0;0,10049492498164798;0,8409990500739258;0;0;0
115500;8,935;-26,0;-1;-1;2918;435;12810;414;24050;74642;228;104;320;0,0014081312415228707;0;0,05280026526897753;9,703325597718306E-5;0,11111223926724621;0,8344447468634313;1,0704129913898693E-4;0;3,0542803705887846E-5
117500;9,107;-42,0;-1;-1;2922;435;12926;414;24279;76293;228;104;320;0,0014538716148526389;0;0,05820530988197355;0;0,11203858485625558;0,8283022336469182;0;0;0
119000;9,255;-30,0;-1;-1;2929;435;13001;414;24454;77536;228;104;320;0,0015050749978468452;0;0,05944543291399502;0;0,11412592183980977;0,8249235702483483;0;0;0
120500;9,447;-42,0;-1;-1;2931;435;13068;414;24642;78779;228;104;320;0,0015321406772378083;0;0,06501120452491498;0;0,12197060622117888;0,8114860485766683;0;0;0
122000;9,627;-39,0;-1;-1;2932;435;13166;414;24854;79968;228;104;320;0,001579617413068739;8,45412278217862E-5;0,061056576272031406;0;0,12705989638434878;0,8102193687027293;0;0;0
123500;9,781;-43,0;-1;-1;2934;435;13264;414;25046;81176;228;104;320;0,001600014762382765;0;0,06595224463202921;0;0,1260588033750206;0,8063889372305675;0;0;0
125000;9,937;-39,0;-1;-1;2935;435;13354;414;25249;82382;228;104;320;0,001553161753734313;0;0,06278182737245468;0;0,12381655174376871;0,8118484591300423;0;0;0
126500;10,079;-34,0;-1;-1;2937;435;13446;414;25446;83591;228;104;320;0,0015278478962410724;0;0,060585538500716234;1,0666979856778768E-4;0,11398090690961038;0,8236813816630502;1,1765523181443688E-4;0;0
128000;10,247;-33,0;-1;-1;2944;435;13553;418;25609;84826;230;108;323;0,0017721789654328206;0;0,06892260274576995;1,2322596246884147E-4;0;0,9290071898995177;1,358392188625765E-4;0;3,8963207948112356E-5
129500;10,388;-39,0;-1;-1;2949;435;13638;418;25609;86236;230;108;323;0,0017973242364709952;0;0,06880537545051435;0;0;0,9293973003130147;0;0;0
130500;10,485;-38,0;-1;-1;2949;435;13707;418;25609;87167;230;108;323;0,0017813977556753098;0;0,07300590990548325;0;0;0,9252126923388414;0;0;0
131500;10,593;-30,0;-1;-1;2950;435;13781;418;25609;88092;230;108;323;0,0018122991203281824;9,810668060158477E-5;0,07316236567830253;0;0;0,9249272285207677;0;0;0
133000;10,721;-34,0;-1;-1;2953;435;13914;418;25609;89456;230;108;323;0,0016864444020553819;9,145781505713114E-5;0,06636012727081167;0;0,12285849740957223;0,8090034731025036;0;0;0
134500;10,832;-37,0;-1;-1;2957;435;14029;418;25785;90661;230;108;323;0,0017228514581470165;0;0,06628140336013101;1,2073002540557398E-4;0,12336747071933557;0,8083744661301948;1,3307830678604407E-4;0;0
136000;10,911;-33,0;-1;-1;2960;435;14135;418;25982;91855;230;108;323;0,0017113136004864246;0;0,064492676964481;0;0,12016746623363701;0,8136285432013954;0;0;0
137500;10,984;-42,0;-1;-1;2964;435;14213;418;26176;93079;230;108;323;0,0024972929281700485;0;0,06365971270740735;0;0,11807644476079251;0,8157665496036302;0;0;0
139000;11,059;-42,0;-1;-1;2966;435;14307;418;26354;94305;230;108;323;0,002581512239918003;0;0,064527128710518;0;0,11983419280573547;0,8130571662438286;0;0;0
140500;11,131;-30,0;-1;-1;2969;435;14386;418;26543;95534;230;108;323;0,002564453397899925;9,637015968968891E-5;0,0631089110099284;0;0,11685393079020656;0,8173370043136552;0;0;3,933032862025606E-5
142000;11,212;-41,0;-1;-1;2971;435;14463;418;26719;96779;230;108;323;0,00253962847318207;0;0,06151823155094783;0;0,11365612732734698;0,8222860126485231;0;0;0
143500;11,295;-34,0;-1;-1;2975;438;14554;427;26885;98025;233;110;325;0,0025227268241907364;0;0,060054804328498336;1,198702647734423E-4;0,11115434349362313;0,8260145824902914;1,336725986229287E-4;0;0
145000;11,389;-34,0;-1;-1;2979;438;14644;454;27039;99277;234;110;325;0,002753624019551178;0;0,06448218666696472;1,2405305759276695E-4;0;0,9324947279679981;1,4540828789319664E-4;0;0
146500;11,464;-35,0;-1;-1;2979;438;14730;454;27039;100690;235;110;325;0;0;0,06115877411087069;0;0;0,9388412258891292;0;0;0
147500;11,511;-38,0;-1;-1;2979;439;14786;467;27039;101635;235;111;327;0;0;0,0613783183068239;0;0;0,9386216816931762;0;0;0
148500;11,558;-39,0;-1;-1;2979;439;14846;467;27039;102575;235;111;327;0;1,0270601952935333E-4;0,061813418597697234;0;0;0,9380838753827734;0;0;0
149500;11,606;-43,0;-1;-1;2979;439;14904;467;27039;103517;235;111;327;0;9,259466851070441E-5;0,05504451773741224;0;0,1077190874251445;0,8371438001689326;0;0;0
151000;11,683;-43,0;-1;-1;2979;439;15001;483;27198;104762;235;112;327;0,00255158768028668;9,528029846220948E-5;0,05548959292382694;1,0840710788936566E-4;0,10898065957289702;0,8326409128896531;1,3355952698463461E-4;0;0
153000;11,798;-37,0;-1;-1;2986;439;15108;483;27451;106395;235;112;327;0,002475935172347589;0;0,05732069922143609;0;0,11800037592697088;0,8222029896792454;0;0;0
154500;11,87;-37,0;-1;-1;2990;439;15195;483;27624;107631;235;112;327;0,002399187314380643;0;0,0547053783618227;0;0,12011705178512114;0,8227783825386755;0;0;0
156000;11,944;-36,0;-1;-1;2993;439;15287;483;27806;108854;235;112;327;0,002376328988557778;0;0,05770593112385717;0;0,11644912503962229;0,8234686148479627;0;0;0
157500;12,022;-36,0;-1;-1;2994;441;15355;507;28018;110075;236;114;331;0,0022833234197539905;0;0,05470930637890385;0;0,1242175908662271;0,8187897793351151;0;0;0
159000;12,097;-39,0;-1;-1;2998;441;15443;507;28194;111307;236;114;331;0,0023193810214897095;8,710500726796624E-5;0,05467414690783472;0;0,12804051923802456;0,8148788478253831;0;0;0
160500;12,17;-39,0;-1;-1;3001;441;15524;507;28380;112537;236;114;331;0,0022523710911680067;0;0,05656011279312702;9,232687544179575E-5;0,12601413435187678;0,8149622168475529;1,1883804083364849E-4;0;0
162000;12,247;-30,0;-1;-1;3002;441;15623;507;28569;113748;236;114;331;0,002132147688936245;0;0,05253802488208954;0;0,12072885906652908;0,8246009683624451;0;0;0
163500;12,319;-35,0;-1;-1;3005;441;15695;507;28775;114967;236;114;331;0,0020728257911709954;0;0,05043108553065824;0;0,11519745981314074;0,8322986288650299;0;0;0
165000;12,399;-34,0;-1;-1;3007;442;15773;514;28951;116227;236;114;331;0,0019201266738476577;0;0,04605477382303934;0;0,10817930348454138;0,8438457960185716;0;0;0
166500;12,476;-38,0;-1;-1;3011;442;15843;525;29117;117501;236;115;331;0,0018843889167437706;0;0,04466854107430668;0;0,10460527570321144;0,848841794305738;0;0;0
168000;12,548;-36,0;-1;-1;3013;442;15908;525;29267;118784;236;115;331;0,001865441442187328;7,051396474678057E-5;0,043700794050784746;0;0,10210319566339728;0,8522600548788838;0;0;0
169500;12,624;-34,0;-1;-1;3014;442;15974;535;29419;120077;237;115;333;0,0018691053768245729;0;0,04325269246534629;0;0,10085835447118643;0,8540198476866427;0;0;0
171000;12,698;-40,0;-1;-1;3015;442;16046;535;29572;121351;237;115;333;0,0018935603897028174;0;0,04666190341898703;0,0011338759172158915;0,10072738568064997;0,8494832936889818;9,998090446235687E-5;0;0
172500;12,773;-28,0;-1;-1;3016;442;16116;540;29715;122632;237;115;333;0,0019023890638996761;0;0,04627385127590488;0,005567924080422802;0,09983047794975926;0,8464253576300134;0;0;0
174000;12,85;-39,0;-1;-1;3021;442;16190;556;29907;123874;238;115;335;0,0021005950156227373;0;0,050468695160567775;0,005970399883521529;0;0,941460309940288;0;0;0
175500;12,924;-40,0;-1;-1;3024;442;16286;573;29907;125258;238;115;335;0,0021584703548931734;0;0,05097241643872629;0,005940225218209148;0;0,9409288879881714;0;0;0
177000;12,996;-37,0;-1;-1;3027;442;16372;580;29907;126662;238;115;335;0,002119503604135688;0;0,04930000748101301;0,005754968821875914;0;0,9428255200929755;0;0;0
178500;13,068;-29,0;-1;-1;3031;442;16445;588;29907;128077;238;115;335;0,002096642588252743;8,007829382930293E-5;0,04821129569856076;0,005619709604060578;0;0,9439922738152967;0;0;0
180000;13,142;-34,0;-1;-1;3033;443;16523;606;29920;129488;239;116;335;0,012236430584674211;4,668185852360708E-4;0,3220611524677055;0,03174610701158778;0,6334894913507966;0;0;0;0
181500;13,215;-34,0;-1;-1;3052;444;16960;638;30931;129488;239;116;335;0,01379243395886205;5,296601409480363E-4;0;0,033994651680439386;0,9516832542197505;0;0;0;0
183000;13,287;-33,0;-1;-1;3084;444;16960;685;32352;129488;239;116;335;0,017158788366249386;4,747910267715886E-4;0;0,027983963199151755;0,9537222392323883;0;6,602181754389323E-4;0;0
184500;13,39;-27,0;-1;-1;3122;444;16960;719;33780;129488;239;116;335;0,0157749509748035;0;0;0,02462159642439588;0,9596034526008006;0;0;0;0
185500;13,464;-28,0;-1;-1;3140;444;16960;739;34742;129488;239;116;335;0,0025758628813182497;0;0;0,0022464129536376594;0,14935856214512622;0,8458191620199179;0;0;0
187000;13,613;-38,0;-1;-1;3143;444;16960;753;34998;130746;241;116;335;0,0025000606971454496;0;0,048606056831390486;0,0021398981269672734;0,14548250857164371;0,8012714757728531;0;0;0
188500;13,766;-38,0;-1;-1;3146;444;17036;755;35218;131945;241;116;335;0;0;0,05059280810282949;0,0022525317950749077;0,140670472381322;0,8064841877207737;0;0;0
190000;13,904;-13,0;-1;-1;3146;444;17098;757;35429;133170;241;116;335;0;7,58707986472424E-5;0,05056564708426801;0,00226958339169874;0,14653929209430924;0,8005496066310769;0;0;0
191500;14,036;-31,0;-1;-1;3146;444;17171;759;35685;134339;241;116;335;0;0;0,05257965162062907;0,002220950238440302;0,14768981712972465;0,797509581011206;0;0;0
193000;14,2;-38,0;-1;-1;3146;444;17258;762;35869;135565;241;116;335;0;0;0,05302605202730325;0,002266496153785128;0,1440548243593813;0,8006526274595303;0;0;0
194500;14,342;-39,0;-1;-1;3146;444;17344;764;36078;136768;241;116;335;0,002811603079505199;0;0,05478360903933388;0,0023718955781004626;0,14856708508948768;0,7914658072135728;0;0;0
196000;14,452;-38,0;-1;-1;3152;444;17423;775;36311;137961;241;116;335;0,0032101775456421905;0;0,06181623729311015;0,0026681932163473256;0;0,9323053919449004;0;0;0
197500;14,521;-30,0;-1;-1;3161;444;17512;780;36311;139358;241;116;335;0,0031659279310131505;0;0,06028352433177842;0,0026210288613237017;0;0,9339295188758848;0;0;0
199000;14,646;-41,0;-1;-1;3166;444;17608;784;36311;140753;241;116;335;0,003154748569172376;9,09725881818168E-5;0,059173713365935555;0,002601365149874554;0;0,9349792003268357;0;0;0
200500;14,798;-42,0;-1;-1;3172;444;17698;788;36311;142153;241;116;335;0,0031146656245841222;0;0,0617724602658776;0,0025594480293147596;0;0,9325534260802235;0;0;0
202000;14,952;-34,0;-1;-1;3174;444;17783;794;36311;143560;241;116;335;0,002686408742457607;0;0,052540151136472285;0,002190951183328095;0,14063372744719954;0,8019487614905425;0;0;0
203500;15,084;-34,0;-1;-1;3176;444;17858;794;36511;144783;241;116;335;0,0027276585844485425;0;0,05642043331650719;0;0,14063872696606777;0,8002131811329765;0;0;0
205000;15,15;-41,0;-1;-1;3177;444;17940;794;36729;145982;241;116;335;0,0026616867243302905;0;0,05433918072442338;0;0,13819743149680735;0,804801701054439;0;0;0
206500;15,22;-35,0;-1;-1;3185;445;18013;802;36957;147187;242;117;335;0,0026293755957235506;0;0,05325105934560982;0;0,13465956234518348;0,8094600027134832;0;0;0
208000;15,288;-41,0;-1;-1;3188;445;18087;802;37156;148411;242;117;335;0,0026513806105677453;0;0,053099798194424355;0;0,13385138409974484;0,8103974370952631;0;0;0
209500;15,355;-36,0;-1;-1;3198;445;18167;802;37359;149618;242;117;335;0,0026129947467045567;7,637555189573088E-5;0,051848730570982486;0,0021251443629682013;0,13040564616045858;0,8129311086069904;0;0;0
211000;15,426;-42,0;-1;-1;3202;445;18249;805;37573;150815;242;117;335;0,0025413617845830316;0;0,049819377307932414;0,002061398438062229;0,13091076253817727;0,8146670999312451;0;0;0
212500;15,498;-37,0;-1;-1;3208;445;18314;809;37784;152029;242;117;335;0,002597990758424921;0;0;0,002100172656551816;0,13509348412268235;0,860208352462341;0;0;0
214000;15,565;-35,0;-1;-1;3211;445;18314;814;37986;153319;242;117;335;0,0025130189007105804;0;0;0,002019179645678526;0,13186346084533793;0,8636043406082731;0;0;0
215500;15,636;-27,0;-1;-1;3213;445;18314;821;38194;154602;242;117;335;0,0025013842671168843;0;0;0,001991240610443667;0,12927354804355973;0,8662338270788797;0;0;0
217000;15,706;-35,0;-1;-1;3219;445;18314;825;38389;155897;242;117;335;0,0023990823222230697;0;0;0,0019035930439207651;0,12814296642730041;0,8675543582065557;0;0;0
218500;15,782;-32,0;-1;-1;3223;446;18314;840;38593;157204;242;117;336;0,0022131400678538212;0;0,043250048741003876;0,0017207964203514424;0,11920595186444193;0,8336100629063489;0;0;0
220000;15,855;-33,0;-1;-1;3226;446;18380;843;38761;158464;242;117;336;0;0;0,04480589006356752;0,0016787095862112642;0,12055019370804664;0,8329652066421745;0;0;0
221500;15,926;-39,0;-1;-1;3226;446;18455;845;38927;159721;242;117;336;0;6,440165525201645E-5;0,04446558737943932;0,0016822336811174062;0,12228930097027192;0,8314984763139193;0;0;0
223000;16,0;-30,0;-1;-1;3226;446;18510;847;39108;160983;242;117;336;0;0;0,04298546600144151;0,0016366739867265734;0,11765797956918528;0,8377198804426467;0;0;0
224500;16,074;-31,0;-1;-1;3226;446;18569;848;39280;162251;242;117;336;0;0;0,04123432574952632;0,0015840064187257284;0,11756395407793185;0,8396177137538161;0;0;0
226000;16,147;-38,0;-1;-1;3226;446;18641;850;39465;163492;242;117;336;0,0020655306099124056;0;0,04086009923981833;0,0015844515048484586;0,11626851752299988;0,8392214011224209;0;0;0
227500;16,222;-38,0;-1;-1;3231;446;18694;853;39642;164754;242;117;336;0,0023011318840658154;0;0,045194542600093986;0,0017607081634829823;0;0,9507436173523572;0;0;0
229000;16,294;-39,0;-1;-1;3234;446;18766;857;39642;166175;242;117;336;0,0032209586228206318;0;0,045738152885889075;0,0017928227175688948;0;0,9492480657737213;0;0;0
230500;16,366;-43,0;-1;-1;3243;446;18826;863;39642;167600;242;117;336;0,003251313274635402;0;0,045859488845627065;0,0018004318573114895;0;0,949088766022426;0;0;0
232000;16,442;-43,0;-1;-1;3250;446;18886;876;39655;169029;242;117;337;0,003324147714876159;0;0,04653044934932024;0,001807558163603992;0;0,9483378447721996;0;0;0
233500;16,514;-34,0;-1;-1;3257;446;18963;880;39655;170441;242;117;337;0,0029037501084328136;0;0,04025553063192408;0,0015741491563016133;0,11903650811037192;0,8362300619929696;0;0;0
235000;16,593;-38,0;-1;-1;3262;446;19031;882;39830;171691;242;117;337;0,0033216443494092775;7,309260450133103E-5;0,045619245411381806;0,0017993681993614258;0;0,9491866494353461;0;0;0
236500;16,669;-38,0;-1;-1;3267;446;19100;884;39830;173115;242;117;337;0,0033935463343682656;7,498262661703943E-5;0,04623191029719321;0,0018395260668418738;0;0,9484600346749796;0;0;0
238000;16,743;-38,0;-1;-1;3268;446;19149;888;39830;174561;242;117;337;0,004429623997815869;0;0,044780773878225995;0,0017859200584129074;0;0,9490036820655452;0;0;0
239500;16,814;-34,0;-1;-1;3273;446;19206;890;39830;175997;242;117;337;0,0043603832741334805;0;0,04374889313382411;0,0017566757267299335;0;0,9501340478653124;0;0;0
241000;16,886;-28,0;-1;-1;3282;446;19294;892;39830;177398;242;117;337;0,004343156820706414;0;0,0460656860505068;0,001751832426359972;0;0,9478393247024267;0;0;0
242500;16,969;-41,0;-1;-1;3288;446;19363;895;39830;178820;242;117;337;0,0037425857858934155;0;0,039342367890009076;0,0015069302044671278;0,114723251627555;0,8406848644920754;0;0;0
244000;17,042;-38,0;-1;-1;3292;446;19423;895;40003;180083;242;117;337;0,0037051584150347033;6,20092755473015E-5;0,03862993122470483;0;0,11228540975614053;0,8453174913285726;0;0;0
245500;17,116;-40,0;-1;-1;3296;446;19466;895;40179;181360;242;117;337;0,0037546253268875567;0;0,03893164045789126;0;0,11246626143784955;0,8448474727773716;0;0;0
247000;17,191;-36,0;-1;-1;3297;447;19524;906;40370;182626;243;117;337;0,003690052477596735;0;0,04044577394643698;0;0,1113534464364554;0,8445107271395109;0;0;0
248500;17,266;-42,0;-1;-1;3306;447;19591;906;40545;183875;243;117;337;0,003724534000400153;0;0,040529241033357345;0;0,11373963361942303;0,8420065913468194;0;0;0
250000;17,337;-36,0;-1;-1;3313;447;19647;906;40733;185124;243;117;337;0,0036446827845324097;0;0,039417640263277626;0,0014603366761327256;0,11005640709713194;0,8454209331789253;0;0;0
251500;17,41;-42,0;-1;-1;3319;447;19708;908;40882;186406;243;117;337;0,0039916357380139;0;0,04567343644169443;0,0015995742174240012;0;0,9487353536028676;0;0;0
253000;17,482;-31,0;-1;-1;3327;447;19787;910;40882;187817;243;117;337;0,00394064502282195;6,69655681194515E-5;0,04466474957307951;0,0015801102369382468;0;0,9497475295990407;0;0;0
254500;17,571;-37,0;-1;-1;3331;447;19861;914;40882;189235;243;117;337;0,003934247564119501;0;0,04419371277348649;0,001572188089189504;0;0,9502998515732044;0;0;0
256000;17,644;-37,0;-1;-1;3339;447;19928;920;40882;190654;243;117;337;0,003843811946540173;0;0,042856721648208085;0,0015279916598910793;0;0,9517714747453607;0;0;0
257500;17,715;-31,0;-1;-1;3349;447;19993;922;40882;192077;243;117;337;0,0034081014487377954;0;0,03776732414767525;0,0013546365892872913;0,10331330340370173;0,854156634410598;0;0;0
259000;17,789;-36,0;-1;-1;3354;447;20059;927;41040;193343;243;117;337;0,003837883087284827;0;0,04216858131764583;0,0015180748476224693;0;0,9524754607474468;0;0;0
260500;17,862;-37,0;-1;-1;3361;447;20123;929;41040;194770;243;117;337;0,004837447264174878;0;0,04030307591711064;0,001461385923706408;0;0,953398090895008;0;0;0
262000;17,935;-30,0;-1;-1;3371;447;20168;930;41040;196214;243;117;337;0,0047872100185534965;0;0,03976532358804543;0,001450300451652385;0;0,9539971659417487;0;0;0
263500;18,01;-36,0;-1;-1;3376;447;20235;940;41053;197640;245;118;337;0,004829066774393934;6,423896830434036E-5;0,03979482421293922;0,0014466528127214534;0;0,9538652172316411;0;0;0
265000;18,087;-42,0;-1;-1;3382;447;20297;944;41053;199068;245;118;337;0,004876322796504563;0;0,03987601958568459;0,001456191589619581;0;0,9537914660281912;0;0;0
266500;18,16;-33,0;-1;-1;3390;447;20366;950;41053;200485;245;118;337;0,0043235907805255986;0;0,035083847778875764;0,0012844535274398237;0,10041653611927243;0,8588915717938864;0;0;0
268000;18,235;-39,0;-1;-1;3396;447;20425;955;41200;201768;245;118;337;0,0044924433626136115;0;0;0,0013286135683550971;0,10567169489539979;0,8885072481736315;0;0;0
269500;18,307;-35,0;-1;-1;3399;447;20425;957;41351;203112;245;118;337;0,004328247816499508;0;0;0,00127818969592946;0,10520945048873084;0,8891841119988403;0;0;0
271000;18,383;-34,0;-1;-1;3404;447;20425;960;41499;204456;245;118;337;0,004289043889460956;0;0;0,0012640152699431187;0,10331729447470421;0,8911296463658916;0;0;0
272500;18,457;-35,0;-1;-1;3412;447;20425;962;41646;205799;245;118;337;0,004136914996949152;0;0;0,0012201587528516673;0,1009758735515529;0,8936670526986463;0;0;0
274000;18,53;-36,0;-1;-1;3418;447;20425;963;41811;207127;245;118;337;0,003912331362635672;0;0,03179741193623385;0,0011554813663487175;0,1007070179566159;0,8624277573781658;0;0;0
275500;18,606;-34,0;-1;-1;3423;447;20487;964;41949;208421;245;118;337;0,004321390277326837;5,882024933306896E-5;0,03484501890870351;0,0012773462615276823;0;0,9594974243031088;0;0;0
277000;18,68;-33,0;-1;-1;3428;447;20540;968;41949;209859;245;118;337;0,004362278168272185;0;0,03495283604397644;0,001284565363610402;0;0,959400320424141;0;0;0
278500;18,754;-36,0;-1;-1;3434;447;20578;969;41949;211314;245;118;337;0,00432928274267614;0;0,03457218566426255;0,0012760415091499736;0;0,9598224900839114;0;0;0
280000;18,831;-37,0;-1;-1;3444;447;20628;980;41960;212754;245;118;338;0,0042823847388318995;0;0,03406471752616993;0,0012468861544236705;0;0,9604060115805745;0;0;0
281500;18,904;-39,0;-1;-1;3452;447;20675;981;41960;214198;245;118;338;0,003909030569285717;0;0,030965298634476546;0,0011403165769440227;0,10080917210413116;0,8631761821151626;0;0;0
283000;18,981;-33,0;-1;-1;3458;447;20724;983;42080;215521;245;118;338;0;0;0,035700193831317915;0,0010987619583632717;0,10058061335925646;0,8626204308510623;0;0;0
284500;19,055;-41,0;-1;-1;3458;447;20781;986;42231;216810;245;118;338;0;0;0,03579643154222113;0,0011069297610418322;0,10273090905332631;0,8603657296434106;0;0;0
286000;19,131;-41,0;-1;-1;3458;447;20848;989;42384;218087;245;118;338;0;0;0,03606370254001933;0,0011223788728418349;0,10342153941988373;0,8593923791672551;0;0;0
287500;19,206;-37,0;-1;-1;3458;447;20908;992;42517;219391;245;118;338;0;0;0,03847924094712971;0,0010697422732397607;0,10204896152680643;0,8584020552528241;0;0;0
289000;19,281;-39,0;-1;-1;3458;447;20973;994;42645;220696;245;118;338;0,0036561336243341553;5,069004208718409E-5;0,037475453414288894;0,0010495437482856268;0,09945323805998381;0,8583149411110204;0;0;0
290500;19,361;-41,0;-1;-1;3467;447;21035;996;42794;221974;245;118;338;0,003692908784139569;0;0,037631750014684245;0,001061239018700762;0,09975214714653716;0,8578619550359383;0;0;0
292000;19,436;-37,0;-1;-1;3470;447;21094;997;42943;223262;245;118;338;0;0;0,038375201084855044;0,0010295042156901481;0,1017680458395688;0,858827248859886;0;0;0
293500;19,51;-35,0;-1;-1;3470;447;21160;998;43086;224552;245;118;338;0;0;0,037810041117975444;0,0010234063913255565;0,10027360231993328;0,8608929501707658;0;0;0
295000;19,583;-36,0;-1;-1;3470;447;21217;999;43252;225828;245;118;338;0;0;0,03804874511602384;0,0010376686914340234;0,1006121006321914;0,8603014855603508;0;0;0
296500;19,665;-22,0;-1;-1;3471;448;21292;1010;43446;227074;246;118;338;0;0;0,038784047652460206;9,96485660230146E-4;0,09857218178660045;0,8616472849007092;0;0;0
298000;19,739;-37,0;-1;-1;3471;448;21350;1012;43592;228368;246;118;338;0,003438563721147355;0;0,03748349671902189;9,69302640819286E-4;0,10086990987725222;0,8572387270417593;0;0;0
299500;19,818;-42,0;-1;-1;3473;448;21407;1014;43726;229673;246;118;338;0,003859578808369703;0;0,04144496929097274;0,0010857161345642224;0;0,9536097357660933;0;0;0
301000;19,917;-25,0;-1;-1;3478;448;21472;1016;43726;231101;246;118;338;0,0038790506134242873;0;0,04130857519280137;0,001090395483661747;0;0,9537219787101127;0;0;0
302500;20,06;-37,0;-1;-1;3483;448;21522;1018;43726;232544;246;118;338;0,003973842388235408;5,581760711650699E-5;0,04207062364727644;0,0011166935470972481;0;0,9527830228102744;0;0;0
304000;20,199;-38,0;-1;-1;3484;448;21591;1021;43726;233971;246;118;338;0,004085416299994349;0;0,042811758320940384;0,0011437498697088638;0;0,9519590755093563;0;0;0
305500;20,369;-35,0;-1;-1;3490;448;21652;1022;43726;235403;246;118;338;0,003683917590034473;0;0,038336878752507964;0,0010329452733005833;0,10766056168428058;0,8492856966998764;0;0;0
307000;20,51;-33,0;-1;-1;3497;448;21705;1024;43881;236686;246;118;338;0,004198736129195714;0;0,04345631728594867;0,0011775881042245058;0;0,9511673584806312;0;0;0
308500;20,666;-38,0;-1;-1;3498;448;21780;1024;43881;238110;246;118;338;0,004303527955220225;0;0,04404157516515301;0,001207777911100201;0;0,9504471189685265;0;0;0
310000;20,82;-31,0;-1;-1;3506;448;21854;1027;43881;239525;246;118;338;0,004328096918755458;0;0,04396252114473783;0,001214326718956945;0;0,9504950552175497;0;0;0
311500;20,958;-37,0;-1;-1;3511;448;21913;1027;43881;240961;246;118;338;0,003774414936369073;0;0,04458074764931975;0,0012433773216155907;0;0,9504014600926957;0;0;0
313000;21,062;-32,0;-1;-1;3522;448;21982;1036;43898;242381;246;120;338;0,0037333398727097985;0;0,046345817356160536;0,0012197167839641402;0;0,9487011259871656;0;0;0
314500;21,134;-36,0;-1;-1;3525;448;22059;1039;43898;243798;246;120;338;0,0033535258976890845;0;0,041204914227012064;0,001092441921099954;0,11471998824425557;0,8396291297099434;0;0;0
316000;21,208;-41,0;-1;-1;3535;448;22119;1039;44071;245055;246;120;338;0,0033628679759666285;5,690281197570267E-5;0,041132253440998696;0;0,1141480406578256;0,8412999351132333;0;0;0
317500;21,287;-32,0;-1;-1;3541;448;22174;1039;44250;246315;246;120;338;0,0033302645634033334;0;0,042803278831717306;0;0,11852941285595363;0,8353370437489257;0;0;0
319000;21,362;-30,0;-1;-1;3547;448;22239;1039;44435;247559;246;120;338;0,003303323975953231;0;0,04217701768876987;0;0,12088732041462757;0,8336323379206493;0;0;0
320500;21,436;-37,0;-1;-1;3550;448;22304;1039;44611;248815;246;120;338;0,003220344020818557;0;0,04076929825151094;0;0,12100292851080753;0,8350074292168629;0;0;0
322000;21,51;-43,0;-1;-1;3554;448;22349;1039;44790;250087;246;120;338;0,0031508654807172443;0;0,03967347151910687;0,001040014410903417;0,11706643675049683;0,8390692118387757;0;0;0
323500;21,582;-35,0;-1;-1;3558;448;22401;1040;44962;251358;246;120;338;0,0035330320650484083;0;0,04422299225366532;0,0011664344806711939;0;0,951077541200615;0;0;0
325000;21,655;-33,0;-1;-1;3564;448;22477;1041;44962;252775;246;120;338;0,003378145551388411;0;0,04192392084702995;0,0011163678348801247;0;0,9535815657667015;0;0;0
326500;21,725;-41,0;-1;-1;3569;448;22532;1041;44962;254215;246;120;338;0,0033911543564373327;0;0,04181142914293613;0,0011228327745942722;0;0,9536745837260322;0;0;0
328000;21,797;-37,0;-1;-1;3574;448;22590;1043;44962;255650;246;120;338;0,003346216281807017;0;0,04098887443479458;0,0011071309999638166;0;0,9545577782834346;0;0;0
329500;21,868;-34,0;-1;-1;3578;448;22648;1049;44981;257086;247;120;338;0,0029608605528274445;5,114954462429756E-5;0,03603198704626381;0,002975654532568798;0,10945830166417561;0,8485220466595401;0;0;0
331000;21,941;-40,0;-1;-1;3581;448;22702;1052;45150;258357;247;120;338;0,002941099897231228;0;0,03555048858015132;0,002947354643315986;0,10760185600046346;0,850959200878838;0;0;0
332500;22,015;-44,0;-1;-1;3585;448;22745;1056;45314;259642;247;120;338;0,0033167651952209;0;0,039886882147737814;0,0033106000238981403;0;0,9534857526331431;0;0;0
334000;22,09;-44,0;-1;-1;3590;448;22797;1058;45314;261083;247;120;338;0,0033694887230006775;0;0,040288609526684664;0,0033610057156602162;0;0,9529808960346545;0;0;0
335500;22,161;-37,0;-1;-1;3593;448;22869;1067;45314;262499;247;120;338;0,003339495979023902;0;0,03955499536998842;0,003295590836199209;0;0,9538099178147885;0;0;0
337000;22,241;-29,0;-1;-1;3596;448;22921;1072;45314;263939;247;120;338;0,003232071884034408;0;0,038044765605858226;0,0031720168614523285;0;0,955551145648655;0;0;0
338500;22,313;-26,0;-1;-1;3599;448;22975;1072;45314;265382;247;120;338;0,0028567722496020036;0;0,03340294094902822;0,0028068493179914025;0,1038975080110934;0,8570359294722849;0;0;0
340000;22,385;-38,0;-1;-1;3602;448;23027;1074;45480;266659;247;120;338;0,003173645606458007;0;0,03686751056143622;0,0031101175590596553;0;0,9568487262730461;0;0;0
341500;22,457;-32,0;-1;-1;3605;448;23079;1078;45480;268100;247;120;338;0,0031547544775573735;0;0,03642189763474305;0,003077521651695779;0;0,9573458262360037;0;0;0
343000;22,525;-41,0;-1;-1;3607;448;23135;1083;45480;269537;247;120;338;0,0030995808296263687;5,431129770460621E-5;0,03554239681620335;0,003007841507590079;0;0,9582958695488756;0;0;0
344500;22,598;-37,0;-1;-1;3611;448;23186;1087;45480;270978;247;120;338;0,003062864379268506;0;0,03492317299564851;0,0029609240435339466;0;0,9590530385815491;0;0;0
346000;22,673;-35,0;-1;-1;3614;448;23234;1106;45494;272427;247;120;339;0,0030709506251544007;0;0,034828641754049254;0,002899514515380708;0;0,9592008931054157;0;0;0
347500;22,745;-35,0;-1;-1;3616;448;23292;1114;45494;273859;247;120;339;0,00275071026089047;0;0,030969340276469446;0,0025713526820514325;0,09936234284814581;0,8643462539324428;0;0;0
349000;22,816;-37,0;-1;-1;3619;448;23339;1115;45631;275171;247;120;339;0,020419353790238893;0;0,22868230148436614;0,019086418153190638;0,7318119265722044;0;0;0;0
350500;22,885;-30,0;-1;-1;3648;448;23689;1157;46710;275171;247;120;339;0,017706569617716165;0;0,21323548752979574;0,03776612314012803;0,73129181971236;0;0;0;0
352000;22,956;-27,0;-1;-1;3675;448;24011;1252;47766;275171;247;120;339;0,015908678910047908;0;0,21688722952952277;0,11291834138528789;0,6542857501751416;0;0;0;0
353500;23,026;-33,0;-1;-1;3689;448;24264;1636;48615;275171;247;120;339;0,010105657602147782;0;0,14096612951602375;0,37842329108559053;0,4705049217962379;0;0;0;0
355000;23,096;-29,0;-1;-1;3706;448;24477;2149;49372;275171;247;120;339;0,0022972469775535587;0;0,031385687494571914;0,12388406523286975;0,10593233046249453;0,7365006698325102;0;0;0
356500;23,169;-41,0;-1;-1;3707;448;24521;2317;49543;276287;247;120;339;0,0026142604481404702;4,772144139207353E-5;0,03551777652929033;0,12039971572005755;0;0,8414205258611196;0;0;0
358000;23,242;-41,0;-1;-1;3711;448;24582;2483;49543;277556;247;120;339;0,0026907910469820035;4,920933398007542E-5;0,03631306940432758;0,10633375284322119;0;0,8546131773714891;0;0;0
359500;23,319;-41,0;-1;-1;3715;448;24637;2664;49543;278816;247;120;339;0,0025699315563728485;0;0,03624790387739363;0,140711072012669;0;0,8204710925535644;0;0;0
361000;23,39;-41,0;-1;-1;3720;448;24685;2864;49543;280063;247;120;339;0,00265280672510181;0;0,03724867666400409;0,12349377004535822;0;0,836604746565536;0;0;0
362500;23,467;-36,0;-1;-1;3722;448;24740;3051;49556;281334;247;121;339;0,0023932363278860646;0;0,03503822927422421;0,09538469076635196;0,1095583425502341;0,7576255010813037;0;0;0
364000;23,59;-37,0;-1;-1;3726;448;24793;3204;49716;282464;247;121;339;0,010396001314538352;0;0,15128295086557017;0,3667561802824984;0,4715648675373931;0;0;0;0
365500;23,66;-37,0;-1;-1;3744;448;25030;3715;50450;282464;247;121;339;0,011986581919812476;2,2233325618340122E-4;0,17030748860330394;0,29442349751338776;0,5230600987073124;0;0;0;0
367000;23,732;-30,0;-1;-1;3754;448;25288;4276;51121;282464;247;121;339;0,009970177613801359;0;0,14453449678404584;0,38996831633816725;0,45552700926398554;0;0;0;0
368500;23,805;-31,0;-1;-1;3768;448;25517;4826;51828;282464;247;121;339;0,011371394009860654;0;0,1609280332077507;0,32003008244995473;0,5076704903324338;0;0;0;0
370000;23,874;-37,0;-1;-1;3786;448;25761;5277;52615;282464;247;121;339;0,003195371471074086;0;0,03437050470554685;0,05486985519228869;0,11200753233350316;0,7955567362975873;0;0;0
371500;23,945;-40,0;-1;-1;3788;448;25822;5352;52799;283642;247;121;339;0,003630535532857118;0;0,038782761056414684;0,05990615494783563;0;0,8976805484628926;0;0;0
373000;24,025;-41,0;-1;-1;3797;448;25872;5451;52799;284984;247;121;339;0,0036956797954788047;0;0,03933452519222296;0,05279879703065005;0;0,9041709979816482;0;0;0
374500;24,1;-46,0;-1;-1;3802;448;25942;5533;52799;286327;247;121;339;0,0037279535816832376;5,514804445099119E-5;0,03938404696813335;0,05105148578516955;0;0,905781365620563;0;0;0
376000;24,173;-46,0;-1;-1;3809;448;26005;5587;52799;287703;247;121;339;0,0037768311474177933;5,6046091708646975E-5;0,03968825619808536;0,050401405436474644;0;0,9060774611263136;0;0;0
377500;24,247;-46,0;-1;-1;3813;448;26074;5651;52799;289066;247;121;339;0,00337662791184507;5,020258734226982E-5;0,035243896651407924;0,04375160024456775;0,11809617586817381;0,7994814967366631;0;0;0
379000;24,325;-42,0;-1;-1;3819;448;26123;5716;53008;290260;247;122;339;0,0033303366382006123;0;0,03462980785692718;0,041873543979038745;0,11719440785626989;0,8029719036695636;0;0;0
380500;24,4;-37,0;-1;-1;3824;448;26171;5779;53190;291462;247;122;339;0,0037524777501266376;0;0,03884630349881451;0,04578683311166378;0;0,9116143856393951;0;0;0
382000;24,474;-41,0;-1;-1;3830;448;26230;5855;53190;292821;247;122;339;0,0037916439595631997;0;0,03901630059194565;0,04460864612170318;0;0,912583409326788;0;0;0
383500;24,546;-38,0;-1;-1;3834;448;26279;5920;53190;294203;247;122;339;0,0037655942435162754;0;0,03856221810748765;0,042934862126073545;0;0,9147373255229226;0;0;0
385000;24,617;-23,0;-1;-1;3841;448;26326;5984;53190;295585;247;122;339;0,003674303693468473;5,533857115918511E-5;0,03749951162755431;0,04875033171018949;0;0,9100205143976285;0;0;0
386500;24,694;-43,0;-1;-1;3847;448;26380;6070;53190;296939;247;122;339;0,0032264941571826856;0;0,03277016328877749;0,041106557547379255;0,11332483470309125;0,8095719503035694;0;0;0
388000;24,771;-44,0;-1;-1;3848;448;26425;6131;53357;298165;247;122;339;0,01717158611893326;0;0,17342260348597413;0,21226813196060118;0,5971376784344915;0;0;0;0
389500;24,843;-26,0;-1;-1;3875;448;26698;6429;54259;298165;247;122;339;0,01623767787102672;0;0,16015132315602587;0,2100694048887899;0,6135415940841576;0;0;0;0
391000;24,916;-34,0;-1;-1;3903;448;26943;6713;55202;298165;247;122;339;0,016506707459584612;0;0,15966645343863428;0,19052216225606675;0,6333046768457145;0;0;0;0
392500;24,987;-29,0;-1;-1;3921;448;27192;7029;56119;298165;247;122;339;0,014621828797986966;0;0,15944845988766354;0,2389819837166912;0,5869477275976583;0;0;0;0
394000;25,058;-33,0;-1;-1;3938;448;27416;7445;56962;298165;247;122;339;0,0030767205545616065;4,814421799975759E-5;0,03443074444887243;0,056741014305928;0,11858703533166384;0,7871163411409743;0;0;0
395500;25,146;-24,0;-1;-1;3943;448;27472;7540;57125;299373;247;122;339;0,0030222577446561705;0;0,03364566450454784;0,06155285471348288;0,11561865075409565;0,7861605722832175;0;0;0
397000;25,223;-39,0;-1;-1;3945;448;27526;7641;57307;300534;247;122;339;0,0032004525768609994;0;0,03523035769580777;0;0,12485188754339394;0,8367173021839374;0;0;0
398500;25,297;-41,0;-1;-1;3951;448;27584;7641;57496;301781;247;122;339;0,0032264640660062036;0;0,03532796372465683;0;0,12479073691845853;0,8366548352908785;0;0;0
400000;25,371;-27,0;-1;-1;3955;448;27632;7641;57677;303048;247;122;339;0,0031919171232781215;0;0,03479013007299674;0;0,12598887342293563;0,8360290793807895;0;0;0
401500;25,445;-36,0;-1;-1;3960;448;27685;7641;57862;304305;247;122;339;0,0031945580781460635;0;0,03465629344048919;0;0,1265577762720441;0,8355913722093207;0;0;0
403000;25,517;-40,0;-1;-1;3961;448;27753;7641;58028;305570;247;122;339;0,0030328841222629615;0;0,03416658086184866;0,059586466618516215;0,11904814825167603;0,7841659201456962;0;0;0
404500;25,59;-40,0;-1;-1;3968;448;27809;7726;58198;306752;247;122;339;0,0034812525068386893;5,5236014101303497E-5;0,03905052984393926;0,06627138560809107;0;0,8911415960270297;0;0;0
406000;25,666;-35,0;-1;-1;3970;448;27857;7817;58198;308111;247;122;339;0,003439383344566562;0;0,03837690656424875;0,06318455142222255;0;0,8949991586689621;0;0;0
407500;25,738;-40,0;-1;-1;3978;448;27916;7902;58198;309459;247;122;339;0,0034661567494663086;0;0,038506621536656446;0,06174638656763519;0;0,896280835146242;0;0;0
409000;25,811;-34,0;-1;-1;3979;448;27971;7990;58198;310815;247;122;339;0,0034640605278280245;0;0,04001629036140809;0,059624449842176665;0;0,8968951992685872;0;0;0
410500;25,886;-31,0;-1;-1;3984;448;28038;8074;58198;312159;247;122;339;0,0030309302743658233;0;0,034787952636234756;0,05053950922854707;0,11866597560332014;0,7929756322575322;0;0;0
412000;25,962;-34,0;-1;-1;3991;448;28087;8153;58382;313359;247;122;340;0,003956593746182788;0;0,037432613691603105;0;0,12333596075954958;0,8352748318026646;0;0;0
413500;26,035;-32,0;-1;-1;3998;448;28141;8153;58554;314626;247;122;340;0,003906612634432525;0;0,03846957243279498;0;0,1226580909026267;0,8349657240301458;0;0;0
415000;26,11;-36,0;-1;-1;4007;448;28197;8153;58751;315864;247;122;340;0,0038538320182542685;0;0,04125150873331743;0;0,12181345507354331;0,8330812041748851;0;0;0
416500;26,183;-31,0;-1;-1;4011;448;28264;8153;58931;317113;247;122;340;0,0038434658198602464;4,9135952069746516E-5;0,040865339048836075;0;0,12045746273417052;0,8347845964450634;0;0;0
418000;26,258;-36,0;-1;-1;4018;448;28326;8153;59096;318379;247;122;340;0,0036772757671277223;0;0,03890046619411658;0,04758972323161204;0,11445828950214681;0,7953742453049968;0;0;0
419500;26,334;-37,0;-1;-1;4030;448;28389;8223;59300;319530;247;122;340;0,0037633561803815645;0;0;0,04765923085229412;0,11801383299900282;0,8305635799683214;0;0;0
421000;26,407;-34,0;-1;-1;4038;448;28389;8310;59468;320767;247;122;340;0,0037457339537881416;0;0;0,04601547410572954;0,11836939768124054;0,8318693942592418;0;0;0
422500;26,48;-39,0;-1;-1;4043;448;28389;8368;59640;322032;247;122;340;0,0036705458594645706;0;0;0,05040048331717011;0,1201054294727585;0,8258235413506068;0;0;0
424000;26,556;-41,0;-1;-1;4049;448;28389;8443;59822;323269;247;122;340;0,003633408753165639;0;0;0,04863593907258748;0,11960057940452577;0,8281300727697212;0;0;0
425500;26,629;-36,0;-1;-1;4055;448;28389;8529;60006;324493;247;122;340;0,0034663365687031297;0;0,03667036895854245;0,051114917796020926;0,11315546680443621;0,7955929098722972;0;0;0
427000;26,703;-20,0;-1;-1;4058;448;28452;8597;60173;325692;247;122;340;0,0035906989822015096;0;0;0,05845236545505198;0,11790507867870706;0,8200518568840395;0;0;0
428500;26,78;-35,0;-1;-1;4063;448;28452;8683;60348;326952;247;123;340;0,0035906185047321904;0;0;0,05670171059347069;0,11861788007694336;0,8210897908248537;0;0;0
430000;26,856;-40,0;-1;-1;4068;448;28452;8762;60540;328176;247;123;340;0,0035612501034901433;4,6662631291670084E-5;0;0,05468167227850717;0,11825310547217005;0,823457309514541;0;0;0
431500;26,933;-39,0;-1;-1;4078;448;28452;8846;60729;329393;247;123;340;0,0035119973959518804;0;0;0,059103911630119944;0,11745174631652783;0,8199323446574004;0;0;0
433000;27,007;-34,0;-1;-1;4084;448;28452;8939;60905;330618;247;123;340;0,0033779505921127033;0;0;0,061862515784470405;0,11687131962643199;0,817888213996985;0;0;0
434500;27,08;-36,0;-1;-1;4086;448;28452;9018;61076;331866;247;123;340;0,003260411958218576;0;0,03459016223716922;0,058094515456559;0,11183342619597615;0,792221484152077;0;0;0
436000;27,157;-42,0;-1;-1;4089;448;28503;9109;61229;333068;247;123;340;0,003631497115862761;0;0,038332577061118374;0,06270678303074355;0;0,8953291427922753;0;0;0
437500;27,231;-29,0;-1;-1;4091;448;28560;9214;61229;334404;247;123;340;0,0036382329718752013;0;0,03815966145215199;0,06051428446886836;0;0,8976878211071044;0;0;0
439000;27,306;-39,0;-1;-1;4095;448;28610;9299;61229;335765;247;123;340;0,0036451906677083907;0;0,03806278382435808;0,05897688316302822;0;0,8993151423449053;0;0;0
440500;27,378;-35,0;-1;-1;4098;448;28660;9393;61229;337118;247;123;340;0,0035798203576158675;0;0,037190909834506694;0,06283523033897512;0;0,8963940394689024;0;0;0
442000;27,45;-38,0;-1;-1;4104;448;28712;9493;61229;338460;247;123;340;0,0031812515068658205;0;0,0329106290460182;0,05414517806580047;0,10874114003726172;0,8010218013440538;0;0;0
443500;27,527;-32,0;-1;-1;4115;448;28778;9575;61371;339659;247;123;340;0,0035779154690637176;4,7861587470924535E-5;0,036860470431863974;0,05944870460668732;0;0,900065047904914;0;0;0
445000;27,605;-39,0;-1;-1;4121;448;28833;9652;61389;341034;249;123;340;0,0035965590369412283;0;0,03688844794473601;0,05837332280653285;0;0,9011416702117899;0;0;0
446500;27,678;-39,0;-1;-1;4123;448;28883;9746;61389;342388;249;123;340;0,0036453568959511303;0;0,03719689836997828;0,05742764021905601;0;0,9017301045150146;0;0;0
448000;27,75;-38,0;-1;-1;4125;448;28942;9831;61389;343742;249;123;340;0,0036389036779572157;0;0,036897336135821655;0,05577391367849577;0;0,9036898465077253;0;0;0
449500;27,827;-29,0;-1;-1;4130;448;29001;9934;61389;345075;249;123;340;0,0036294022330631464;0;0,03660949966394465;0,0538816621390714;0;0,9058794359639207;0;0;0
451000;27,898;-38,0;-1;-1;4138;448;29059;10031;61389;346412;249;123;340;0,003217534777747521;0;0,03378444847888302;0,051855633069820335;0,1103111353276486;0,8008312483459006;0;0;0
452500;27,975;-26,0;-1;-1;4144;448;29118;10114;61554;347599;249;123;340;0,0035634174804816685;0;0,03723821035708267;0,05600134659670415;0;0,9031970255657316;0;0;0
454000;28,047;-39,0;-1;-1;4154;448;29182;10187;61554;348952;249;123;340;0,0035549180166423626;0;0,038593519063720265;0,05479046997517585;0;0,9030610929444615;0;0;0
455500;28,12;-45,0;-1;-1;4157;448;29254;10284;61554;350280;249;123;340;0,0035776010280801863;0;0,04019182251121362;0,052787379166584394;0;0,9034431972941217;0;0;0
457000;28,193;-36,0;-1;-1;4164;448;29316;10365;61554;351630;249;123;340;0,003574390415595776;4,889179837963589E-5;0,0399642467779983;0,05149753248317294;0;0,9049149385248534;0;0;0
458500;28,268;-41,0;-1;-1;4168;448;29373;10439;61554;352995;249;123;340;0,003583681824919485;0;0,039671372120331665;0,05613698290231256;0;0,9006079631524363;0;0;0
460000;28,341;-44,0;-1;-1;4175;448;29441;10530;61554;354329;249;123;340;0,003608423690811135;0;0,03973004018956372;0,055076367467039276;0;0,9015851686525859;0;0;0
461500;28,418;-44,0;-1;-1;4181;448;29499;10625;61562;355686;251;123;341;0,0032434808818620642;0;0,03537163093085018;0,04814727247036525;0,11164186901119379;0,8015957467057286;0;0;0
463000;28,493;-44,0;-1;-1;4185;448;29548;10705;61719;356896;251;123;341;0,003398118872503385;0;0;0,04926198037456288;0,11614495771525477;0,8311949430376789;0;0;0
464500;28,566;-32,0;-1;-1;4190;448;29548;10775;61899;358141;251;123;341;0,0033884417535790636;0;0;0,04817367227412929;0,11492256337821088;0,8335153225940808;0;0;0
466000;28,637;-39,0;-1;-1;4196;448;29548;10849;62081;359379;251;123;341;0,0034048327602757425;0;0;0,04747344182869985;0,11462376199489041;0,8344979634161341;0;0;0
467500;28,711;-39,0;-1;-1;4200;448;29548;10915;62251;360639;251;123;341;0,003442025660464585;0;0;0,04710675642872876;0,11498992421208695;0,8344612936987197;0;0;0
469000;28,785;-36,0;-1;-1;4203;448;29548;10991;62417;361894;251;123;341;0,003313357721977913;0;0,03617531863081028;0,044365014092142975;0,1113359883573234;0,8048103211977454;0;0;0
470500;28,86;-39,0;-1;-1;4206;448;29601;11056;62582;363108;251;123;341;0,01700378726277032;2,370028975207143E-4;0,18469763766515657;0,2234320803224668;0,5746294918520854;0;0;0;0
472000;28,934;-35,0;-1;-1;4237;448;29894;11371;63443;363108;251;123;341;0,024789424376750253;0;0,1813222108341865;0,19852844315126875;0,5953599216377945;0;0;0;0
473500;29,006;-29,0;-1;-1;4291;448;30158;11675;64321;363108;251;123;341;0,023218991731783708;0;0,17514157642629283;0,21330972592367897;0,5883297059182444;0;0;0;0
475000;29,079;-31,0;-1;-1;4323;448;30422;12028;65172;363108;251;123;341;0,019819810352417644;0;0,15308639544504662;0,28757599963128566;0,53951779457125;0;0;0;0
476500;29,152;-33,0;-1;-1;4348;448;30670;12478;65949;363108;251;123;341;0,004502728718857535;0;0,03698543762253995;0,0750754785034613;0,13277281210888006;0,7506635430462612;0;0;0
478000;29,231;-31,0;-1;-1;4353;448;30734;12587;66169;364246;251;124;342;0,00482010860717388;0;0,03938100756311786;0;0,14431052868908967;0,8114883551406186;0;0;0
479500;29,304;-33,0;-1;-1;4360;448;30789;12587;66382;365471;251;124;342;0,004855630523029801;0;0,03953470465337551;0;0,14425173476235956;0,8113579300612351;0;0;0
481000;29,377;-29,0;-1;-1;4369;448;30848;12587;66586;366699;251;124;342;0,004732871299930846;0;0,03841051025570739;0;0,1430583119792685;0,8137983064650933;0;0;0
482500;29,451;-33,0;-1;-1;4376;448;30906;12587;66805;367915;251;124;342;0,0046937985010407695;0;0,03795310362374159;0;0,14239507319062555;0,8149580246845921;0;0;0
484000;29,524;-40,0;-1;-1;4379;448;30958;12587;67002;369163;251;124;342;0,004376639011512212;4,296573539705635E-5;0,0352179572095509;0,07158405278423678;0,1316212877858661;0,7571570974734371;0;0;0
485500;29,607;-34,0;-1;-1;4382;448;31015;12694;67209;370289;251;124;342;0,004382093353901559;0;0,035077237795496576;0,06977951405781722;0,13536633681846802;0,7553948179743166;0;0;0
487000;29,682;-35,0;-1;-1;4385;448;31062;12803;67412;371427;251;124;342;0,004988850016051119;0;0,039774236817781645;0,0837137772431885;0;0,8715231359229788;0;0;0
488500;29,756;-39,0;-1;-1;4394;448;31118;12926;67412;372739;251;124;342;0,005028767356034105;0;0,039965787802404;0,08189756321804932;0;0,8731078816235126;0;0;0
490000;29,828;-20,0;-1;-1;4403;448;31188;13052;67412;374034;251;124;342;0,00504958118728914;0;0,03995657183402977;0,07986799464947623;0;0,8751258523292048;0;0;0
491500;29,901;-38,0;-1;-1;4408;448;31249;13185;67412;375335;251;124;342;0,004995583188353903;0;0,03933854542903349;0,08925299500501614;0;0,8664128763775965;0;0;0
493000;29,972;-35,0;-1;-1;4417;448;31313;13304;67412;376643;251;124;342;0,004322478202550863;0;0,03390255653361364;0,07519125807165035;0,13501140348809698;0,7515723037040881;0;0;0
494500;30,049;-36,0;-1;-1;4427;448;31360;13429;67637;377763;252;124;342;0,0176744247982929;0;0,13839543912862795;0,2958143732540484;0,5481157628190306;0;0;0;0
496000;30,121;-39,0;-1;-1;4458;448;31568;13858;68469;377763;252;124;342;0,015605353216616382;0;0,12504181074569223;0,3185663893368276;0,5407864467008638;0;0;0;0
497500;30,191;-31,0;-1;-1;4480;448;31766;14349;69258;377763;252;124;342;0,014171823430311528;1,4455269288023807E-4;0,11205629718115057;0,3634930651802507;0,5101342615154071;0;0;0;0
499000;30,265;-37,0;-1;-1;4503;448;31940;14888;70022;377763;252;124;342;0,014277555151960398;0;0,11617736936655067;0,37056213887773215;0,49898293660375675;0;0;0;0
500500;30,335;-37,0;-1;-1;4528;448;32123;15455;70747;377763;252;124;342;0,003962979699840397;0;0,03192102045783267;0,10999141439432938;0,14606445291101078;0,7080601325369867;0;0;0
502000;30,411;-35,0;-1;-1;4536;448;32175;15616;70966;378823;252;124;342;0,004600197795673739;0;0,0369493459537024;0,13111553236299298;0;0,8273349238876309;0;0;0
503500;30,483;-36,0;-1;-1;4542;448;32235;15798;70966;380075;252;124;342;0,004654057030694464;0;0,03721656970976132;0,1276978062230695;0;0,8304315670364747;0;0;0
505000;30,557;-35,0;-1;-1;4552;448;32309;15993;70966;381296;252;124;342;0,004562818969102563;0;0,03632496477172308;0,12765077126198246;0;0,8314614449971918;0;0;0
506500;30,63;-34,0;-1;-1;4555;448;32363;16175;70966;382557;252;124;342;0,00446187907658594;0;0,035352364494898925;0,1423391631710639;0;0,8178465932574512;0;0;0
508000;30,702;-23,0;-1;-1;4562;448;32419;16400;70966;383769;252;124;342;0,003812217555192596;0;0,030103469786854714;0,1296471516829502;0,14050339238436935;0,6959337685906332;0;0;0
509500;30,779;-38,0;-1;-1;4565;448;32464;16610;71166;384811;252;124;342;0,00438568795687639;0;0,034500001433657876;0,15875463819456576;0;0,8023596724149;0;0;0
511000;30,854;-33,0;-1;-1;4568;449;32509;16869;71180;386014;253;125;342;0,004355555200309877;4,577937489463157E-5;0,034133870060044084;0,16583761523813373;0;0,7956271801266177;0;0;0
512500;30,93;-37,0;-1;-1;4574;449;32559;17121;71180;387206;253;125;342;0,004403425469550489;0;0,034395163666808545;0,15959452592151963;0;0,8016068849421213;0;0;0
514000;31,002;-39,0;-1;-1;4584;449;32609;17334;71180;388433;253;125;342;0,004446717575192888;0;0,034676223770921596;0,15521936878393544;0;0,8056576898699501;0;0;0
515500;31,074;-27,0;-1;-1;4595;449;32655;17558;71180;389652;253;125;342;0,005297326080860477;0;0,03387871574165779;0,16125844587738322;0;0,7995655123000984;0;0;0
517000;31,148;-35,0;-1;-1;4599;449;32707;17789;71180;390865;253;125;342;0,004498192040348662;0;0,02865202988004927;0,14450569541271013;0,1361917569287247;0,6861523257381673;0;0;0
518500;31,223;-39,0;-1;-1;4605;449;32747;17989;71392;391907;253;125;342;0,00515683381023868;0;0,03277394866598566;0,16745887909321058;0;0,794610338430565;0;0;0
520000;31,296;-35,0;-1;-1;4617;449;32801;18215;71392;393115;253;125;342;0,005174829616822073;0;0,03283915164373849;0,16154411814014522;0;0,8004419005992942;0;0;0
521500;31,367;-38,0;-1;-1;4628;449;32854;18467;71392;394299;253;125;342;0,0052264256318806535;0;0,03310395789349165;0,15629124815795387;0;0,8053783683166738;0;0;0
523000;31,441;-25,0;-1;-1;4633;449;32896;18701;71392;395518;253;125;342;0,005222408941942285;0;0,032987841580772746;0,15696582519704172;0;0,8048239242802433;0;0;0
524500;31,515;-33,0;-1;-1;4642;449;32938;18932;71392;396736;253;125;342;0,005235979129061836;4,651264957134155E-5;0,03303149386935441;0,15009050830820553;0;0,8115955060438069;0;0;0
526000;31,589;-31,0;-1;-1;4652;449;32981;19166;71392;397949;253;125;342;0,005251646632545328;0;0,03309562608122123;0,14476463392429995;0;0,8168880933619336;0;0;0
527500;31,666;-34,0;-1;-1;4658;449;33033;19394;71406;399177;255;126;342;0,004558490393911942;0;0,02851884710575508;0,12096540694801473;0,14066752523694248;0,7052897303153758;0;0;0
529000;31,742;-40,0;-1;-1;4663;449;33078;19567;71616;400244;255;126;342;0,0051886903389313935;0;0,032371558347656836;0;0,16057403137190618;0,8018657199415056;0;0;0
530500;31,815;-36,0;-1;-1;4671;449;33121;19567;71837;401472;255;126;342;0,005130572403195512;0;0,031945667232150914;0;0,16278279036527765;0,800140969999376;0;0;0
532000;31,89;-36,0;-1;-1;4676;449;33166;19567;72097;402662;255;126;342;0,00510730916005555;0;0,032941174833403176;0;0,16213018062383158;0,7998213353827097;0;0;0
533500;31,963;-36,0;-1;-1;4686;449;33212;19567;72355;403848;255;126;342;0,005069664131036932;0;0,03264676601628723;0;0,16128332063477918;0,8010002492178966;0;0;0
535000;32,04;-35,0;-1;-1;4696;449;33264;19567;72584;405057;255;126;342;0,00440690487378709;0;0,028203478305769667;0,11464860929532202;0,14221565313054285;0,7105253543945783;0;0;0
536500;32,115;-40,0;-1;-1;4703;449;33310;19738;72814;406103;255;126;342;0,004904028536674489;0;0,031307167309741084;0;0,16205038518863463;0,8017384189649498;0;0;0
538000;32,232;-27,0;-1;-1;4711;449;33350;19738;73077;407292;255;126;342;0,004912683225129807;4,4913737656664675E-5;0,03131977049650208;0;0,16250871181271936;0,801213920727992;0;0;0
539500;32,371;-33,0;-1;-1;4719;449;33396;19738;73287;408528;255;126;342;0,0049235604477851245;0;0,03132115330278688;0;0,16042338810846368;0,8033318981409644;0;0;0
541000;32,53;-37,0;-1;-1;4726;449;33459;19738;73507;409738;255;126;342;0,005004124660202593;0;0,03168721189993197;0;0,1617389299638327;0,8015697334760327;0;0;0
542500;32,66;-37,0;-1;-1;4737;449;33508;19738;73764;410921;255;126;342;0,0050783051067847095;0;0,032110767867729914;0;0,1627838951315458;0,8000270318939395;0;0;0
544000;32,739;-38,0;-1;-1;4751;449;33546;19757;74024;412124;255;126;344;0,004469641217185687;0;0,028290060080088778;0,11426124405143556;0,1437968519923496;0,7091822026589403;0;0;0
545500;32,816;-33,0;-1;-1;4758;449;33591;19944;74210;413199;255;126;344;0,00517467213869453;0;0,03267820420119757;0,14065063975187833;0;0,8214964839082296;0;0;0
547000;32,887;-38,0;-1;-1;4767;449;33634;20165;74210;414426;255;126;344;0,005218322377073813;0;0,03291860870452964;0,1369153127968487;0;0,8249477561215479;0;0;0
548500;32,96;-26,0;-1;-1;4776;449;33683;20368;74210;415665;255;126;344;0,0052028239001259725;0;0,03275441462911915;0,13223823686603833;0;0,8298045246047165;0;0;0
550000;33,295;-39,0;-1;-1;4781;449;33736;20548;74210;416927;255;126;344;0,005459046635325037;0;0,03421272674906325;0,13463920222476597;0;0,8256890243908457;0;0;0
551500;33,366;-42,0;-1;-1;4792;449;33786;20763;74210;418151;255;126;344;0,004659944648836334;4,410468134365019E-5;0,029156593553447817;0,11118613781483948;0,1519805246901739;0,7029726946113588;0;0;0
553000;33,445;-42,0;-1;-1;4799;449;33831;20940;74416;419216;255;126;344;0,005547101529969993;0;0,03463224478001215;0,12874973408609078;0;0,831070919603927;0;0;0
554500;33,517;-35,0;-1;-1;4812;449;33886;21133;74416;420455;255;126;344;0,005523415898478377;0;0,035761666726528966;0,12461591003139873;0;0,8340990073435939;0;0;0
556000;33,59;-38,0;-1;-1;4822;449;33949;21300;74416;421715;255;126;344;0,005505281656770951;0;0,03828550704166782;0,12126747953319529;0;0,8349417317683658;0;0;0
557500;33,66;-38,0;-1;-1;4828;449;34019;21477;74416;422962;255;126;344;0,005559900875145454;0;0,03847781265036955;0,1192641504030552;0;0,8366981360714297;0;0;0
559000;33,733;-26,0;-1;-1;4835;449;34083;21664;74416;424204;255;126;344;0,005499232643288431;0;0,03932099176207203;0,11931988614653034;0;0,8358598894481092;0;0;0
560500;33,808;-33,0;-1;-1;4847;449;34155;21864;74431;425430;255;127;344;0,004669829528115461;0;0,033284756152624946;0,09851759934510888;0,15333578167248485;0,7101920333016659;0;0;0
562000;33,883;-40,0;-1;-1;4855;449;34203;22015;74681;426473;255;127;344;0,00518257691377568;0;0,03686163509416623;0;0,17052738424946004;0,7874284037425979;0;0;0
563500;33,957;-35,0;-1;-1;4862;449;34259;22015;74968;427623;255;127;344;0,00516562143970015;0;0,03796863653761271;0;0,17170894133841638;0,7851568006842706;0;0;0
565000;34,029;-31,0;-1;-1;4867;449;34323;22015;75224;428798;255;127;344;0,005170998914976985;5,038316402662177E-5;0,03782955452335566;0;0,17022309530501473;0,7867259680926261;0;0;0
566500;34,106;-32,0;-1;-1;4871;449;34378;22015;75461;430002;255;127;344;0,005152107504807573;0;0,03753476722771195;0;0,1733313825325948;0,7839817427348856;0;0;0
568000;34,179;-40,0;-1;-1;4883;449;34434;22015;75731;431164;255;127;344;0,004653871195581762;0;0,03509575768220256;0,09693129214016802;0,15695285553468596;0,7063662234473618;0;0;0
569500;34,256;-34,0;-1;-1;4894;449;34486;22167;75955;432225;255;127;344;0,005453785223955643;0;0,04254728532470161;0,11637689239059215;0;0,8356220370607506;0;0;0
571000;34,327;-36,0;-1;-1;4899;449;34559;22358;75955;433456;255;127;344;0,005498085624402471;0;0,042656450703027995;0,11404371052132113;0;0,8378017531512484;0;0;0
572500;34,399;-41,0;-1;-1;4910;449;34622;22527;75955;434713;255;127;344;0,0055186201459261;0;0,042709377781008265;0,11191908990062001;0;0,8398529121724456;0;0;0
574000;34,472;-41,0;-1;-1;4918;449;34695;22688;75955;435971;255;127;344;0,005570177367285646;0;0,04292336175679272;0,10969282079057574;0;0,841813640085346;0;0;0
575500;34,544;-32,0;-1;-1;4932;449;34768;22826;75955;437246;255;127;344;0,004677042605133193;0;0,03595788549673222;0,09059221093439092;0,15856770021159555;0,7102051607521482;0;0;0
577000;34,623;-35,0;-1;-1;4938;450;34820;22980;76215;438305;255;127;345;0,00558749347962886;0;0,042814214411692496;0,1057995018544812;0;0,8457987902541975;0;0;0
578500;34,694;-34,0;-1;-1;4946;450;34894;23131;76215;439572;255;127;345;0,005549574667348998;5,563103494281806E-5;0,04233119581730189;0,10767299046862658;0;0,8443906080117798;0;0;0
580000;34,77;-37,0;-1;-1;4953;450;34968;23292;76215;440830;255;127;345;0,005589159144606178;0;0,042412830896507714;0,10605914110719365;0;0,8459388688516924;0;0;0
581500;34,841;-37,0;-1;-1;4958;450;35041;23438;76215;442106;255;127;345;0,005640710303426281;0;0,04257527381192659;0,10484851954623234;0;0,8469354963384147;0;0;0
583000;34,913;-38,0;-1;-1;4964;450;35094;23616;76215;443369;255;127;345;0,0054999540784741105;0;0,04285783521488363;0,11353319371048928;0;0,8381090169961529;0;0;0
584500;34,985;-32,0;-1;-1;4971;450;35157;23782;76215;444633;255;127;345;0,004615653247613194;0;0,035821433653727384;0,09318579080673743;0,15637383173697655;0,7100032905549454;0;0;0
586000;35,061;-39,0;-1;-1;4975;450;35193;23953;76442;445695;255;127;345;0,005055826334291068;0;0,03915056514398587;0;0,17153635340767795;0,7842572551140452;0;0;0
587500;35,133;-35,0;-1;-1;4983;450;35251;23953;76719;446852;255;127;345;0,005013647791336285;0;0,04008472684824015;0;0,1737260999765042;0,7811755253839193;0;0;0
589000;35,206;-38,0;-1;-1;4988;450;35306;23953;76986;448025;255;127;345;0,004981375198218374;0;0,04107966324640087;0;0,1743966953044047;0,7795422662509761;0;0;0
590500;35,278;-39,0;-1;-1;4995;450;35369;23953;77209;449232;255;127;345;0,005934749871702552;0;0,040461110784019885;0;0,174610484758438;0,7789936545858396;0;0;0
592000;35,352;-40,0;-1;-1;5006;450;35424;23953;77438;450437;255;127;345;0,005427946731595778;4,622404385196545E-5;0,03694594266809703;0,08962061237627737;0,15868692586952637;0,7092723483106516;0;0;0
593500;35,434;-34,0;-1;-1;5012;451;35477;24135;77691;451467;256;127;347;0,006429540970474863;5,4775034470215585E-5;0,043610930074283176;0,1079402330221344;0;0,8419645208986373;0;0;0
595000;35,509;-40,0;-1;-1;5016;451;35546;24290;77691;452739;256;127;347;0,006470354786568008;0;0,043644408405312814;0,10567795788567719;0;0,844207278922442;0;0;0
596500;35,581;-41,0;-1;-1;5025;451;35623;24434;77691;454009;256;127;347;0,006513574451110036;0;0,04373403104319704;0,10446456375582719;0;0,8452878307498657;0;0;0
598000;35,655;-32,0;-1;-1;5033;451;35692;24604;77691;455262;256;127;347;0,006462992022227762;0;0,043217607462871975;0,1057592412725679;0;0,8445601592423324;0;0;0
599500;35,729;-40,0;-1;-1;5043;451;35760;24769;77691;456519;256;127;347;0,005428491523140425;0;0,03618257643797923;0,09078032185520696;0,15864016109965892;0,7089684490840145;0;0;0
601000;35,803;-40,0;-1;-1;5051;451;35814;24906;77928;457583;256;127;347;0,006004974721658793;5,191665643818495E-5;0,039912907562534905;0;0,17409698238066143;0,7799332186787066;0;0;0
602500;35,88;-37,0;-1;-1;5063;451;35871;24906;78194;458748;256;127;347;0,005952932168383908;0;0,03949464106443068;0;0,1764735191657962;0,7780789076013892;0;0;0
604000;35,953;-35,0;-1;-1;5075;451;35938;24906;78448;459915;256;127;347;0,005930039794270443;0;0,039239782825679234;0;0,17630971707071674;0,7785204603093335;0;0;0
605500;36,027;-37,0;-1;-1;5082;451;35991;24906;78713;461090;256;127;347;0,00595899180341836;0;0,03933068237534428;0;0,17561889788142815;0,7790914279398092;0;0;0
607000;36,101;-37,0;-1;-1;5087;451;36054;24906;78952;462283;256;127;347;0,005406064784212479;0;0,03552998874853463;0,08981489763541835;0,15955462632060957;0,7096944225112249;0;0;0
608500;36,175;-41,0;-1;-1;5094;451;36109;25050;79185;463344;256;127;347;0,00646241385488297;0;0,04235106589301701;0,1054943021195508;0;0,8456922181325491;0;0;0
610000;36,252;-27,0;-1;-1;5109;452;36167;25215;79202;464613;256;129;348;0,006385798622866399;5,6285257366235203E-5;0,041816299079332576;0,10659903514004791;0;0,8451425819003868;0;0;0
611500;36,34;-31,0;-1;-1;5120;452;36226;25366;79202;465892;256;129;348;0,006301850897694683;0;0,041186836099805564;0,1033870618471302;0;0,8491242511553696;0;0;0
613000;36,412;-36,0;-1;-1;5129;452;36278;25509;79202;467188;256;129;348;0,006309840339660813;0;0,04115267807825558;0,10601807368462395;0;0,8465194078974597;0;0;0
614500;36,488;-40,0;-1;-1;5140;452;36341;25675;79202;468448;256;129;348;0,005261218699093549;0;0,034228271190348866;0,09015354263834686;0,15920693850399079;0,71115002896822;0;0;0
616000;36,563;-35,0;-1;-1;5152;452;36393;25825;79462;469474;256;129;348;0,005744908735748146;0;0,037340123854131005;0;0,17606063035192596;0,780854337058195;0;0;0
617500;36,637;-35,0;-1;-1;5157;452;36455;25825;79748;470621;256;129;348;0,005787455341759428;0;0,03745554940120875;0;0,17556639035059468;0,7811906049064371;0;0;0
619000;36,711;-37,0;-1;-1;5168;452;36508;25825;80030;471775;256;129;348;0,005742262574728232;0;0,03710955767182759;0;0,17616480014566865;0,7809833796077755;0;0;0
620500;36,786;-38,0;-1;-1;5182;452;36568;25825;80290;472941;256;129;348;0,005663886877047625;5,1283590640697636E-5;0,03655292769769602;0;0,17601846633912746;0,7817134354954881;0;0;0
622000;36,861;-38,0;-1;-1;5192;452;36631;25825;80559;474099;256;129;348;0,00519153929163669;4,717877693387406E-5;0,033413321000810035;0,08849211450283098;0,16004196482250582;0,7128138816052827;0;0;0
623500;36,939;-31,0;-1;-1;5198;452;36692;25945;80824;475147;256;129;348;0,005089545426443953;0;0,033779028165165335;0,08895080287569743;0,15983493300801804;0,7123456905246752;0;0;0
625000;37,013;-37,0;-1;-1;5203;452;36752;26089;81062;476200;256;129;348;0,006078185888354704;0;0,04018413118800206;0,10434315399088169;0;0,8493945289327615;0;0;0
626500;37,091;-41,0;-1;-1;5211;452;36820;26280;81081;477447;256;129;348;0,006007065236541335;0;0,042330601052601384;0,10476270447421115;0;0,8468996292366462;0;0;0
628000;37,162;-32,0;-1;-1;5225;452;36875;26425;81081;478733;256;129;348;0,005982375586596411;0;0,042141437648568;0,1028264872864096;0;0,8490496994784259;0;0;0
629500;37,236;-39,0;-1;-1;5235;452;36921;26566;81081;480036;256;129;348;0,006002083028837537;5,54447046534787E-5;0,04221607116027637;0,10153906755656636;0;0,8501873335496662;0;0;0
631000;37,31;-40,0;-1;-1;5246;452;36993;26714;81081;481305;256;129;348;0,005071347336232919;0;0,03555380281370406;0,08443128143404147;0,15980698108089741;0,7151365873351241;0;0;0
632500;37,385;-40,0;-1;-1;5255;452;37060;26816;81344;482364;256;129;348;0,005289851289975511;0;0;0,08714947538510907;0,1650937004515102;0,7424669728734054;0;0;0
634000;37,461;-37,0;-1;-1;5266;452;37060;26932;81591;483490;256;129;348;0,00629018494010214;0;0;0,08574307807779374;0,16331052235308488;0,7446562146290192;0;0;0
635500;37,54;-29,0;-1;-1;5274;452;37060;27082;81850;484573;256;129;348;0,006325671010731988;0;0;0,0847671647563066;0,1629237784681254;0,745983385764836;0;0;0
637000;37,615;-39,0;-1;-1;5284;452;37060;27209;82100;485686;256;129;348;0,006301933329096322;0;0;0,0865769803610384;0,16115589493133545;0,7459651913785298;0;0;0
638500;37,689;-40,0;-1;-1;5293;452;37060;27346;82365;486775;256;129;348;0,006106848616920809;4,827749346021531E-5;0,036168310604991497;0,08259839224802402;0,15493216835478962;0,7201460026818138;0;0;0
640000;37,771;-28,0;-1;-1;5300;452;37114;27482;82572;487871;256;129;348;0,0061197747347183536;0;0,036139645646702745;0,0814567977984857;0,15399441427610638;0,7222893675439869;0;0;0
641500;37,848;-37,0;-1;-1;5309;452;37167;27612;82814;488937;256;129;348;0,007233664772741103;0;0,042631496154277124;0,09494133831086579;0;0,8551935007621161;0;0;0
643000;37,925;-41,0;-1;-1;5315;453;37224;27777;82834;490224;256;130;349;0,007280073594796904;0;0,042749313588862504;0,09367811608899107;0;0,8562924967273496;0;0;0
644500;37,999;-39,0;-1;-1;5329;453;37291;27902;82834;491518;256;130;349;0,007216699733566244;0;0,042140988766659275;0,09180176841469498;0;0,8588405430850795;0;0;0
646000;38,074;-41,0;-1;-1;5338;453;37349;28028;82834;492825;256;130;349;0,0072533246763688075;0;0,04224703712195551;0,09102706467338512;0;0,8594725735282907;0;0;0
647500;38,147;-40,0;-1;-1;5350;453;37418;28172;82834;494100;256;130;349;0,006074973458402716;0;0,03529580288478561;0,08108625678962397;0,153505189446171;0,7240377774210167;0;0;0
649000;38,222;-31,0;-1;-1;5362;453;37478;28280;83062;495192;256;130;349;0,007083300962473388;5,7328318433543874E-5;0,04108