Iteration;Time;BestFitness;LastCalledHeur;IsRelay;NumOfMoves-LLH0;NumOfMoves-LLH1;NumOfMoves-LLH2;NumOfMoves-LLH3;NumOfMoves-LLH4;NumOfMoves-LLH5;NumOfMoves-LLH6;NumOfMoves-LLH7;NumOfMoves-LLH8;LAProb-LLH0;LAProb-LLH1;LAProb-LLH2;LAProb-LLH3;LAProb-LLH4;LAProb-LLH5;LAProb-LLH6;LAProb-LLH7;LAProb-LLH8;
2000;1,015;-32,0;-1;-1;129;185;206;130;124;1121;31;60;114;0,010402513722297115;0,03496092215914645;0,047789995185247985;0;0;0,9016191555259008;0;0,005227413407407639;0
3500;1,161;-37,0;-1;-1;145;241;241;130;124;2505;31;69;114;0,013282961740935613;0,03915138200658611;0;0;0;0,9475656562524783;0;0;0
4500;1,273;-38,0;-1;-1;169;292;243;133;131;3441;36;75;123;0,021433367506161313;0,05701607475477472;0;0;0;0,921550557739064;0;0;0
5500;1,379;-39,0;-1;-1;196;444;243;133;131;4262;36;75;123;0,030845588208877284;0,0522871129768845;0;0;0;0,9168672988142382;0;0;0
6500;1,505;-39,0;-1;-1;231;485;243;133;131;5186;36;75;123;0,027644024623880385;0,016557624620842155;0;0,18980016614037876;0,07101023027621785;0,5755372799157622;0,0010816884275269645;0;0,11836898599539174
8500;1,748;-31,0;-1;-1;270;513;247;274;1421;5639;41;80;203;0,004465855586966785;0,0027872672083393358;0,013119787915714182;0;0,9718036777371757;0;1,8198888516224315E-4;0,002583283182503745;0,005058139484137996
10500;2,073;-34,0;-1;-1;309;546;360;274;3157;5639;42;105;256;0,3283878485160687;0,18078942870844422;0;0;0;0;0;0,17210679135093682;0,31871593142455007
12000;2,416;-29,0;-1;-1;505;854;360;274;3157;5639;42;418;939;0,09539968104469125;0,16836815890076265;0;0;0;0;0;0,14303786414867384;0,5931942959058722
13500;2,663;-31,0;-1;-1;706;1096;360;274;3157;5639;42;614;1800;0,12185718841471549;0,09241871201785518;0;0;0;0;0;0,09539905671907103;0,6903250428483584
15000;3,052;-31,0;-1;-1;900;1303;365;278;3158;5645;46;800;2724;0,0018039747436679409;0,0024650526149896743;0;0;0;0,9878442313199659;0;0,002107188486502415;0,005779552834874137
16500;3,144;-37,0;-1;-1;901;1307;365;278;3158;7130;46;804;2730;0,0017488998393642844;0,0023867583895954454;0;0,0786592872753025;0,9070935618051278;0;0,002490224896679708;0,0020304984903042876;0,005590769303626127
18500;3,284;-37,0;-1;-1;909;1316;365;467;4924;7130;51;812;2745;0,004315048796033357;0,005896615813307147;0,0989379322567526;0;0,8798751623132828;0;0,0059921338744394715;0,004983106946184636;0
20000;3,371;-31,0;-1;-1;916;1327;491;467;6266;7130;60;817;2745;5,598134945509461E-4;7,648259677144649E-4;0;0;0,9980299745440957;0;0;6,453859936389355E-4;0
21500;3,46;-36,0;-1;-1;918;1329;491;467;7761;7130;60;818;2745;6,245470357188775E-4;8,537906386904798E-4;0;0;0,9978018697809716;0;0;7,197925446191087E-4;0
23000;3,548;-30,0;-1;-1;922;1335;494;471;9261;7137;63;820;2746;6,360479014517854E-4;8,695547767091851E-4;0;0;0,9977607245277906;0;0;7,33672794048576E-4;0
24500;3,625;-34,0;-1;-1;925;1337;494;471;10755;7137;63;821;2746;4,2252505979828236E-4;5,783846692237822E-4;0;0;0,582679704434719;0,41495398168369657;0;0;0,001365404152562396
26000;3,707;-42,0;-1;-1;925;1338;494;471;11618;7772;63;821;2747;0;4,592918926994686E-4;0;0;0,5247853035043178;0,4732346594315821;4,36470621772651E-4;0;0,0010842745496279101
27500;3,795;-46,0;-1;-1;925;1339;494;471;12442;8445;64;821;2748;0;8,590726692929374E-4;0;0,015688271063025207;0,980612626235066;0;8,120335881461205E-4;0;0,0020279964444697212
29000;3,89;-46,0;-1;-1;925;1342;494;504;13902;8445;66;821;2750;0;0,0012252070650802089;0,01736932331763534;0;0,9785109707145526;0;0;0;0,0028944989027318837
30500;3,982;-46,0;-1;-1;925;1345;527;504;15360;8445;66;821;2756;0;0,0016877325187100052;0,02282706025691506;0;0,9700877069129085;0;0;0,0014290626107033924;0,003968437700763088
32000;4,079;-30,0;-1;-1;932;1354;572;507;16803;8449;69;826;2762;0,17826498029403806;0,04825140943318725;0,6186481549118811;0;0;0;0;0,04085059570441364;0,11398485965648011
33500;4,201;-31,0;-1;-1;1436;1444;1201;507;16803;8449;69;909;2956;0,005958295189930866;9,823970615850137E-4;0;0;0;0,9900623106820446;0;7,86871183595626E-4;0,002210125882843773
35000;4,277;-36,0;-1;-1;1441;1444;1201;507;16803;9940;69;909;2960;0,004700586180546323;0;0;0;0;0,9817441147973754;0,011809641218788651;0;0,0017456578032898067
36500;4,356;-39,0;-1;-1;1445;1444;1201;507;16803;11417;86;909;2962;0,004752107154662148;0;0;0;0;0,9829654049595952;0,010514958851039766;0;0,0017675290347026699
38000;4,438;-39,0;-1;-1;1456;1444;1201;507;16803;12886;105;909;2963;0,0037539363511579216;0;0;0;0,4106325876888367;0,5842082703346682;0;0;0,0014052056253371094
39500;4,514;-34,0;-1;-1;1464;1444;1201;507;17262;13917;105;909;2965;0,0027020825567371314;0;0,0024188607366961937;0,007398447176277731;0,275885307152197;0,7105796704803096;0;0;0,0010156318977824009
41000;4,595;-39,0;-1;-1;1465;1444;1203;516;17620;15046;105;909;2966;0,0031075404004192947;5,219084058533874E-4;0,0027777962091424485;0,008297789689848628;0;0,9837085381892386;0;4,180790099677071E-4;0,0011683480955300414
43000;4,712;-41,0;-1;-1;1472;1450;1213;545;17624;17016;109;915;2972;0,3895882569145241;0,06549847606680334;0,3459982614132251;0;0;0;0;0,052246952915415076;0,14666805269003247
44500;4,8;-41,0;-1;-1;2051;1574;1687;545;17624;17016;109;1006;3204;0;0,05306283544658227;0,1810416007157856;0;0;0;0,6114847078419009;0,04065176109741307;0,11375909489831816
46000;4,94;-23,0;-1;-1;2051;1718;2092;545;17624;17016;642;1116;3512;0;0,11626756071939118;0,48373005013381704;0;0;0;0;0,02688712008576808;0,3731152690610237
47500;5,023;-37,0;-1;-1;2051;1740;3490;545;17624;17016;642;1122;3586;0;0,0010868551568204085;0,7632967812637268;0;0,22931872287052749;0;0;0;0,006297640708925324
49000;5,098;-39,0;-1;-1;2051;1742;4540;545;18049;17016;642;1122;3609;0;7,697860409559562E-4;0,3799641747173198;0,004146993095614556;0,16596856960863518;0,4447302209482083;0;0;0,004420255589266267
50500;5,178;-42,0;-1;-1;2051;1745;5037;551;18293;17757;642;1122;3618;0,0018891941679735316;0,0011709927943673673;0;0,006214501063898745;0,24308701436952987;0,7409316945256303;0;0;0,006706603078600097
52000;5,254;-42,0;-1;-1;2056;1747;5037;555;18684;18846;642;1122;3627;0,0029092964265493033;0,0018059692099639056;0;0,009479376869026916;0;0,9754866936805895;0;0;0,010318663813870355
53500;5,33;-42,0;-1;-1;2062;1751;5037;568;18684;20310;642;1122;3640;0,09671574370921782;0,06010578829277684;0;0,30545246073325777;0;0;0,18139264792030327;0,014045203721602317;0,34228815562284187
55000;5,445;-42,0;-1;-1;2237;1870;5039;927;18690;20317;889;1157;4219;0;0,10233858236789331;0;0,22541426482624077;0;0;0,16708876699180925;0,024288699676641726;0,48086968613741493
56500;5,537;-33,0;-1;-1;2237;1894;5039;2205;18690;20317;931;1165;4367;0;0,001074513258749238;0,4384397925174314;0,5586509857028437;0;0;0,001578370083839164;2,563384371364231E-4;0
58000;5,63;-37,0;-1;-1;2237;1896;5759;2980;18690;20317;934;1165;4367;0;9,29292595686716E-4;0,2956159324914154;0,5056657113988005;0,19643093166777026;0;0,0013581318463273264;0;0
59500;5,717;-41,0;-1;-1;2237;1897;6240;3696;18989;20317;937;1165;4367;0;7,263810733752477E-4;0,22985278672425694;0,42415217735012434;0;0,344214876361837;0,0010537784904065047;0;0
61000;5,831;-43,0;-1;-1;2237;1899;6594;4232;18989;20925;937;1165;4367;0,0015113096850791882;9,58287006727628E-4;0,25537110225378956;0,272781443772758;0;0,46937785728164555;0;0;0
62500;5,932;-43,0;-1;-1;2239;1901;6988;4608;18989;21651;937;1165;4367;0,0023704977725876432;0,0015041770815596323;0,33543316591352446;0;0;0,6539753629781011;0;0;0,006716796254227213
64000;6,02;-44,0;-1;-1;2241;1906;7552;4608;18989;22570;937;1165;4377;0,007093044881645374;0,00449522080854991;0,9673406420239586;0;0;0;0;0,0010794635029756727;0,019991628782870526
65500;6,103;-44,0;-1;-1;2254;1912;8977;4608;18989;22570;937;1166;4432;0,012540203197649731;0,007973162412137615;0,9775683334901091;0;0;0;0;0,0019183009001035747;0
67000;6,18;-44,0;-1;-1;2284;1929;10424;4608;18989;22570;937;1172;4432;0,005492432517671984;0,003515552053306561;0,27405556831320554;0;0,7117572845408066;0;0,005179162575009457;0;0
68500;6,265;-44,0;-1;-1;2295;1941;10872;4610;20017;22572;955;1175;4433;0,0033614303710367624;0;0,14973463427070938;0,46546843444086883;0,3783807796128871;0;0,003054721304497966;0;0
70000;6,34;-44,0;-1;-1;2299;1941;11113;5231;20646;22572;960;1175;4433;0,002556589598334032;0;0,10695954708973132;0;0,263145426792897;0,6273384365190376;0;0;0
71500;6,413;-44,0;-1;-1;2304;1941;11276;5231;21068;23482;960;1175;4433;0,0027704089945782395;0;0,11135985364661528;0;0,269335384192338;0,6086768571705783;0;0;0,007857495995890092
73000;6,488;-44,0;-1;-1;2310;1941;11427;5231;21471;24402;960;1175;4453;0,003042712072771561;0;0,11779169793259489;0;0,2804044405853829;0,5982875012790104;0;4,7364813024027274E-4;0
74500;6,564;-44,0;-1;-1;2317;1941;11593;5231;21910;25289;960;1176;4453;0,00329811150867601;0,0021339563936623287;0,12266420700662062;0;0,287124624191301;0,5847791008997401;0;0;0
76000;6,638;-26,0;-1;-1;2325;1944;11776;5231;22337;26168;960;1176;4453;0,0037467049377793967;0,0024307545333836253;0,16559467400485775;0;0;0,8248098428643782;0,0034180236596009854;0;0
77500;6,713;-41,0;-1;-1;2330;1949;12034;5231;22337;27396;964;1176;4453;0,0025746984713185383;0,0016714076257588202;0;0,25469618872631034;0;0,7387229148369925;0,002334790339619786;0;0
79000;6,8;-41,0;-1;-1;2333;1951;12034;5594;22337;28525;967;1176;4453;0,00390250890185789;0,0025350877200889833;0;0;0;0,990045904241912;0,00351649913614116;0;0
80500;6,874;-39,0;-1;-1;2337;1953;12034;5594;22337;30014;972;1176;4453;0,0026047987171046063;0,0016939460889781567;0;0;0;0,9882436633341252;0;0;0,007457591859792172
82000;6,947;-41,0;-1;-1;2339;1953;12034;5594;22337;31494;972;1176;4471;0,0022025403150595893;0,001433861737256563;0;0;0,19979621000415368;0,7899519973617596;0;3,481269364213727E-4;0,006267263645349109
83500;7,025;-38,0;-1;-1;2346;1959;12039;5596;22594;32728;972;1177;4484;0,0016600686401101667;0,0010813690958804082;0,10300138079427919;0;0;0,889278089376871;0;2,6296751661212425E-4;0,004716124576247119
85000;7,098;-40,0;-1;-1;2348;1961;12193;5596;22594;34065;972;1177;4489;0,0017313054509310872;0,0011278312282650307;0,10354657933587491;0;0;0,8886802076286683;0;0;0,00491407635626062
86500;7,177;-40,0;-1;-1;2350;1962;12359;5596;22594;35387;972;1177;4498;0,002200134161475689;0,0014341246587947383;0;0;0;0,9881619529601108;0,001976103481293448;0;0,006227684738325231
88000;7,249;-34,0;-1;-1;2352;1962;12359;5596;22594;36873;973;1177;4509;0,0014745420859066192;0;0;0,11071649682161937;0;0,8823253488892249;0,001323055664856643;0;0,004160556538392543
89500;7,332;-36,0;-1;-1;2352;1962;12359;5753;22594;38206;980;1177;4512;0;0;0;0,1078706409574092;0;0,8877482001367939;0;0;0,004381158905796863
90500;7,379;-36,0;-1;-1;2352;1962;12359;5868;22594;39087;980;1177;4516;0;0;0;0,09444065411153738;0,13809507448916147;0,7631839834521403;0;2,2898746728946994E-4;0,004051300479871405
92000;7,453;-40,0;-1;-1;2352;1962;12359;6006;22800;40238;980;1180;4518;0;0;0,09015073144948353;0,09607698819190326;0;0,8091227361265267;0;2,479512591312166E-4;0,004401592972955328
93500;7,525;-40,0;-1;-1;2352;1962;12533;6155;22800;41408;980;1180;4525;0;0,0011128982511956218;0,09408397513533562;0,09758068391475899;0;0,8024422695058211;0;0;0,00478017319288871
95000;7,595;-39,0;-1;-1;2352;1966;12659;6280;22800;42649;980;1180;4529;0,0014614089060548325;9,519058626630677E-4;0,09409847588786316;0;0;0,8981062723413372;0,0012914452020517627;0;0,004090491800029934
96500;7,666;-34,0;-1;-1;2354;1967;12802;6280;22800;43995;981;1180;4536;0,0013537780418079698;8,823009067072252E-4;0;0;0;0,992785334060603;0,00119560833586801;0;0,0037829786550138285
98000;7,736;-29,0;-1;-1;2357;1967;12802;6280;22800;45485;982;1180;4542;0,0011044181068713289;0;0;0;0;0,9948366712319451;9,752773326315646E-4;0;0,003083633328552101
99500;7,805;-36,0;-1;-1;2363;1971;12805;6280;22805;46979;985;1184;4549;0,0010683216164927949;0;0;0;0;0,994838469202891;9,40652260167562E-4;1,6945080836729855E-4;0,0029831061120814116
101000;7,876;-33,0;-1;-1;2365;1971;12805;6280;22805;48473;986;1184;4552;8,2590647907436E-4;0;0;0,04491107214648446;0,07735560131760795;0,8746015384385732;0;0;0,0023058816182598947
102500;8,006;-44,0;-1;-1;2366;1971;12805;6338;22910;49804;986;1184;4557;8,283352724161849E-4;0;0,06176544393271795;0,04388930333806185;0;0,891207856610875;0;0;0,0023090608459291452
104000;8,152;-33,0;-1;-1;2369;1971;12878;6406;22910;51154;986;1184;4563;8,122715101358216E-4;5,325875824873818E-4;0;0,03440198233845138;0;0,9619900766488394;0;0;0,0022630819200859793
105500;8,295;-41,0;-1;-1;2371;1973;12878;6446;22910;52605;986;1184;4568;8,310253454714895E-4;5,44943706169799E-4;0;0;0;0,9963111111806012;0;0;0,0023129197677575378
107000;8,453;-27,0;-1;-1;2372;1973;12878;6446;22910;54103;986;1184;4569;9,053778243965605E-4;5,94049375689143E-4;0;0;0;0,9951817903798715;7,991212948013204E-4;0;0,0025196611252415384
108500;8,598;-32,0;-1;-1;2374;1973;12878;6446;22910;55596;986;1184;4574;9,546148015605909E-4;0;0;0;0;0,996238743576567;0;1,5257046435860624E-4;0,002654071157513791
110000;8,73;-37,0;-1;-1;2378;1973;12878;6446;22910;57087;986;1184;4579;0,001026063759290907;0;0;0;0;0,9959567690625318;0;1,6439140977455788E-4;0,002852775768402707
111500;8,862;-39,0;-1;-1;2380;1973;12878;6446;22910;58581;986;1184;4583;0,001052943098501309;0;0,06989271897771729;0,04398630210195713;0;0,8821416076391273;0;0;0,002926428182697053
113000;8,977;-31,0;-1;-1;2381;1973;12981;6522;22910;59897;986;1184;4587;9,695719112004134E-4;0;0;0,0392449309803538;0,08985448772608244;0,8672391997137586;0;0;0,002691809668604588
114500;9,144;-38,0;-1;-1;2386;1973;12981;6583;23067;61167;986;1184;4594;0,0011424685405900035;7,555519053605047E-4;0;0,045137219218622696;0;0,9497937987402927;0;0;0,0031709615951341363
116000;9,25;-34,0;-1;-1;2389;1975;12983;6647;23069;62597;989;1190;4603;9,50293520211822E-4;6,288541723597311E-4;0;0,051614466040409375;0;0,9459646613237301;8,417249432889771E-4;0;0
117500;9,324;-28,0;-1;-1;2391;1975;12983;6729;23069;64012;990;1190;4603;8,342876173511825E-4;0;0;0,04386807731051371;0;0,954425125031374;7,385202367832361E-4;1,3398980397779034E-4;0
119000;9,434;-34,0;-1;-1;2392;1975;12983;6796;23069;65442;992;1190;4603;6,578082290638608E-4;0;0;0,06190592312104894;0;0,9374362686498873;0;0;0
120000;9,513;-37,0;-1;-1;2392;1975;12983;6841;23069;66397;992;1190;4603;6,858117098506687E-4;0;0;0,0529896654307869;0;0,9463245228593623;0;0;0
121000;9,605;-38,0;-1;-1;2392;1975;12983;6883;23069;67355;992;1190;4603;5,776331073945607E-4;0;0,03757111852770741;0,043897397968403674;0;0,9163521461698406;0;0;0,0016017042266536741
122500;9,759;-31,0;-1;-1;2392;1975;13031;6963;23069;68726;992;1190;4604;0;3,658187921570076E-4;0,03546999735671498;0,04060799159245027;0;0,9220269932380356;0;0;0,0015291990206421511
124000;9,921;-37,0;-1;-1;2392;1976;13084;7006;23069;70127;992;1190;4606;0;3,3667929734285953E-4;0;0,036767136300942124;0;0,9610418252275494;4,478421922443289E-4;0;0,0014065169819213153
125500;10,077;-39,0;-1;-1;2392;1976;13084;7056;23069;71573;994;1190;4608;0;0;0;0,03745213134522092;0,047903896218882996;0,9126359264861521;4,63481123035392E-4;8,494382778737077E-5;0,001459620998921314
127000;10,313;-42,0;-1;-1;2392;1976;13084;7113;23152;72931;996;1190;4608;0;0;0;0,031413787709405575;0,05194270743564869;0,9166435048549457;0;0;0
128000;10,457;-43,0;-1;-1;2392;1976;13084;7138;23216;73842;996;1190;4608;6,191510515632354E-4;0;0;0,033266174874087256;0,05506004107326832;0,9110546330010811;0;0;0
129500;10,687;-43,0;-1;-1;2393;1976;13084;7194;23307;75194;996;1190;4608;6,773748368577877E-4;0;0,04282836062088876;0,03566455409991965;0,05952397104302998;0,8613057393993038;0;0;0
131000;10,896;-39,0;-1;-1;2399;1981;13153;7243;23415;76485;1000;1191;4611;6,949476384778518E-4;4,6136544871577736E-4;0;0,036011449637005734;0,06058578077009535;0,9022464565057052;0;0;0
132500;11,063;-33,0;-1;-1;2400;1982;13153;7295;23501;77845;1000;1191;4611;7,306391428661077E-4;4,850861962975635E-4;0;0,037150124817978816;0;0,9589736575223519;6,359641258137898E-4;0;0,002024528194691819
134000;11,23;-41,0;-1;-1;2401;1983;13153;7334;23501;79302;1000;1191;4613;7,421780627667418E-4;4,927816614210296E-4;0;0,037186536872680226;0;0,9595231084714086;0;0;0,0020553949317233056
135500;11,391;-28,0;-1;-1;2403;1983;13153;7396;23501;80734;1000;1191;4617;7,404946580592034E-4;0;0;0,03628753038256059;0;0,9608025871772921;0;1,2007325394551994E-4;0,0020493145281427053
137000;11,563;-40,0;-1;-1;2407;1983;13153;7455;23501;82170;1000;1191;4618;7,474844819238641E-4;0;0;0,030879177899472903;0;0,9663014487317185;0;0;0,002071888886884667
138500;11,71;-27,0;-1;-1;2409;1983;13153;7508;23501;83613;1000;1191;4620;6,831660220324939E-4;0;0,04051570850224423;0,027708893752445472;0,05895593030535103;0,8702424743005946;0;0;0,0018938271173320725
140000;11,897;-40,0;-1;-1;2409;1983;13211;7549;23610;84901;1000;1191;4624;0;0;0,04782644484541153;0,027641570495982405;0,06908064285865602;0,8535361804943334;0;0;0,0019151613056166076
141500;12,055;-44,0;-1;-1;2409;1983;13284;7588;23718;86180;1000;1191;4625;0;5,173853654634353E-4;0,05265046671768283;0,030528426262889517;0;0,9134802473027178;6,784310225606594E-4;0;0,0021450433286857094
143000;12,234;-44,0;-1;-1;2409;1984;13370;7639;23718;87538;1002;1191;4627;0;5,93440595969996E-4;0,05374364176466145;0;0;0,9424293998843989;7,745193236727584E-4;0;0,002458998431296921
144500;12,365;-38,0;-1;-1;2409;1984;13454;7639;23718;88950;1004;1191;4629;0;0;0,05056425195551388;0;0;0,9470794318102378;0;0;0,00235631623424824
145500;12,412;-39,0;-1;-1;2409;1984;13519;7639;23718;89882;1004;1191;4632;8,675302152662727E-4;0;0,0506665990412453;0;0;0,946074185084911;0;0;0,0023916856585773573
147000;12,487;-41,0;-1;-1;2415;1987;13597;7640;23721;91304;1006;1191;4643;8,150029651891882E-4;0;0,04695139190049589;0;0,07623862489242587;0,8736152765071254;0;1,334393367219925E-4;0,0022462643980416383
148500;12,562;-41,0;-1;-1;2415;1987;13662;7640;23852;92603;1006;1191;4648;8,16945653439003E-4;0;0,04637625313667123;0,031625813076998306;0,07516671298501805;0,8436337030907248;0;1,337801413086536E-4;0,002246791915839913
150500;12,665;-44,0;-1;-1;2416;1987;13755;7699;24008;94291;1006;1191;4651;0,005287621697983941;0,0035349027824152545;0,29422274971605034;0,2006879286815432;0,47717570584724384;0;0,004560012940375218;0;0,014531078334388232
152500;12,882;-44,0;-1;-1;2429;1992;14404;8096;24905;94291;1010;1191;4686;0,009679887848867728;0,006494916661754683;0;0,28194466915288646;0,6935775004030654;0;0,008303025933425771;0;0
154000;13,032;-44,0;-1;-1;2442;1997;14404;8490;25985;94291;1018;1191;4686;0;0,008616706549477918;0;0,2666521697519901;0,7138772517368717;0;0,010853871961660306;0;0
155500;13,171;-36,0;-1;-1;2442;2010;14404;8778;27147;94291;1055;1191;4686;0;0,006451994728410598;0;0,16483447787320613;0,8053284602146539;0;0,023385067183729395;0;0
157000;13,328;-37,0;-1;-1;2442;2018;14404;9040;28339;94291;1093;1191;4686;0;6,088608669904584E-4;0;0,012978061080375986;0,06174198328649127;0,922489731638951;0,0020297006897919668;1,5166243739928002E-4;0
158500;13,413;-40,0;-1;-1;2442;2019;14404;9057;28408;95704;1093;1191;4686;0;5,992232802910716E-4;0,04016644427397691;0,012719053629600985;0,06037856113514595;0,8836718810262469;0;0;0,002464836654738009
160000;13,484;-41,0;-1;-1;2442;2020;14456;9072;28507;97035;1093;1191;4688;0,007732733584163896;0,005156076076463007;0,3420423702150203;0,10905853200626192;0,514810291285554;0;0;0;0,021199996832536715
161500;13,556;-41,0;-1;-1;2459;2032;14955;9247;29275;97035;1093;1191;4717;0,00842086916344686;0,005630557349034365;0,3424318476560468;0,11481105414355675;0,5287056716879153;0;0;0;0
163000;13,621;-41,0;-1;-1;2472;2038;15451;9420;30087;97035;1093;1191;4717;0,013524155313646032;0,00907706536394779;0;0,1784225846241639;0,7989761946982422;0;0;0;0
164500;13,687;-41,0;-1;-1;2495;2051;15453;9682;31296;97036;1098;1197;4720;0,014128192379944848;0,009535180486239817;0;0,17776091530753063;0,7666564918612963;0;0,03191921996498843;0;0
166000;13,754;-41,0;-1;-1;2524;2068;15453;9941;32444;97036;1145;1197;4720;9,54342895419061E-4;6,478317773962322E-4;0;0;0,04803599381075835;0,9482010277033154;0,0019973575838363386;1,6344622927471185E-4;0
167500;13,822;-36,0;-1;-1;2525;2068;15453;9941;32507;98471;1146;1197;4720;8,928126750344249E-4;0;0;0;0,04471149556150264;0,9518805397552216;0;0;0,0025151520082414888
169000;13,888;-39,0;-1;-1;2526;2068;15453;9941;32575;99897;1146;1197;4725;8,697605298914821E-4;0;0,03342873691867646;0;0,04331439766373146;0,9199406839107604;0;0;0,002446420976940153
170500;13,96;-35,0;-1;-1;2527;2068;15505;9941;32645;101272;1146;1197;4727;8,2168429209588E-4;0;0,031289370139033656;0;0;0,9655785093411093;0;0;0,0023104362277611592
172000;14,027;-37,0;-1;-1;2530;2068;15554;9941;32645;102715;1146;1197;4732;8,277250467985551E-4;0;0,03127549039291231;0,009999293002454118;0;0,9555715428251217;0;0;0,002325948732713369
173500;14,096;-40,0;-1;-1;2530;2068;15598;9956;32645;104154;1146;1197;4734;0;5,198985349512464E-4;0,02861797754273684;0,012053855724584216;0;0,9550647514463031;0,0015991940337799532;0;0,00214432271764462
175000;14,166;-40,0;-1;-1;2530;2069;15640;9967;32645;105595;1150;1197;4735;0;5,543543151313175E-4;0;0,012822322905902354;0;0,9826433981314779;0,001693531079108012;0;0,002286393568380355
176500;14,234;-37,0;-1;-1;2530;2069;15640;9992;32645;107064;1153;1197;4738;0;0;0;0,01498903060885679;0,036818295963432765;0,944443401373936;0,0015375688518318334;1,2780181154373584E-4;0,002083901390398911
178000;14,305;-32,0;-1;-1;2530;2069;15640;10019;32698;108478;1156;1197;4741;0;0;0;0,017642948417567746;0,036513788591688266;0,9438995258811702;0;0;0,0019437371095738028
179500;14,373;-29,0;-1;-1;2530;2069;15640;10037;32758;109899;1156;1197;4742;6,472952361952528E-4;0;0;0,01637570791277871;0,033865435729749614;0,9472998936746376;0;0;0,0018116674466387608
181000;14,445;-37,0;-1;-1;2534;2076;15644;10069;32808;111314;1157;1200;4753;6,482581840407021E-4;0;0,024095855526796703;0,016301470405579558;0;0,9571443050098973;0;0;0,0018101108736856082
182500;14,514;-37,0;-1;-1;2535;2076;15678;10089;32808;112758;1157;1200;4754;6,294911578203268E-4;4,280777041798425E-4;0;0,01575782922951065;0;0,9814268966159365;0;0;0,0017577052925527264
184000;14,581;-37,0;-1;-1;2535;2076;15678;10114;32808;114232;1157;1200;4755;0;0;0;0,01443489727885961;0;0,9827565251671896;0,0011896490667071473;0;0,0016189284872434504
185500;14,65;-39,0;-1;-1;2535;2076;15678;10128;32808;115715;1158;1200;4757;0;0;0;0,014776623730716552;0;0,982342601605303;0,0012186015410451823;0;0,0016621731229352376
187000;14,721;-35,0;-1;-1;2535;2076;15678;10148;32808;117191;1161;1200;4758;0;0;0;0,013636506036921235;0,028819089217295354;0,9560035426041836;0;0;0,0015408621415997864
188500;14,792;-42,0;-1;-1;2535;2076;15678;10164;32852;118627;1161;1200;4762;0;0;0;0,013447607914342095;0,028425195038669457;0,9565102376587487;0;9,351382496845089E-5;0,0015234455632712383
190000;14,866;-36,0;-1;-1;2535;2076;15678;10184;32904;120054;1161;1200;4763;5,172726416493292E-4;0;0,019082273958211323;0,012639595430443285;0,026725039932220224;0,9395970772970069;0;0;0,001438740740469057
191500;14,94;-42,0;-1;-1;2536;2076;15703;10199;32947;121466;1161;1200;4767;0,008546585844532118;0,005816009508026469;0,31379950506717424;0,20810244416958557;0,4399900651842068;0;0;0;0,02374539022647477
193000;15,018;-42,0;-1;-1;2542;2089;16156;10502;33641;121466;1161;1200;4798;0,009178148130481446;0,0062291096834259175;0,3105117350002186;0,20853795551502854;0,4468615605901162;0;0,018681491080729314;0;0
194500;15,094;-34,0;-1;-1;2562;2099;16613;10810;34320;121466;1187;1200;4798;0,016063853362449476;0,004561898824717207;0,334208953744721;0,2212700579271677;0,4238952361409446;0;0;0;0
196000;15,163;-28,0;-1;-1;2582;2103;17069;11174;34976;121466;1187;1200;4798;0,015613575674336707;0,004469707107800539;0;0,42418252250145927;0,5557341947164034;0;0;0;0
197500;15,236;-34,0;-1;-1;2604;2115;17076;11857;35773;121469;1190;1201;4802;0,0011896633169645769;3,4229191924243303E-4;0;0,03908615986948079;0,0424055095036825;0,9169763753906296;0;0;0
199000;15,325;-36,0;-1;-1;2604;2115;17076;11916;35826;122857;1190;1201;4802;0;0;0;0,039238450920671145;0,04294337774878438;0,9163900668395234;0;0;0,0014281044910210948
200500;15,396;-37,0;-1;-1;2604;2115;17076;11993;35896;124206;1190;1201;4806;0;0;0;0,0503201595214725;0,04116458925766867;0,9071404756101649;0;0;0,0013747756106940775
202000;15,466;-40,0;-1;-1;2604;2115;17076;12065;35942;125587;1190;1201;4807;0;0;0,025904933632296446;0,04872970443341118;0,04031610040139099;0,8827605614866201;9,375660594452156E-4;0;0,0013511339868361293
203500;15,538;-28,0;-1;-1;2604;2115;17111;12146;35996;126913;1190;1201;4811;0;0;0,02532654899552434;0,047114016098912165;0,039480040881552776;0,8858384034105952;0;0;0,0022409906134153714
205000;15,611;-36,0;-1;-1;2604;2115;17151;12223;36040;128248;1190;1201;4815;0,001154539469301736;3,3238042443672693E-4;0,025719894284090054;0;0,0402398692577593;0,9302646512424588;0;0;0,0022886653219533733
206500;15,686;-40,0;-1;-1;2606;2116;17185;12223;36105;129644;1190;1201;4817;0,001162549788440603;3,351350680552485E-4;0,02958931928374687;0;0;0,9666063646756518;0;0;0,0023066311841054583
208000;15,756;-43,0;-1;-1;2606;2118;17235;12223;36105;131089;1190;1201;4820;0;3,3887900263466467E-4;0,02967831119624463;0;0;0,9676511456744152;0;0;0,002331664126705417
209500;15,825;-43,0;-1;-1;2606;2118;17277;12223;36105;132544;1190;1201;4823;0;3,495184832716099E-4;0,030375897979991674;0;0;0,9668728305953138;0;0;0,002401752941422968
211000;15,895;-34,0;-1;-1;2606;2120;17316;12223;36105;133998;1190;1201;4828;0;3,120952924298616E-4;0,026959388104202713;0,04455158134209633;0;0,9260345688938519;0;0;0,0021423663674193113
212500;15,969;-35,0;-1;-1;2606;2120;17360;12279;36105;135397;1190;1201;4829;0;0;0,026340804449959707;0,043337097314085464;0,03704749876130137;0,8902902907692843;8,745169556413632E-4;0;0,002109791749727756
214000;16,049;-36,0;-1;-1;2609;2121;17394;12362;36169;136719;1199;1203;4839;0,00973209172589426;0;0,23880366819167864;0,388244301917048;0,3362153689678884;0;0,007830290465885601;0;0,01917427873160517
215500;16,125;-36,0;-1;-1;2623;2121;17772;12945;36655;136719;1209;1203;4868;0,010745448752181815;0;0,24836416598458189;0,3811772604087428;0,3597131248544936;0;0;0;0
217000;16,197;-36,0;-1;-1;2632;2121;18054;13657;37152;136719;1209;1203;4868;0,0072345294685286585;0;0,18284891359759914;0,4909823000256466;0,3189342569082257;0;0;0;0
218500;16,267;-31,0;-1;-1;2645;2121;18342;14442;37566;136719;1209;1203;4868;0,0058900762057695595;0,0017283616101143018;0,18400645250672806;0,5424845670488793;0,26589054262850864;0;0;0;0
220000;16,341;-35,0;-1;-1;2649;2125;18604;15350;37888;136719;1209;1203;4868;0;6,505181732169213E-4;0,03939677055452555;0,14244846162527253;0,04938688224137735;0,7681173674056077;0;0;0
221500;16,418;-40,0;-1;-1;2649;2126;18649;15550;37972;137889;1209;1203;4868;0;7,17987101838756E-4;0,04315444365694672;0;0,054155502195324466;0,899121807565582;8,211636244202196E-4;0;0,002029095855887757
223000;16,497;-33,0;-1;-1;2649;2128;18696;15550;38058;139251;1211;1203;4869;0;7,251162877536916E-4;0;0;0,05693795896901399;0,9394601515457836;8,265613186314977E-4;0;0,002050211878817132
224500;16,573;-44,0;-1;-1;2649;2129;18696;15550;38144;140659;1211;1203;4874;0;7,043216282792991E-4;0;0;0,05492787768069651;0,9423793988274279;0;0;0,0019884018635962816
226000;16,648;-37,0;-1;-1;2649;2130;18696;15550;38226;142076;1211;1203;4874;9,675757629387209E-4;6,793032059997105E-4;0;0;0,052645314997994935;0,9437891860804385;0;0;0,0019186199526280662
227500;16,723;-37,0;-1;-1;2653;2131;18696;15550;38311;143483;1211;1203;4877;8,575327301109794E-4;6,029921760026891E-4;0;0,12736528542743197;0;0,8694723461935969;0;0;0,0017018434728574958
229000;16,814;-38,0;-1;-1;2655;2133;18696;15756;38311;144772;1211;1203;4878;7,657801099447549E-4;5,384614836228151E-4;0,03215737070939527;0,13041749177166828;0;0,8361208959253689;0;0;0
230500;16,893;-37,0;-1;-1;2657;2140;18736;15947;38312;146044;1214;1205;4882;8,486765548088713E-4;5,954120392400493E-4;0,03541868080779052;0;0;0,9624582254614924;6,790051366680408E-4;0;0
232000;16,969;-35,0;-1;-1;2659;2140;18794;15947;38312;147484;1214;1205;4882;8,184268054798931E-4;0;0,033837043901732346;0;0;0,9653445292927878;0;0;0
233000;17,028;-42,0;-1;-1;2661;2140;18828;15947;38312;148448;1214;1205;4882;7,206144177678796E-4;0;0,03310455312198131;0;0,03911402116963911;0,9270608112906117;0;0;0
234500;17,101;-38,0;-1;-1;2661;2140;18882;15947;38383;149823;1214;1205;4882;7,012901845163972E-4;0;0,03192032403132248;0;0,039618353864295144;0,9263656656458069;0;0;0,0013943662740590395
236000;17,177;-28,0;-1;-1;2662;2140;18912;15947;38446;151228;1214;1205;4883;6,435584712171533E-4;0;0,029150995443053867;0,10602396420561419;0;0,8629018081440039;0;0;0,001279673736111073
237500;17,252;-37,0;-1;-1;2663;2140;18944;16108;38446;152533;1214;1205;4884;7,156101418783081E-4;5,037687921576574E-4;0,03224828136534066;0;0;0,9651091948255102;0;0;0,0014231448751132146
239000;17,329;-33,0;-1;-1;2664;2141;18995;16108;38446;153979;1214;1205;4885;6,840652858239004E-4;4,815913949707993E-4;0,03403625687122952;0;0;0,9642486748329735;5,494116150023505E-4;0;0
240500;17,404;-39,0;-1;-1;2664;2142;19057;16108;38446;155414;1216;1205;4885;0;4,806526260797376E-4;0,03363036866036916;0;0;0,965342365506061;5,466132074900928E-4;0;0
242000;17,478;-42,0;-1;-1;2664;2142;19117;16108;38446;156854;1216;1205;4885;0;4,688241765879739E-4;0,03246001974429914;0;0,03743877864215142;0,9290992222690613;5,331551679001632E-4;0;0
243500;17,557;-43,0;-1;-1;2664;2142;19175;16108;38516;158226;1216;1205;4885;0;0;0,03286244111363186;0;0,03805343096424585;0,9290841279221224;0;0;0
244500;17,631;-43,0;-1;-1;2664;2142;19202;16108;38553;159162;1216;1205;4885;0;0;0,029928808410174427;0,09964392846632204;0,0347159274401766;0,8344716551604777;0;0;0,0012396805228493393
246000;17,776;-35,0;-1;-1;2667;2148;19238;16286;38611;160401;1221;1210;4889;6,852864418903182E-4;0;0,032728077540969534;0;0,03977257599936644;0,9254517358740806;0;0;0,0013623241436930018
247500;17,932;-34,0;-1;-1;2669;2148;19280;16286;38679;161786;1221;1210;4892;0,008617360288273765;0;0,4538276367624399;0;0,5204287530252282;0;0;0;0,017126249924058135
249000;18,086;-37,0;-1;-1;2686;2148;19941;16286;39476;161786;1221;1210;4917;0,008985815152871371;0,006382181106462493;0,4439299483152848;0;0,515649640140757;0;0,0072003229000353166;0;0,017852092384588996
250500;18,241;-26,0;-1;-1;2693;2156;20589;16286;40266;161786;1239;1210;4946;0,019575293148627375;0,013896271559523174;0,9128283251170999;0;0;0;0,01512150326812264;0;0,03857860690662696
252000;18,392;-15,0;-1;-1;2733;2178;21957;16286;40266;161786;1266;1210;4989;0,015252302499223864;0,010931276757315474;0,9436543861095212;0;0;0;0;0;0,030162034633939464
253500;18,526;-30,0;-1;-1;2813;2199;23290;16286;40266;161786;1266;1210;5055;0,0025268913396765446;5,002388293246144E-4;0,03905628763891394;0;0;0,9557618194164986;0;0;0,0021547627755863193
255000;18,682;-40,0;-1;-1;2817;2199;23347;16286;40266;163223;1266;1210;5057;0,002250868564951093;0;0,03731979387091098;0,10017596614873464;0;0,8583315065274466;0;0;0,0019218648879567074
256500;18,838;-40,0;-1;-1;2824;2199;23406;16428;40266;164513;1266;1210;5059;0,002508842781648952;0;0,04142515291653258;0;0,03853287445620488;0,9153850718647949;0;0;0,0021480579808187596
258000;18,977;-33,0;-1;-1;2832;2199;23480;16428;40329;165866;1266;1210;5061;0,002603354148251347;0;0;0;0,03993619593096256;0,9546743860568186;5,502697650236209E-4;0;0,0022357940989438407
259500;19,11;-39,0;-1;-1;2836;2199;23480;16428;40387;167303;1266;1210;5062;0,0025911212978592677;0;0;0;0,039635518946845714;0,9555443380645152;0;0;0,0022290216907798538
261000;19,186;-40,0;-1;-1;2838;2199;23480;16428;40440;168745;1266;1210;5065;0,0025229355384916727;5,063550224924873E-4;0;0;0,038470665673661406;0,9563296816376445;0;0;0,0021703621277099367
262500;19,268;-42,0;-1;-1;2843;2201;23485;16431;40502;170185;1267;1214;5073;0,0023854119817941673;4,7984023124347835E-4;0;0;0,039608069455488226;0,9575266783314742;0;0;0
264000;19,34;-34,0;-1;-1;2844;2201;23485;16431;40552;171634;1267;1214;5073;0,002250865408783901;4,5306318145881956E-4;0,037142430699368185;0;0,03724889152085725;0,9229047491895318;0;0;0
265500;19,415;-34,0;-1;-1;2844;2201;23537;16431;40608;173026;1267;1214;5073;0;0;0,03598386602454881;0;0,03616634412611698;0,9278497898493343;0;0;0
266500;19,461;-34,0;-1;-1;2844;2201;23582;16431;40656;173933;1267;1214;5073;0;0;0,03306908837597756;0,08899221124988564;0,033307542475856516;0,8441998913783294;4,3126651995088386E-4;0;0
268000;19,538;-38,0;-1;-1;2844;2201;23642;16573;40699;175185;1270;1214;5073;0;0;0,034222486578601365;0;0,03460928784869162;0,9289006518775137;4,462011861088805E-4;0;0,0018213725090844336
269500;19,613;-33,0;-1;-1;2844;2201;23701;16573;40752;176568;1272;1214;5076;0;0;0,03585770735299595;0;0,03524670161266416;0,9288955910343399;0;0;0
270500;19,66;-37,0;-1;-1;2844;2201;23731;16573;40783;177507;1272;1214;5076;0,002081562011780231;4,1925451552008277E-4;0,03587872183905584;0;0,03531414402702431;0,9263063176066195;0;0;0
272000;19,735;-32,0;-1;-1;2846;2201;23789;16573;40842;178888;1272;1214;5076;0,0019654168096807606;0;0,03621651623392711;0;0,033224309464995896;0,9285937574913963;0;0;0
273500;19,808;-40,0;-1;-1;2849;2201;23841;16573;40893;180282;1272;1214;5076;0,0019678113559366468;0;0,03608028161423726;0;0,033183262465048616;0,9287686445647775;0;0;0
275000;19,882;-39,0;-1;-1;2852;2201;23900;16573;40941;181672;1272;1214;5076;0,001881150111183622;0;0,036830895128351304;0;0,031646299991103896;0,9292443557949862;3,9729897437489525E-4;0;0
276500;19,956;-43,0;-1;-1;2856;2201;23964;16573;40992;183053;1272;1214;5076;0,0019023151733460518;0;0,037021394150577876;0;0,03193423506977498;0,9274964865138506;0;0;0,0016455690924503294
278000;20,035;-43,0;-1;-1;2859;2202;24014;16575;41062;184440;1275;1220;5080;0,0020071377129741537;0;0,038875041203135;0;0;0,9573814467065223;0;0;0,0017363743773685062
279500;20,107;-39,0;-1;-1;2860;2202;24069;16575;41062;185882;1275;1220;5082;0,0018069367644022694;3,6678602372446344E-4;0,03731205203044661;0,07764221649851166;0;0,8813092231017173;0;0;0,001562785581197749
281000;20,182;-37,0;-1;-1;2862;2203;24123;16680;41062;187218;1275;1220;5084;0,001892356287457229;3,842198621906297E-4;0,038857702264538455;0;0;0,9572286855365965;0;0;0,0016370360492173428
282500;20,256;-35,0;-1;-1;2864;2203;24174;16680;41062;188659;1275;1220;5090;0,0018616486238554547;0;0,038030516931265745;0;0;0,9584989792560262;0;0;0,0016088551888526106
284000;20,328;-42,0;-1;-1;2867;2203;24231;16680;41062;190099;1275;1220;5090;0,0018019959630152756;0;0,03659855895468535;0;0,030217039387567826;0,9294431807461546;3,7970767679669824E-4;0;0,0015595172717803372
285500;20,406;-43,0;-1;-1;2872;2203;24292;16680;41106;191489;1275;1220;5090;0,0018346250198998672;0;0,0370700005259006;0;0,03073117836151507;0,9303641960926844;0;0;0
287000;20,481;-43,0;-1;-1;2876;2203;24347;16680;41152;192884;1275;1220;5090;0,0018724633129540884;0;0,03763806138575317;0;0,03131061341189658;0,9291788618893961;0;0;0
288500;20,554;-38,0;-1;-1;2877;2203;24414;16680;41205;194263;1275;1220;5090;0,0017991006976929322;3,682550935357033E-4;0,03588187235065631;0;0,03126255710499769;0,9306882147531172;0;0;0
290000;20,628;-29,0;-1;-1;2881;2204;24486;16680;41254;195637;1275;1220;5090;0,0018458014923501765;3,784050447592687E-4;0;0;0,032014849437042886;0,9657609440258476;0;0;0
291500;20,699;-38,0;-1;-1;2883;2204;24486;16680;41307;197082;1275;1220;5090;0,0018335022642846947;3,762602373863762E-4;0;0;0,03170247078530149;0,9644887201337209;0;0;0,0015990465793066172
293000;20,772;-41,0;-1;-1;2887;2204;24486;16680;41355;198526;1275;1220;5094;0,0017155118733079538;0;0;0,07310472984281087;0,029607103197893662;0,8940761404011857;0;0;0,0014965146848018014
294500;20,851;-25,0;-1;-1;2892;2208;24490;16807;41397;199860;1278;1225;5102;0,0018416037613141901;0;0;0;0,031755255277376944;0,9644064412473895;3,912094897042188E-4;0;0,0016054902242153496
296000;20,951;-39,0;-1;-1;2894;2208;24490;16807;41440;201313;1279;1225;5103;0,0017911439358223953;0;0,035629247217767494;0;0;0,9606368936646951;3,803098379759733E-4;0;0,001562405343739023
297500;21,026;-40,0;-1;-1;2898;2208;24544;16807;41440;202752;1281;1225;5104;0,04567245199524611;0;0,9047198818403049;0;0;0;0,00968480496781821;0;0,03992286119663063
299000;21,097;-37,0;-1;-1;2942;2208;25953;16807;41440;202752;1293;1225;5139;0,022929399654331717;0,004830002316156419;0,9472037484089354;0;0;0;0,0048541627340426205;0;0,020182686886533876
300500;21,169;-29,0;-1;-1;2973;2214;27387;16807;41440;202752;1301;1225;5160;0;0,002983636579385487;0,981650127419894;0;0;0;0,002962977602326559;0;0,012403258398393919
302000;21,237;-33,0;-1;-1;2973;2216;28862;16807;41440;202752;1304;1225;5180;0;0,001940763090751163;0,8257256621247094;0;0,16240319178241786;0;0,001918105373170203;0;0,008012277628951334
303500;21,309;-38,0;-1;-1;2973;2216;30114;16807;41670;202752;1306;1225;5196;0;0;0,13860183441705215;0;0,027914228553757407;0,8321489835890771;0;0;0,0013349534401133891
305000;21,382;-40,0;-1;-1;2973;2216;30322;16807;41710;204003;1306;1225;5197;0;0;0,1379141791014102;0;0,028278036689356335;0,8324516652429997;0;0;0,0013561189662337218
306500;21,457;-40,0;-1;-1;2973;2216;30512;16807;41760;205261;1306;1225;5199;0,001479003128870205;0;0,12885499219619168;0,06398944413399248;0,026840551169381006;0,7775448089863258;0;0;0,001291200385238938
308000;21,536;-35,0;-1;-1;2975;2216;30719;16903;41791;206423;1306;1225;5201;0,0016532022465379438;0;0;0,07038213354658723;0,02995690389612164;0,8965639549868322;0;0;0,0014438053239210634
309500;21,612;-38,0;-1;-1;2978;2216;30719;17013;41830;207770;1306;1225;5202;0,01606999203128676;0,003433804276893946;0;0,6723479338566575;0,2907167692957888;0;0,003381427786547439;0;0,014050072752825563
311000;21,689;-31,0;-1;-1;3003;2221;30724;18080;42222;207775;1310;1229;5225;0,017906413479959485;0,003862535569592969;0;0,9587261728150407;0;0;0,0037907234443771923;0;0,015714154691029675
312500;21,759;-38,0;-1;-1;3022;2233;30724;19513;42222;207775;1314;1229;5257;0,3957204367528754;0,17411651615608723;0;0;0;0;0,08377426602419855;0;0,34638878106683885
314000;21,852;-38,0;-1;-1;3576;2514;30724;19513;42222;207775;1442;1229;5794;0,008904285441875829;0,003969978481138077;0,9770150096079349;0;0;0;0,001903591003482513;0;0,008207135465568793
315500;21,917;-28,0;-1;-1;3592;2518;32193;19513;42222;207775;1444;1229;5803;0,0011937472522635445;5,349529970557006E-4;0,17139949445934508;0;0;0,82661552783822;2,56277453115704E-4;0;0
317000;21,99;-41,0;-1;-1;3593;2519;32445;19513;42222;209021;1444;1229;5803;0,001143237249419583;5,123929170762634E-4;0,16642606710464714;0;0,028288744223882376;0,8036295585049748;0;0;0
318500;22,06;-31,0;-1;-1;3594;2520;32698;19513;42262;210226;1444;1229;5803;0,0012191762871142145;5,465026633144056E-4;0;0,09716725731597747;0,030089220488247838;0,870977843245346;0;0;0
320000;22,133;-41,0;-1;-1;3597;2521;32698;19670;42302;211525;1444;1229;5803;0,0013416865034865588;6,018885878502501E-4;0;0;0,03304981845205317;0,96500660645661;0;0;0
321500;22,204;-41,0;-1;-1;3601;2522;32698;19670;42355;212967;1444;1229;5803;0,001365800247841747;6,135092995031962E-4;0;0;0,033566555233053345;0,9631858014015806;0;0;0,0012683338180210653
323000;22,277;-41,0;-1;-1;3601;2522;32698;19670;42396;214425;1444;1229;5804;0,0013939788091166965;6,262128039633901E-4;0;0;0,03415192797351614;0,9622331797402429;3,005870281015106E-4;0;0,0012941136450593952
324500;22,35;-41,0;-1;-1;3604;2522;32698;19670;42446;215867;1444;1229;5809;0,0011482163238165108;0;0,16384974332023144;0;0,028063004002664694;0,805873399682698;0;0;0,0010656366705892773
326000;22,422;-32,0;-1;-1;3605;2522;32931;19670;42489;217088;1444;1229;5811;0,0013536130025618063;0;0;0;0,032991366669659655;0,9643991120888166;0;0;0,0012559082389619674
327500;22,508;-36,0;-1;-1;3607;2524;32933;19674;42543;218537;1447;1234;5815;0,0012296644016958078;0;0;0,09604359729893916;0,029888356228918753;0,8716974920965376;0;0;0,0011408899739087342
329000;22,578;-28,0;-1;-1;3608;2524;32933;19809;42592;219850;1447;1234;5817;0,001257159590286532;0;0;0,10314290482996606;0;0,8944337166690728;0;0;0,0011662189106747933
330500;22,648;-35,0;-1;-1;3610;2524;32933;19946;42592;221211;1447;1234;5817;0,0012561219887960095;5,664015598917772E-4;0;0,10109062877735328;0;0,8959205812306295;0;0;0,0011662664433294038
332000;22,717;-38,0;-1;-1;3611;2524;32933;20081;42592;222570;1447;1234;5822;0,001275517410657667;0;0;0,10072283030423036;0;0,8965435744638898;2,752907556167017E-4;0;0,0011827870656054575
333500;22,787;-32,0;-1;-1;3613;2524;32933;20249;42592;223900;1447;1234;5822;0,0010590515041629491;0;0,15367111410426038;0,08741719735101289;0;0,7578526370405638;0;0;0
335000;22,855;-37,0;-1;-1;3615;2524;33142;20391;42592;225047;1447;1234;5822;0,0010350211913808427;0;0,14747219761982036;0,08378143277612292;0,025128151463530115;0,7425831969491457;0;0;0
336500;22,925;-37,0;-1;-1;3616;2524;33353;20528;42624;226166;1447;1234;5822;0,0010788835260751991;0;0,15082438570120202;0,08565253520203844;0;0,7624441955706842;0;0;0
338000;22,995;-39,0;-1;-1;3617;2524;33583;20641;42624;227322;1447;1234;5822;0,0010623210994376955;0;0,14550733444333463;0,08300152583595348;0;0,7704288186212742;0;0;0
339500;23,065;-31,0;-1;-1;3619;2524;33789;20771;42624;228484;1447;1234;5822;0,0010464338014688562;4,7387573257655076E-4;0,14085777269236896;0,08034127105024189;0;0,7763068941488872;0;0;9,737525744566175E-4
341000;23,149;-36,0;-1;-1;3620;2525;34001;20908;42624;229633;1447;1234;5822;0,0010538583171780694;4,7728537530004363E-4;0,13912624507714574;0,07933503398499266;0;0,7800075772453835;0;0;0
342500;23,251;-37,0;-1;-1;3620;2526;34215;21015;42624;230811;1447;1234;5822;0;4,733328341315423E-4;0,13527293963727513;0,0774295729953192;0;0,7865974115980375;2,267429352365339E-4;0;0
344000;23,411;-42,0;-1;-1;3628;2526;34431;21118;42627;232000;1449;1236;5827;0;0;0,13499544113423548;0,07489077957229534;0,0248871078947383;0,7650045444624991;2,2212693623173283E-4;0;0
345500;23,567;-38,0;-1;-1;3628;2526;34601;21231;42674;233170;1449;1236;5827;0;0;0,13125666682963502;0,07798000494431073;0,025581589343602783;0,7651817388824513;0;0;0
347000;23,705;-35,0;-1;-1;3628;2526;34809;21349;42717;234301;1449;1236;5827;0;0;0,12471572891041045;0,0771059177739224;0,025659914790509875;0,7725184385251573;0;0;0
348500;23,855;-37,0;-1;-1;3628;2526;34975;21448;42748;235505;1449;1236;5827;0,0010112615060855318;0;0,11275870471951577;0,07517885069709469;0,02533134942145283;0,7847765367838612;0;0;9,432968719899867E-4
350000;24,017;-40,0;-1;-1;3628;2526;35132;21568;42783;236693;1449;1236;5827;0;4,5711025902841644E-4;0,10645170439100216;0,0733598070930075;0,025101796507754882;0,794629581749207;0;0;0
351500;24,174;-28,0;-1;-1;3628;2528;35281;21680;42815;237898;1449;1236;5827;0;4,5751271286717646E-4;0,10896927907564855;0,07712702175004588;0;0,8132274263364461;2,1876012499233617E-4;0;0
353000;24,316;-37,0;-1;-1;3628;2528;35435;21795;42815;239129;1449;1236;5827;0;0;0,11040687516596856;0,075203700981067;0;0,8143894238529644;0;0;0
354000;24,414;-34,0;-1;-1;3628;2528;35549;21866;42815;239944;1449;1236;5827;0;0;0,10954920929556168;0,07458917758781616;0;0,8158616131166222;0;0;0
355000;24,509;-37,0;-1;-1;3628;2528;35669;21939;42815;240751;1449;1236;5827;0;0;0,11030041651927243;0,07507676285903873;0;0,8146228206216888;0;0;0
356000;24,606;-37,0;-1;-1;3628;2528;35776;22003;42815;241580;1449;1236;5827;9,815514880933812E-4;0;0,10528594380957917;0,07166300352708378;0,024680053249294072;0,7973894479259497;0;0;0
357500;24,701;-32,0;-1;-1;3628;2528;35929;22105;42857;242783;1449;1236;5827;0;4,451135086745845E-4;0,10728262906291308;0,07041157280623254;0,024532947723603916;0,7964144859732286;0;0;9,132509253472843E-4
359000;24,795;-38,0;-1;-1;3630;2530;36099;22232;42901;243957;1451;1240;5829;0;4,6719150050929253E-4;0,1149451167194945;0;0,026713765957491687;0,8566922697191024;2,2297055270156514E-4;0;9,58685550700457E-4
360500;24,873;-36,0;-1;-1;3630;2531;36254;22232;42950;245250;1451;1240;5831;0;4,621614086270462E-4;0,1123174299887283;0;0,026353737118877774;0,8594394299002929;0;0;0,001427241583473901
362000;24,95;-45,0;-1;-1;3630;2531;36434;22232;42994;246525;1451;1240;5832;0;0;0,11023343930285584;0;0,026174798168015843;0,862169944791487;0;0;0,0014218177376411469
363500;25,022;-36,0;-1;-1;3630;2531;36599;22232;43041;247812;1451;1240;5833;0;0;0,11068758074123017;0;0,0256664184217069;0,8622473024072906;0;0;0,0013986984297722287
365000;25,095;-41,0;-1;-1;3630;2531;36778;22232;43085;249088;1451;1240;5834;0;0;0,10217338080706452;0,06599017885212012;0,023972937027667014;0,806553271399995;0;0;0,0013102319131533067
366500;25,169;-41,0;-1;-1;3630;2531;36922;22329;43114;250316;1451;1240;5836;9,718371502018659E-4;0;0,1049186839593266;0,06764423588995336;0;0,8251043892574228;0;0;0,0013608537430954443
368000;25,243;-37,0;-1;-1;3631;2531;37068;22430;43114;251566;1451;1240;5838;0,0010664692465389028;4,8503665906327265E-4;0;0,07323342104743949;0;0,9237216206653213;0;0;0,0014934523816370793
369500;25,317;-38,0;-1;-1;3631;2532;37068;22526;43114;252967;1451;1240;5840;0;4,7817107592739637E-4;0;0,07125429858279908;0;0,9265671361551543;2,2864650991744593E-4;0;0,0014717476762018916
371000;25,392;-39,0;-1;-1;3631;2532;37068;22649;43114;254341;1451;1240;5843;0;0;0;0,07113745152227857;0;0,927369226968126;0;0;0,0014933215095954161
372000;25,44;-28,0;-1;-1;3631;2532;37068;22723;43114;255265;1451;1240;5845;0;0;0;0,06668535372736857;0,025874758498784546;0,9060264841963838;0;0;0,0014134035774630992
373500;25,512;-36,0;-1;-1;3631;2532;37068;22832;43152;256617;1451;1240;5846;0;0;0,09741900376215279;0,05934532383291505;0,023310725314013927;0,8186484929165816;0;0;0,0012764541743366773
375000;25,59;-38,0;-1;-1;3634;2538;37215;22930;43183;257845;1457;1241;5853;0,0010200854147112168;0;0;0,06542217284800803;0,02599627190731207;0,9061379815286736;0;0;0,0014234883012950652
376500;25,664;-38,0;-1;-1;3636;2538;37215;23024;43222;259208;1457;1241;5855;0,001037071059213232;4,715706198595437E-4;0;0,06570291163038632;0,026374141575864183;0,9064143051146768;0;0;0
378000;25,739;-41,0;-1;-1;3637;2539;37215;23138;43263;260551;1457;1241;5855;0,0010308503926778868;4,6880346919963184E-4;0;0,06856315001850866;0;0,9299371961196138;0;0;0
379500;25,815;-35,0;-1;-1;3637;2541;37215;23239;43263;261948;1457;1241;5855;0,001026867991007587;4,6665608034051226E-4;0;0,06736193262634099;0;0,9311445433023109;0;0;0
381000;25,889;-41,0;-1;-1;3639;2541;37215;23333;43263;263352;1457;1241;5855;0,0010333704842045734;4,700293629526462E-4;0;0,06695693121637322;0;0,9313162856999704;2,2338323649912742E-4;0;0
382500;25,965;-37,0;-1;-1;3641;2541;37215;23439;43263;264744;1457;1241;5855;9,15354576152379E-4;0;0,09657579495106547;0,062301677333976485;0;0,8389271413581134;0;0;0,001280031780692201
384000;26,039;-40,0;-1;-1;3642;2541;37353;23542;43263;266001;1457;1241;5856;9,948930125482992E-4;0;0;0,06678312949917822;0,025255891398308215;0,9055747367976021;0;0;0,0013913492923630132
385500;26,114;-28,0;-1;-1;3644;2541;37353;23635;43314;267354;1457;1241;5857;0,0010599398619776973;0;0;0;0,026825112733924517;0,9706319944325048;0;0;0,0014829529715930485
387000;26,187;-34,0;-1;-1;3644;2541;37353;23635;43353;268813;1457;1241;5859;0,0010446372447002537;0;0;0;0,02635951233126104;0,9711353021561295;0;0;0,0014605482679090592
388500;26,261;-39,0;-1;-1;3644;2541;37353;23635;43396;270267;1457;1241;5862;0,0010539263745227955;4,805571022245724E-4;0;0;0,026509232026221203;0,970484258225081;0;0;0,0014720262719503912
390000;26,337;-24,0;-1;-1;3644;2541;37353;23635;43430;271726;1457;1241;5869;0;0;0;0;0,026599692383387278;0,9719230963812601;0;0;0,001477211235352572
391000;26,387;-39,0;-1;-1;3646;2541;37357;23637;43459;272702;1460;1243;5872;0;0;0;0,06485601730566229;0,02452406187464467;0,9092564599781638;0;0;0,0013634608415291668
392500;26,46;-34,0;-1;-1;3646;2541;37357;23743;43486;274067;1460;1243;5874;0;0;0,09100990007440223;0,05704416464325678;0,021831499322820896;0,8283567638489189;0;0;0,0017576721106013072
394000;26,535;-35,0;-1;-1;3646;2541;37485;23828;43521;275316;1460;1243;5877;0;0;0,09467385091756686;0;0,022131882420569644;0,8812176632693477;1,9171884855929405E-4;0;0,0017848845439564344
395500;26,609;-33,0;-1;-1;3646;2541;37637;23828;43556;276627;1460;1243;5879;8,717032853524537E-4;0;0,09184647670704851;0;0,021678891580163707;0,8838512532624732;0;0;0,001751675164962217
397000;26,683;-32,0;-1;-1;3647;2541;37776;23828;43596;277946;1460;1243;5880;9,379163018135813E-4;4,284237785142662E-4;0;0;0,023267138415587488;0,9734818143590803;0;0;0,0018847071450042588
398500;26,759;-31,0;-1;-1;3650;2541;37776;23828;43620;279416;1460;1243;5883;9,306377542922531E-4;0;0;0;0,024926572397524924;0,97227233685638;0;0;0,001870452991802881
400000;26,831;-29,0;-1;-1;3652;2541;37776;23828;43650;280879;1460;1243;5888;8,681874418080778E-4;0;0;0,05614458348116669;0,023226384055446768;0,9180169539418513;0;0;0,0017438910797271318
401500;26,905;-41,0;-1;-1;3652;2541;37776;23921;43685;282249;1460;1243;5890;0;0;0;0,05851163454775258;0,02298014001311383;0,9167794674078434;0;0;0,0017287580312900855
403000;26,978;-8,0;-1;-1;3652;2541;37776;24015;43722;283615;1460;1243;5893;0;0;0,08341117716911416;0,05366116050997489;0,02128212843384832;0,8400416767907084;0;0;0,0016038570963542765
404500;27,054;-39,0;-1;-1;3652;2541;37893;24103;43766;284863;1460;1243;5896;0;0;0;0,05487213529922182;0,022802976213850776;0,9206668651062263;0;0;0,001658023380701016
406000;27,128;-33,0;-1;-1;3652;2541;37893;24189;43795;286245;1460;1243;5899;0;0;0;0,05351029765399041;0,022441555242380708;0,9224145148571014;0;0;0,0016336322465275279
407500;27,205;-36,0;-1;-1;3652;2543;37894;24281;43834;287629;1463;1246;5906;7,99002817682166E-4;3,657244841123114E-4;0;0,05171571230530365;0,021894396705035974;0,9234581194343123;1,7240272645652492E-4;0;0,001594641527096981
409500;27,336;-42,0;-1;-1;3654;2544;37896;24381;43899;289496;1463;1248;5909;8,206096220490027E-4;3,7605864738122157E-4;0;0;0,022407922452854938;0,9747570450207094;0;0;0,0016383642570055664
411000;27,413;-25,0;-1;-1;3654;2544;37896;24381;43943;290950;1463;1248;5911;0;0;0;0;0,02242214583909238;0,975934190629582;0;0;0,0016436635313256292
412000;27,463;-37,0;-1;-1;3654;2544;37896;24382;43983;291927;1465;1248;5914;0;0;0,08020845895130416;0;0,02040755057716563;0,8978852885741543;0;0;0,001498701897375899
413500;27,538;-39,0;-1;-1;3654;2544;38004;24382;44027;293273;1465;1248;5916;0;0;0,08033824000249791;0;0,020561072506337753;0,8975869890493333;0;0;0,0015136984418310643
415000;27,611;-30,0;-1;-1;3654;2544;38134;24382;44060;294605;1465;1248;5921;0;0;0,07500964062115785;0,04577958015906913;0,01935506807738819;0,8584296614211472;0;0;0,0014260497212377611
416500;27,689;-34,0;-1;-1;3656;2544;38240;24456;44104;295907;1465;1249;5925;7,474912269572609E-4;3,429549147054443E-4;0,08017441679966564;0;0,02012423593485615;0,8971255159805598;0;0;0,0014853851432557006
418000;27,766;-34,0;-1;-1;3657;2544;38374;24456;44139;297234;1465;1249;5928;7,448024200112778E-4;0;0,08172645561889816;0;0,02001748925871528;0,8960313418862108;0;0;0,0014799108161644588
419500;27,841;-39,0;-1;-1;3657;2544;38478;24456;44178;298587;1465;1249;5932;0;0;0,08005677844838632;0;0,019719337478936363;0,8987638425308349;0;0;0,001460041541842471
421000;27,917;-32,0;-1;-1;3657;2544;38586;24456;44207;299948;1465;1249;5934;0;0;0,07807288088751799;0;0,0193585226057477;0,9009766209509604;1,564552832231019E-4;0;0,00143552027255087
422500;27,995;-39,0;-1;-1;3659;2545;38698;24456;44253;301309;1470;1251;5935;0;0;0;0;0,021053004436110412;0,9772120464231506;1,691165350036117E-4;0;0,001565832605735375
424000;28,068;-38,0;-1;-1;3659;2545;38698;24456;44284;302772;1472;1251;5939;0;0;0;0,04676813084993892;0,019674104751297102;0,9320932539022826;0;0;0,0014645104964813812
425500;28,141;-38,0;-1;-1;3659;2545;38698;24514;44314;304181;1472;1251;5942;7,497796891402017E-4;3,446723663687646E-4;0;0,047050230271255655;0,019905342016459934;0,930466521487942;0;0;0,0014834541688333756
427000;28,217;-39,0;-1;-1;3662;2547;38698;24578;44342;305584;1472;1251;5942;7,35994302073234E-4;3,384933860853591E-4;0;0,04585266864455273;0,01952225632841402;0,9335505873388747;0;0;0
428500;28,294;-41,0;-1;-1;3663;2547;38698;24647;44368;306988;1472;1251;5942;6,887736078668786E-4;0;0,07364142236158551;0,04520511035486728;0,018240487831859588;0,8622242058438206;0;0;0
430000;28,371;-35,0;-1;-1;3665;2548;38820;24718;44413;308272;1472;1253;5943;7,291790635715067E-4;0;0;0,05036727789258998;0,019262592684924952;0,9294846763337941;1,5627402511958344E-4;0;0
431500;28,445;-39,0;-1;-1;3668;2548;38820;24806;44445;309648;1473;1253;5943;7,597418945987745E-4;0;0;0;0,020048595037949344;0,9790288391850078;1,628238824440137E-4;0;0
433000;28,518;-40,0;-1;-1;3670;2548;38820;24806;44467;311124;1473;1253;5943;7,684175776135453E-4;0;0;0;0,020258155546952754;0,9774468460346729;0;0;0,001526580840760811
434500;28,592;-38,0;-1;-1;3673;2548;38820;24806;44498;312589;1473;1253;5944;7,498168077743119E-4;3,4644683493770153E-4;0;0;0,01974483617181281;0,9776680473040291;0;0;0,0014908528814460951
436000;28,665;-39,0;-1;-1;3676;2548;38820;24806;44523;314060;1473;1253;5945;7,58894488939636E-4;0;0;0;0,019970371342748185;0,9777604925375859;0;0;0,0015102416307262781
437500;28,739;-38,0;-1;-1;3676;2548;38820;24806;44555;315527;1473;1253;5946;6,599344983430077E-4;0;0,07010619019166871;0,045211120036946995;0,017988523097391806;0,8647214813382704;0;0;0,001312750837379218
439000;28,819;-40,0;-1;-1;3676;2549;38924;24867;44597;316841;1473;1255;5948;0;0;0,07034611820237066;0,04538331308156058;0,01814948741323518;0,8646496455017225;1,4372830023282163E-4;0;0,0013277075008783377
440500;28,895;-35,0;-1;-1;3676;2549;39027;24927;44625;318148;1473;1255;5950;0;0;0,06836257984292625;0,04411588869850341;0,017745313881979512;0,8684761497458819;0;0;0,0013000678307088743
442000;28,971;-43,0;-1;-1;3676;2549;39118;24984;44650;319475;1473;1255;5950;0;0;0,06809560370869353;0,04394538370500328;0,017776476981216916;0,8701825356050862;0;0;0
443500;29,046;-25,0;-1;-1;3676;2549;39196;25057;44676;320798;1473;1255;5950;0;3,0505854290342396E-4;0,06789876934280487;0,043677725615368174;0,017806244227356136;0,8703122022715674;0;0;0
445000;29,121;-37,0;-1;-1;3676;2550;39297;25109;44698;322122;1473;1255;5950;6,84733690548524E-4;3,16686746016407E-4;0,0722453753820639;0;0,018458882380541428;0,9082943218008297;0;0;0
446500;29,196;-39,0;-1;-1;3678;2551;39412;25109;44723;323479;1473;1255;5950;0,007518398074449653;0,003478920155451452;0,7865556428660849;0;0,20244703890401394;0;0;0;0
448000;29,268;-35,0;-1;-1;3688;2554;40582;25109;45040;323479;1473;1255;5950;0,006154768628474249;0,002857070394032194;0,7598331587395056;0;0,21753792164075272;0;0,0013323658434777155;0;0,01228471475375753
449500;29,347;-25,0;-1;-1;3696;2563;41693;25109;45392;323495;1478;1257;5972;0,0048241578479716034;0,002238734104792618;0,7587218567744562;0;0,2331764321255484;0;0,0010388191472310408;0;0
451000;29,421;-37,0;-1;-1;3702;2566;42844;25109;45731;323495;1479;1257;5972;0,004180582506172253;0,0019431707956990864;0,7152105064557733;0,277764224742497;0;0;9,015154998584441E-4;0;0
452500;29,493;-30,0;-1;-1;3706;2569;43891;25554;45731;323495;1480;1257;5972;6,243377273881567E-4;0;0,1196482064841902;0,04958327747428335;0;0,8301441783141382;0;0;0
454000;29,569;-40,0;-1;-1;3707;2569;44051;25641;45731;324747;1480;1257;5972;6,247678858501586E-4;0;0,1183670611609707;0,04908339048462771;0;0,8319247804685515;0;0;0
455500;29,667;-36,0;-1;-1;3710;2569;44209;25733;45731;325994;1480;1257;5972;6,215613943124088E-4;0;0,11950470060489433;0,04831781684414395;0;0,8315559211566492;0;0;0
457000;29,806;-44,0;-1;-1;3710;2569;44363;25800;45731;327273;1480;1257;5972;6,073284509569266E-4;0;0,11534759515822628;0,04437336413704074;0,030715675768189687;0,8077414022883498;0;0;0,0012146341972366155
458500;29,965;-44,0;-1;-1;3710;2569;44534;25869;45784;328480;1480;1257;5972;0;2,9946966724669183E-4;0,1204123926669431;0,04650097972047145;0;0,8326481389147743;1,3901903056457923E-4;0;0
460000;30,107;-36,0;-1;-1;3710;2569;44710;25939;45784;329734;1480;1257;5972;0;0;0,12161755489329532;0,04859807788785793;0;0,8297843672188469;0;0;0
461000;30,235;-37,0;-1;-1;3710;2569;44829;25999;45805;330556;1480;1257;5972;0;0;0,11750852847808703;0,04831556955369429;0;0,8341759019682187;0;0;0
462000;30,334;-33,0;-1;-1;3710;2569;44946;26049;45824;331391;1480;1257;5972;0;0;0,11970956679962039;0,048115457317695814;0;0,8321749758826837;0;0;0
463000;30,43;-39,0;-1;-1;3710;2569;45056;26108;45824;332222;1480;1257;5972;6,51474035010291E-4;0;0,12009981370328808;0,04829883111343446;0;0,8309498811482672;0;0;0
464500;30,587;-26,0;-1;-1;3713;2569;45228;26172;45839;333497;1480;1257;5972;6,227899935307605E-4;0;0,11926090797124773;0,04355442294034711;0,03232392073304876;0,8042379583618257;0;0;0
466000;30,731;-36,0;-1;-1;3713;2569;45421;26243;45889;334705;1480;1257;5972;0;2,8449631801979563E-4;0,1178744607013971;0,04458067974102333;0,032472880135370696;0,803436391200212;1,321655620162383E-4;0;0,0012189263419607737
468000;30,898;-41,0;-1;-1;3713;2569;45650;26317;45940;336348;1480;1257;5975;0;0;0,11491487662432312;0,043754180538731736;0,03204571206845167;0,8080787874752949;0;0;0,0012064432931985906
469500;30,977;-37,0;-1;-1;3713;2569;45846;26375;46004;337556;1480;1257;5976;0;0;0,11774001619918037;0,044040047083161574;0;0,8369971761235235;0;0;0,0012227605941346686
471000;31,052;-38,0;-1;-1;3713;2569;46034;26460;46004;338781;1480;1257;5978;0;0;0,12020260663023065;0,044000301318045894;0;0,8345631832291057;0;0;0,0012339088226178052
472500;31,128;-33,0;-1;-1;3713;2569;46222;26527;46004;340024;1480;1257;5980;6,171264140150588E-4;0;0,11846974079939672;0,043564277364478515;0;0,8361175549633899;0;0;0,0012313004587197812
474000;31,206;-35,0;-1;-1;3714;2569;46392;26589;46011;341305;1480;1257;5984;7,058040881031925E-4;0;0;0,0494736727855966;0;0,9484138047376307;0;0;0,0014067183886694475
475500;31,279;-32,0;-1;-1;3714;2569;46392;26653;46011;342735;1480;1257;5990;6,77329491384553E-4;0;0;0,04711202775874738;0,03574089659197825;0,9151224256571237;0;0;0,0013473205007661485
477000;31,353;-36,0;-1;-1;3714;2569;46392;26730;46058;344111;1480;1257;5990;0;3,200683388075615E-4;0;0,047185133590538095;0,03600156227275627;0,9163444559164842;1,4877988141391896E-4;0;0
478500;31,427;-39,0;-1;-1;3714;2569;46392;26788;46126;345485;1480;1257;5990;0;0;0;0,04598581474020599;0,03516724231055015;0,9188469429492439;0;0;0
479500;31,477;-42,0;-1;-1;3714;2570;46392;26829;46186;346408;1480;1257;5990;0;0;0,11344251778941551;0,04077429743552419;0,031211506575821755;0,8145716781992385;0;0;0
481000;31,552;-28,0;-1;-1;3714;2570;46581;26895;46227;347612;1480;1257;5990;0;0;0,11440495495562837;0,04256950341863885;0,03103678632925752;0,8119887552964753;0;0;0
482500;31,624;-40,0;-1;-1;3714;2570;46763;26958;46266;348828;1480;1257;5990;5,950039862415528E-4;0;0,1125619670986154;0,04208661770926187;0,03178143551373913;0,8117917665975328;0;0;0,0011832090946092347
484000;31,709;-36,0;-1;-1;3715;2570;46935;27027;46318;350031;1480;1257;5993;6,611669454976735E-4;0;0;0,04642044985405424;0,03521166502212429;0,9163921186043658;0;0;0,0013145995739580944
485500;31,785;-22,0;-1;-1;3716;2570;46935;27102;46379;351391;1480;1257;5996;6,971218756691077E-4;0;0;0;0,03697857847821047;0,9609390851069525;0;0;0,0013852145391679519
487000;31,861;-28,0;-1;-1;3716;2570;46936;27102;46432;352863;1480;1257;5997;6,876830536769007E-4;0;0;0;0,03634256622294898;0,9616038358860272;0;0;0,0013659148373470396
488500;31,939;-40,0;-1;-1;3716;2570;46940;27102;46512;354311;1481;1257;5998;6,842411685341029E-4;3,201749549543744E-4;0;0;0,03596475658640215;0,9615235191814157;1,48837805893878E-4;0;0,0013584703027997628
490000;32,016;-35,0;-1;-1;3719;2571;46940;27102;46563;355754;1481;1257;6000;5,839439361722912E-4;2,7338122124885865E-4;0,10917007891878318;0;0,030621670561964045;0,8581911040687142;0;0;0,0011598212931172322
491500;32,095;-40,0;-1;-1;3721;2573;47120;27103;46623;357039;1481;1257;6002;6,293022407879535E-4;2,946255490220663E-4;0;0,043815738150982136;0,03288927419070381;0,9211211129751949;0;0;0,001249946893308982
493000;32,17;-32,0;-1;-1;3721;2574;47120;27168;46667;358426;1481;1257;6005;0;2,9536467974544515E-4;0;0,0435951769472705;0,032876076650880104;0,9219812965629061;0;0;0,0012520851591979604
494500;32,246;-33,0;-1;-1;3721;2576;47120;27224;46703;359830;1481;1257;6007;0;3,0769678926592507E-4;0;0;0,03418539857688416;0,964202540984894;0;0;0,0013043636489559448
496000;32,322;-42,0;-1;-1;3721;2576;47120;27224;46787;361269;1481;1257;6010;0;2,989921109615333E-4;0;0;0,03302780691700646;0,9654070727407089;0;0;0,0012661282313230424
497500;32,395;-29,0;-1;-1;3721;2577;47120;27224;46834;362717;1481;1257;6014;0;2,9919146885273813E-4;0;0;0,03294956554367072;0,9654856111491354;0;0;0,0012656318383411722
499000;32,468;-41,0;-1;-1;3721;2578;47120;27224;46882;364167;1481;1257;6015;5,720587108660888E-4;2,6739446277425973E-4;0,10546666386747074;0;0,030254534286836526;0,8623083298656042;0;0;0,0011310188064480883
500500;32,543;-44,0;-1;-1;3721;2579;47267;27224;46951;365450;1481;1257;6015;0;2,5935962405185573E-4;0,10129504801686852;0,03803051668600151;0,029215444737163164;0,8311996309359149;0;0;0
502000;32,621;-45,0;-1;-1;3721;2580;47393;27269;47002;366757;1481;1257;6015;0;0,001523866253868526;0,6043827903315534;0,22228251936893184;0,17109879349880733;0;7,120305468388013E-4;0;0
503500;32,693;-45,0;-1;-1;3721;2581;48284;27623;47254;366757;1483;1257;6015;0;0;0,5986121305078188;0,22407055979557094;0,17657331031769713;0;7,439993789130246E-4;0;0
505000;32,763;-45,0;-1;-1;3721;2581;49161;27973;47526;366757;1484;1257;6015;0;0;0,5928323262008837;0,22560109431439127;0,18156657948472518;0;0;0;0
506000;32,809;-10,0;-1;-1;3721;2581;49748;28207;47705;366757;1484;1257;6015;0;0;0,580558600661285;0,22394150704536042;0,1882992249455384;0;0;0;0,007200667347816067
507500;32,878;-35,0;-1;-1;3721;2581;50631;28555;47966;366757;1484;1257;6023;5,564420290103678E-4;0;0,1058416431631645;0,04057078152162968;0,03090878228080613;0,8210255606594139;0;0;0,0010967903459754963
509000;32,958;-39,0;-1;-1;3722;2581;50789;28606;48035;368008;1484;1257;6024;6,267282228933437E-4;2,928207100877266E-4;0;0,04543882781039475;0,03466532808432839;0,9177408465302175;0;0;0,001235448642078425
510500;33,035;-42,0;-1;-1;3722;2581;50789;28682;48086;369380;1484;1257;6025;0;0;0;0,04859756648482032;0,03388235306509511;0,9161751859455509;1,3362346133499126E-4;0;0,0012112710431988797
512000;33,11;-43,0;-1;-1;3722;2581;50789;28751;48137;370759;1484;1257;6026;0;0;0;0,04873169978805545;0,03412502479350727;0,9159194803523619;0;0;0,0012237950660752602
513500;33,487;-36,0;-1;-1;3722;2581;50789;28816;48193;372137;1484;1257;6027;0;0;0;0,05101303852667063;0,03585225570742445;0,9118429995074319;0;0;0,0012917062584730844
515000;33,558;-39,0;-1;-1;3722;2581;50789;28892;48247;373505;1484;1257;6029;0;0;0,11029165745479523;0,04530331006833385;0,031998662774979425;0,8112501960917022;0;0;0,0011561736101892363
516500;33,63;-34,0;-1;-1;3722;2581;50950;28963;48301;374717;1484;1257;6031;6,575526787675664E-4;0;0;0,05027379186521611;0,03566297863441586;0,9121132043867194;0;0;0,0012924724348811138
518000;33,709;-36,0;-1;-1;3722;2581;50951;29049;48373;376092;1484;1257;6033;0;3,0318651232832364E-4;0;0,049105315406700434;0,03602983518450559;0,9132879978750078;0;0;0,0012736650214577722
519500;33,784;-39,0;-1;-1;3722;2581;50951;29120;48420;377472;1484;1257;6035;0;0;0;0,04916685498157399;0,03730347217405235;0,912102640299716;1,4247038089840614E-4;0;0,001284562163759246
521000;33,86;-41,0;-1;-1;3722;2581;50951;29189;48489;378833;1484;1257;6036;0;0;0;0,05042665211083749;0,03655905937818027;0,9117500742894966;0;0;0,0012642142214855624
522500;33,933;-37,0;-1;-1;3722;2581;50951;29257;48542;380210;1484;1257;6038;0;0;0;0,04947151772214532;0,03705439632924268;0,9122250191072877;0;0;0,0012490668413243536
524000;34,007;-41,0;-1;-1;3722;2581;50951;29316;48595;381598;1484;1257;6038;0;0;0,10375371370954271;0,043203133506583814;0,03245925062316022;0,8194858036707708;0;0;0,0010980984899423053
525500;34,081;-33,0;-1;-1;3722;2581;51105;29369;48635;382848;1484;1257;6041;6,194636286046955E-4;0;0;0,04749351356488405;0,035797700585120266;0,91487613951198;0;0;0,0012131827094110325
527000;34,159;-31,0;-1;-1;3722;2581;51105;29449;48690;384212;1484;1257;6042;0;0;0;0,04699458737119902;0,0356152525022349;0,9161790268285686;0;0;0,0012111332979975944
528500;34,234;-28,0;-1;-1;3722;2581;51106;29516;48752;385608;1484;1257;6045;0;2,8983143285079676E-4;0;0,04671922200842868;0,03757859775358604;0,9142007931146103;0;0;0,0012115556905241602
530000;34,311;-38,0;-1;-1;3722;2581;51106;29577;48809;386987;1484;1257;6048;0;0;0;0,04863677159157313;0,037394689323206616;0,9126246147671497;1,3487068508939894E-4;0;0,001209053632981178
531500;34,386;-36,0;-1;-1;3722;2581;51106;29657;48853;388361;1484;1257;6050;0;0;0;0,04737609187467582;0,036640438813856896;0,9147959920756104;0;0;0,0011874772358570007
533000;34,462;-36,0;-1;-1;3722;2581;51106;29728;48909;389732;1484;1257;6052;0;0;0;0,046786521344626575;0,03736466896084998;0,9146674274662985;0;0;0,0011813822282248558
534500;34,534;-38,0;-1;-1;3722;2581;51106;29802;48955;391110;1484;1257;6054;0;0;0,09927853643632302;0,04160241224254376;0,0343245537651453;0,8237362608677066;0;0;0,0010582366882813342
536000;34,61;-40,0;-1;-1;3722;2581;51246;29853;49000;392373;1484;1257;6055;0,00305694708890502;0;0,5540299474941027;0,24427113726882455;0,19268525905656442;0;0;0;0,00595670909160331
537500;34,679;-31,0;-1;-1;3728;2581;52091;30232;49264;392373;1484;1257;6061;0,003362314551261139;0;0,6780244452138867;0,31205991157487245;0;0;0;0;0,006553328659979675
539000;34,745;-11,0;-1;-1;3733;2581;53117;30689;49264;392373;1484;1257;6073;0,0034391883998426383;0;0,669478525118174;0,32039030899897797;0;0;0;0;0,006691977483005408
540500;34,811;-34,0;-1;-1;3735;2581;54151;31143;49278;392383;1484;1257;6080;0,0029299960893959007;0,001378734153486376;0,664672116208711;0,3253263805971665;0;0;0;0;0,005692772951240135
542000;34,879;-25,0;-1;-1;3740;2584;55179;31604;49278;392383;1484;1257;6083;5,31601604408132E-4;2,503427587736517E-4;0,13359840014709917;0,06412243243355172;0;0,8013804065771158;1,1681647905159298E-4;0;0
543500;34,952;-41,0;-1;-1;3742;2585;55396;31677;49278;393590;1484;1257;6083;5,128143142566374E-4;2,4159110425874927E-4;0,13238355166833343;0,06142975412998199;0,032012662148765525;0,7734196266344037;0;0;0
545000;35,026;-34,0;-1;-1;3744;2586;55599;31754;49327;394758;1484;1257;6083;5,406593890851421E-4;2,548293832035483E-4;0,14074276778690534;0;0,03460486839532783;0,8238568750454782;0;0;0
546500;35,097;-36,0;-1;-1;3744;2586;55803;31754;49373;396008;1484;1257;6083;0;0;0,14026787013879732;0;0,03479150580277318;0,8249406240584294;0;0;0
547500;35,142;-38,0;-1;-1;3744;2586;55957;31754;49406;396821;1484;1257;6083;0;0;0,13969043272007267;0;0,03487662912869677;0,8243663580870972;0;0;0,001066580064133305
549000;35,213;-39,0;-1;-1;3744;2586;56188;31754;49447;398046;1484;1257;6086;0;0;0,13911145598428667;0;0,03509667695114596;0,8247166216948211;0;0;0,0010752453697461426
550500;35,283;-39,0;-1;-1;3744;2586;56397;31754;49491;399292;1484;1257;6087;0;0;0,13028012356685734;0,06221139657705902;0,03316394987651818;0,7733260147029692;0;0;0,0010185152765961683
552000;35,354;-31,0;-1;-1;3744;2586;56597;31857;49531;400448;1484;1257;6088;5,977171062167209E-4;2,8180971832961036E-4;0;0,07318140264727872;0,037653060088821626;0,8871242368415403;0;0;0,0011617735978130652
553500;35,429;-39,0;-1;-1;3744;2586;56598;31984;49603;401781;1484;1257;6088;0;0;0;0,07246889241690793;0,03758683292919959;0,8899442746538925;0;0;0
554500;35,477;-41,0;-1;-1;3744;2586;56598;32047;49655;402666;1484;1257;6088;0;0;0;0,07232265381629235;0,03762615891903444;0,889918547184786;1,3264007988722032E-4;0;0
556000;35,546;-42,0;-1;-1;3744;2586;56598;32149;49715;404004;1484;1257;6088;0;0;0;0,07226213961835296;0,03782386710211721;0,8897801176612112;1,3387561831853628E-4;0;0
557500;35,616;-42,0;-1;-1;3744;2586;56598;32256;49768;405344;1484;1257;6088;0;0;0,13102724507582839;0,06281042997614315;0,033115862541461476;0,7730464624065669;0;0;0
559000;35,686;-42,0;-1;-1;3744;2586;56771;32347;49803;406545;1484;1257;6088;0;0;0,13086100641049694;0,0627777814905718;0,033321634195396355;0,7719934924697643;0;0;0,0010460854337706162
560500;35,755;-36,0;-1;-1;3744;2586;56970;32446;49856;407691;1484;1257;6091;5,670523003008831E-4;2,674531989065389E-4;0,13895334827659608;0;0,034980082999472875;0,8241312885872891;0;0;0,0011007746374345198
562000;35,831;-41,0;-1;-1;3745;2586;57167;32446;49904;408942;1484;1257;6094;5,691829265959984E-4;0;0,137944022566452;0;0,03501319532851771;0,8253693796683809;0;0;0,0011042195100535053
563500;35,907;-41,0;-1;-1;3746;2586;57389;32446;49947;410176;1484;1257;6094;5,7480690499329E-4;0;0,13759398178825216;0;0,03526520959988134;0,8253236360227515;1,2684969081601155E-4;0;0,0011155159933059103
565000;35,985;-29,0;-1;-1;3747;2586;57591;32446;50006;411413;1484;1257;6095;5,658517036095262E-4;0;0,1364853466715426;0;0,035553346309528146;0,8262972533885504;0;0;0,0010982019267694967
566500;36,06;-40,0;-1;-1;3747;2586;57785;32446;50065;412659;1484;1257;6096;0;0;0,12658672910596094;0,061288501700736055;0,03413083823543734;0,7769640934170458;0;0;0,0010298375408199895
568000;36,138;-37,0;-1;-1;3747;2586;57983;32550;50121;413830;1484;1257;6096;0;0;0,12728205882591254;0,06050997090943281;0,03485710825666882;0,7773508620079858;0;0;0
569500;36,212;-41,0;-1;-1;3747;2586;58166;32654;50177;414987;1484;1257;6096;0;0;0,12912064021450897;0,06024706370651775;0,03494328461549691;0,7756890114634762;0;0;0
571000;36,284;-41,0;-1;-1;3747;2586;58352;32753;50230;416149;1484;1257;6096;0;2,542371773461938E-4;0,12894585478414966;0,060203467994738406;0,035148076178720004;0,7754483638650458;0;0;0
572500;36,362;-39,0;-1;-1;3747;2587;58541;32819;50288;417335;1484;1257;6096;5,488492691508326E-4;2,592250244448708E-4;0,1375130868201814;0,06098318462243469;0;0,8005743757738093;1,2127848997903609E-4;0;0
574000;36,438;-28,0;-1;-1;3749;2588;58734;32896;50288;418562;1484;1257;6096;5,478784712520396E-4;2,5888760822227904E-4;0,14094768673612101;0,060440559855903304;0;0,7967415720578793;0;0;0,001063415270621871
575500;36,514;-38,0;-1;-1;3750;2589;58957;33002;50288;419731;1484;1257;6096;5,470417957772069E-4;2,5851526903039883E-4;0,14156362421181012;0,0597298032161909;0;0,7979010155071914;0;0;0
577000;36,588;-40,0;-1;-1;3750;2589;59191;33100;50288;420899;1484;1257;6096;0;0;0,1410574145280868;0,059721844829138865;0;0,7992207406427743;0;0;0
578000;36,638;-33,0;-1;-1;3750;2589;59310;33169;50288;421711;1484;1257;6096;0;0;0,13404004973670058;0,05675068968289;0,034299167272983114;0,7749100933074263;0;0;0
579500;36,712;-42,0;-1;-1;3750;2589;59518;33269;50340;422851;1484;1257;6096;0;0;0,1324423874974904;0,056178001504916295;0,03418075775000173;0,7771988532475915;0;0;0
581000;36,799;-45,0;-1;-1;3750;2589;59706;33351;50374;424047;1484;1257;6096;0;0;0,13155186925585569;0,056026061813954774;0,0343190973071575;0,7781029716230321;0;0;0
582500;36,873;-30,0;-1;-1;3750;2589;59922;33424;50431;425201;1484;1257;6096;5,30058211216921E-4;2,50574001647909E-4;0,13151682906431653;0,055384744952973325;0,03498144600379068;0,7761900759110871;1,1738101749323854E-4;0;0,001028890837474409
584500;36,983;-32,0;-1;-1;3752;2589;60176;33531;50535;426768;1484;1257;6099;6,099756689572129E-4;0;0;0,06311382241494862;0,040024682394822625;0,8950676231710406;0;0;0,0011838963502309552
586000;37,06;-34,0;-1;-1;3755;2589;60176;33616;50599;428116;1484;1257;6099;6,06464076332274E-4;0;0;0,06230166626545816;0,039674415986278584;0,8974174536719309;0;0;0
587500;37,134;-36,0;-1;-1;3755;2589;60176;33716;50664;429451;1484;1257;6099;6,112924409574171E-4;0;0;0,0621808693072925;0,03982200398183174;0,8973858342699184;0;0;0
589000;37,209;-39,0;-1;-1;3755;2589;60176;33801;50728;430802;1484;1257;6099;6,162466349106724E-4;0;0;0,062148896475397446;0,03997726539351236;0,8972575914961795;0;0;0
590500;37,285;-39,0;-1;-1;3756;2589;60176;33875;50787;432168;1484;1257;6099;5,286009105778086E-4;0;0,1293808005094293;0,05730584278868023;0,035082094832304955;0,7777026609590076;0;0;0
592000;37,362;-44,0;-1;-1;3757;2589;60381;33944;50848;433332;1484;1257;6099;6,083625638881137E-4;2,885985006894391E-4;0;0,06549882681578294;0,040127964746889185;0,8922934820926813;0;0;0,001182765280068967
593500;37,438;-23,0;-1;-1;3757;2590;60381;34050;50912;434659;1484;1257;6101;0;2,831431517282132E-4;0;0,06362322768459208;0,03922121214181848;0,8957124258825502;0;0;0,001159991139311148
595000;37,513;-33,0;-1;-1;3757;2590;60381;34142;50982;435996;1484;1257;6102;0;0;0;0,06745636903014515;0,0396757224556398;0,8915887986101426;1,314227812579046E-4;0;0,0011476871228145846
596500;37,588;-38,0;-1;-1;3757;2590;60381;34235;51035;437349;1484;1257;6103;0;0;0;0,06778645466482941;0,0386042137643942;0,89248920241474;0;0;0,0011201291560364824
598000;37,663;-33,0;-1;-1;3757;2590;60381;34343;51088;438687;1484;1257;6104;0;0;0;0,06949229175118529;0,03836789420459756;0,8910229920163731;0;0;0,0011168220278440586
599500;37,736;-40,0;-1;-1;3757;2590;60381;34435;51141;440042;1484;1257;6104;5,067001688691135E-4;0;0,12230182356322933;0,06061448906481277;0,03366059907660653;0,7819331694121895;0;0;9,832187142926583E-4
601000;37,816;-38,0;-1;-1;3758;2590;60574;34534;51208;441208;1485;1257;6106;5,210432886563134E-4;2,472888338352712E-4;0,12673555554333726;0,06411640589999644;0;0,8073688842200231;0;0;0,0010108222141516899
602500;37,893;-32,0;-1;-1;3758;2590;60772;34630;51208;442413;1485;1257;6107;0;0;0,12462162299399003;0,0631453783572814;0;0,8112285198569062;0;0;0,0010044787918222292
604000;37,966;-33,0;-1;-1;3758;2590;60966;34711;51208;443634;1485;1257;6111;0;0;0,1273947122221868;0,06369077428273813;0;0,8079319193115935;0;0;9,82594183481614E-4
605500;38,039;-29,0;-1;-1;3758;2590;61185;34800;51208;444824;1485;1257;6113;0;0;0,1281937634685336;0,06318010859525855;0;0,8076437059519261;0;0;9,824219842816664E-4
607000;38,112;-43,0;-1;-1;3758;2590;61366;34887;51208;446056;1