Iteration;Time;BestFitness;LastCalledHeur;IsRelay;NumOfMoves-LLH0;NumOfMoves-LLH1;NumOfMoves-LLH2;NumOfMoves-LLH3;NumOfMoves-LLH4;NumOfMoves-LLH5;NumOfMoves-LLH6;NumOfMoves-LLH7;NumOfMoves-LLH8;LAProb-LLH0;LAProb-LLH1;LAProb-LLH2;LAProb-LLH3;LAProb-LLH4;LAProb-LLH5;LAProb-LLH6;LAProb-LLH7;LAProb-LLH8;
2000;1,036;-39,0;-1;-1;100;65;82;764;94;757;20;30;159;0,006881471115251593;0;0,01331667733734047;0,09462816745039133;0,022013685011461254;0,8631599990855553;0;0;0
3500;1,235;-39,0;-1;-1;109;65;107;900;127;2054;20;30;159;0,00270532854160936;0;0,006117914883195352;0;0,00955434190400809;0,9816224146711872;0;0;0
5000;1,339;-41,0;-1;-1;119;69;124;903;145;3522;23;31;163;0,003918038496860352;0;0,008462325370317245;0;0,012019582969259878;0,9756000531635625;0;0;0
6500;1,559;-36,0;-1;-1;121;69;134;903;164;4991;23;31;163;0,0020163254020896452;0;0,0041241041941818945;0;0,005743778907662416;0,9881157914960661;0;0;0
8000;1,642;-42,0;-1;-1;127;69;138;903;172;6473;23;31;163;0,0010377739844431226;8,322214275847164E-4;0,002146796084285053;0;0,0029403976546323683;0,9916093681169573;4,23335233472103E-4;7,127717520580878E-5;9,3883032341956E-4
10000;1,822;-32,0;-1;-1;133;77;147;906;188;8448;26;35;168;0;0,027578852372055516;0,07186194268417868;0,7591441633565194;0,09524458038755776;0;0,014259949970839937;0;0,03191051122884883
11500;1,993;-38,0;-1;-1;133;103;225;1660;773;8448;41;35;210;0;0,02167169688602909;0,05494391224027028;0;0,8835372794881161;0;0,012390304608492678;0;0,027456806777091978
13000;2,227;-18,0;-1;-1;133;218;547;1660;1595;8448;115;35;377;0;0,025577296548669966;0,930353283205146;0;0;0;0,01758080698149554;0;0,026488613264688342
14500;2,412;-33,0;-1;-1;133;222;2035;1660;1595;8448;118;35;382;0;0,0024954079362868873;0,9932582772197701;0;0;0;0,0016658133813978058;0;0,0025805014625452627
16000;2,582;-33,0;-1;-1;137;237;3492;1662;1601;8453;134;37;402;5,559736005118632E-4;2,93547381868704E-4;0,01850095751826009;0;0;0,980339699730024;0;0;3,098217693354214E-4
17500;2,653;-38,0;-1;-1;137;237;3522;1662;1601;9923;134;37;402;5,961818608014415E-4;3,147947089903178E-4;0,019577828354044487;0;0;0,9791170546867615;0;6,189492396575006E-5;3,322454654366664E-4
19000;2,728;-39,0;-1;-1;137;238;3560;1662;1601;11383;134;37;403;0;0;0,02316956888879702;0,02672120306463825;0,00294638666110531;0,9467637162088891;0;0;3,991251765702531E-4
20500;2,822;-41,0;-1;-1;137;238;3602;1718;1605;12781;134;37;403;0;0;0,02788432655287305;0,03062248231944851;0,0036024980096091446;0,9378906931180693;0;0;0
22000;2,937;-41,0;-1;-1;137;238;3638;1758;1610;14200;134;37;403;0;0;0,03368615913002644;0,03693362286138964;0,004402718844071065;0,924611343786741;3,661553777718639E-4;0;0
23500;3,059;-41,0;-1;-1;139;241;3697;1830;1620;15573;136;41;403;0;0;0;0,05128267831578227;0,006251635704456875;0,9419492333017873;5,164526779737218E-4;0;0
25000;3,15;-38,0;-1;-1;139;241;3697;1886;1626;17011;136;41;403;0,001045683250957899;5,499121545875509E-4;0;0,034177311804067946;0,004243343490454392;0,9599837492999322;0;0;0
26500;3,227;-39,0;-1;-1;141;241;3697;1940;1630;18451;136;41;403;0,0012061899688697066;0;0;0,03881314551861485;0,0049085542468586055;0,95439317161843;0;0;6,789386472269471E-4
28000;3,313;-39,0;-1;-1;141;241;3697;1991;1637;19892;136;41;404;0,0014806038541597686;0;0;0,04633484357684129;0,00599565945155057;0,9452063595444636;0;1,5106897835857652E-4;8,314645946261712E-4
29500;3,402;-37,0;-1;-1;144;241;3697;2054;1650;21311;136;42;405;0,0010665276465368714;0;0,033027070827374806;0;0,004314793130854008;0,9608801985883613;0;1,0880382949742357E-4;6,02605977375577E-4
31000;3,495;-40,0;-1;-1;148;241;3731;2054;1657;22765;136;42;406;0,0012385164721803875;0;0,038238594854416844;0;0,005024388654002197;0,9543638056028664;4,280666503486207E-4;0;7,066277661855417E-4
32500;3,598;-37,0;-1;-1;152;245;3785;2058;1667;24209;139;44;410;0,0011084750996860897;0;0;0;0,004515307675292142;0,9933632509830421;3,7914358072199813E-4;0;6,338226612576189E-4
34000;3,674;-34,0;-1;-1;156;245;3785;2058;1670;25702;139;44;410;0,0010902661060450233;5,957368503143928E-4;0;0;0,004482660034811975;0,9938313370088285;0;0;0
35500;3,751;-37,0;-1;-1;158;247;3785;2058;1680;27188;139;44;410;0,0011098263796042063;6,063373249767931E-4;0;0,03522596177262385;0,004559029953405917;0,9584988445693892;0;0;0
37000;3,833;-37,0;-1;-1;158;247;3785;2115;1683;28628;139;44;410;0;0;0;0,048323169033133204;0,003753252637938429;0,947835779546952;0;8,779878197635688E-5;0
38500;3,911;-40,0;-1;-1;158;247;3785;2177;1690;30059;139;44;410;0;0;0,02192710081354652;0,03670347041176537;0,00291025530750748;0,9383907489164075;0;6,842455077320575E-5;0
40000;3,99;-19,0;-1;-1;158;247;3825;2231;1696;31459;139;44;410;0;0;0,030182985422181233;0,03745824924362382;0,0030231261614120214;0,9286428383288249;2,593495989265656E-4;0;4,3345124503141324E-4
41500;4,071;-41,0;-1;-1;158;247;3872;2261;1699;32879;139;44;410;0;0;0,024811223485256387;0,031017248424156648;0,002529924799300776;0,9416416032912862;0;0;0
43000;4,154;-34,0;-1;-1;162;253;3902;2316;1706;34296;143;47;413;5,590131798253876E-4;3,04511084215466E-4;0,022197918091788598;0,027502893694314686;0,002281529459243798;0,947154134490612;0;0;0
44500;4,238;-38,0;-1;-1;163;253;3937;2358;1709;35715;143;47;413;5,981558714602078E-4;0;0,03087967776691712;0,02899853163009308;0,0024434426147632855;0,9370801921167663;0;0;0
46000;4,327;-36,0;-1;-1;163;253;3972;2396;1715;37136;143;47;413;0;0;0,026741063282472527;0,02513693300258437;0,0021406309505528514;0,945931777077635;0;4,959568675530948E-5;0
47500;4,406;-36,0;-1;-1;163;253;4003;2431;1718;38567;143;47;413;0;0;0,02433507001319741;0,022869766119855122;0,0019709076795461607;0,9508242561874013;0;0;0
49000;4,483;-37,0;-1;-1;163;253;4052;2472;1720;39975;143;47;413;0;0;0,025927436359858665;0,024488351593539393;0,00214097319322959;0,9469519637025987;1,808606527776443E-4;0;3,1041449799600664E-4
50500;4,564;-37,0;-1;-1;163;253;4091;2509;1723;41396;143;47;413;0;0;0,022818118359139716;0,021603687222924942;0,0019122949254920829;0,9536658994924432;0;0;0
52000;4,646;-43,0;-1;-1;163;253;4129;2548;1724;42818;143;47;413;4,714904234704002E-4;2,57722680739527E-4;0,022377141102831677;0,021192594650333886;0,0019044277955563836;0,953796623347068;0;0;0
53500;4,726;-43,0;-1;-1;165;253;4170;2584;1729;44234;143;47;413;5,289641890915611E-4;0;0,02481605321724821;0;0,0021411357337530095;0,9725138468599072;0;0;0
55000;4,809;-37,0;-1;-1;170;258;4215;2586;1736;45693;144;49;416;4,483054873703162E-4;0;0,020919918727927353;0;0,0018304017570071269;0,976758964256641;0;4,240977105423003E-5;0
56500;4,891;-38,0;-1;-1;170;258;4246;2586;1738;47160;144;49;416;0;0;0,018009745959734296;0;0,0015957613127138982;0,9803944927275519;0;0;0
57500;4,95;-33,0;-1;-1;170;258;4271;2586;1742;48131;144;49;416;0;0;0,017297394682225947;0;0,0015439140416681765;0,9811586912761058;0;0;0
58500;5,008;-36,0;-1;-1;170;258;4291;2586;1743;49110;144;49;416;0;0;0,01569754815812255;0,015678499346602662;0,0014118388526158793;0,9668845999704517;1,20702655191467E-4;0;2,0681101701572368E-4
60000;5,099;-31,0;-1;-1;170;258;4309;2605;1744;50572;144;49;416;0;0;0,012916671419272158;0,012937006130048138;0,001175477024862868;0,9729708454258168;0;0;0
61500;5,216;-37,0;-1;-1;170;258;4328;2624;1744;52034;144;49;416;2,791056707820243E-4;1,5329693946436888E-4;0,012337879800406659;0,012338305448666141;0,0011320351883445127;0,9737593769523363;0;0;0
63000;5,31;-39,0;-1;-1;170;259;4351;2636;1745;53497;144;49;416;0;1,6656317360853065E-4;0,013278009525697486;0,01340954854593936;0,0012353992808816616;0,9719104794738729;0;0;0
64500;5,396;-40,0;-1;-1;170;260;4367;2655;1747;54959;144;49;416;0;1,583187081755354E-4;0;0,0126782648020802;0,0011753089359293682;0,985960585432074;0;2,7522121740887172E-5;0
66000;5,491;-36,0;-1;-1;170;260;4367;2675;1748;56438;144;49;416;0;0;0;0,012266976122194219;0,0011484488776956135;0,9865845750001101;0;0;0
67000;5,548;-37,0;-1;-1;171;262;4370;2686;1750;57429;146;52;418;0;0;0;0,012872858579908997;0,0012089070324267852;0,9859182343876642;0;0;0
68000;5,602;-39,0;-1;-1;171;262;4370;2701;1753;58411;146;52;418;0;0;0;0,013464148933187215;0,0012696646750739089;0,9852661863917389;0;0;0
69000;5,653;-39,0;-1;-1;171;262;4370;2713;1754;59398;146;52;418;3,2799211505328487E-4;0;0,014189521410466912;0,013984296007504499;0,001324046790014019;0,9698669665020797;1,127092693269195E-4;0;1,9446790555461467E-4
71000;5,763;-40,0;-1;-1;174;262;4402;2731;1758;61340;147;52;418;3,028623159881793E-4;1,6555290257112498E-4;0;0,012931409784056058;0,00122948384629943;0,985266522081994;1,0416906909119999E-4;0;0
72500;5,84;-39,0;-1;-1;175;263;4402;2755;1760;62812;147;52;418;2,786340708580008E-4;1,5244858245472954E-4;0;0,011824629740274383;0,0011331301928215283;0,9866111574135913;0;0;0
74000;5,915;-40,0;-1;-1;175;263;4402;2773;1762;64292;147;52;418;0;0;0;0,012509523455861277;0,0012057651424671088;0,9862847114016717;0;0;0
75000;5,963;-34,0;-1;-1;175;263;4402;2781;1764;65282;147;52;418;0;0;0;0,011631096027509768;0,0011228857410126407;0,987219950561982;0;2,6067669495572438E-5;0
76500;6,04;-39,0;-1;-1;175;263;4402;2792;1767;66768;147;52;418;0;0;0;0,01075858777769284;0,001040986966678317;0,988176201630894;0;2,422362473480985E-5;0
78000;6,114;-32,0;-1;-1;175;263;4402;2809;1771;68247;147;52;418;0;0;0,010141351452523897;0,009769093813470069;9,490525729193813E-4;0,9790593222882428;8,117987284385864E-5;0;0
79500;6,192;-38,0;-1;-1;175;263;4424;2827;1773;69705;147;52;418;2,4220370986515456E-4;1,325516909984293E-4;0,010350480685080508;0,00999140185048794;9,76141394716679E-4;0,9783072206688512;0;0;0
81000;6,299;-40,0;-1;-1;180;265;4445;2861;1779;71159;148;57;421;2,4290258937838195E-4;1,3430725386621436E-4;0;0,012763409138617126;9,894915558034808E-4;0,9858698894623348;0;0;0
82500;6,395;-35,0;-1;-1;180;266;4445;2877;1779;72642;148;57;421;0;1,2215949157916227E-4;0;0,011580071553969761;0;0,9881637754825273;0;0;1,3399347192375694E-4
84000;6,476;-42,0;-1;-1;180;266;4445;2893;1779;74126;148;57;421;0;1,2584577744662165E-4;0;0,011854900902314808;0;0,9878601957387617;0;2,1022030728314526E-5;1,3803555074848051E-4
85500;6,552;-35,0;-1;-1;180;266;4445;2914;1779;75605;148;57;421;0;1,2501734172072534E-4;0;0,0116800783489556;0;0,9880368914468797;0;2,0887197442909002E-5;1,371256650011441E-4
87000;6,634;-39,0;-1;-1;180;266;4445;2926;1779;77093;148;57;421;0;1,2844816751892308E-4;0,010005496808040065;0,011943780226288263;0;0,9777003648235161;8,10225337049979E-5;0;1,4088744093165287E-4
88500;6,715;-30,0;-1;-1;180;267;4459;2941;1779;78563;148;57;421;2,3708991634497522E-4;1,3030925928223517E-4;0,010115721355368769;0,012075558670062034;9,651073864254074E-4;0,9764762134125166;0;0;0
90000;6,792;-38,0;-1;-1;180;267;4476;2953;1779;80034;148;57;421;0;0;0,010064593476902422;0,01204284033767211;0;0,9778925661854255;0;0;0
91000;6,84;-38,0;-1;-1;180;267;4489;2960;1779;81014;148;57;421;0;0;0,010414419317644778;0,012494157937238145;0;0,9770914227451171;0;0;0
92000;6,888;-39,0;-1;-1;180;267;4499;2970;1779;81994;148;57;421;0;0;0,01071238433488845;0,012854884828157755;0;0,9764092109677348;0;2,351986921899572E-5;0
93500;7,002;-41,0;-1;-1;180;267;4522;2997;1779;83444;148;57;421;0;0;0,01107867276131526;0,013290475576378214;0;0,9754450848127526;0;2,457848506396269E-5;1,6118836448986623E-4
95000;7,09;-41,0;-1;-1;180;267;4538;3018;1779;84907;148;57;421;0;1,5506235834187012E-4;0,01164175505543383;0,013943616556444348;0;0,9740890737268019;0;0;1,7049230297808336E-4
96500;7,172;-20,0;-1;-1;185;271;4552;3039;1780;86378;151;59;423;0,01022075367281979;0,005639039084425584;0,42466027580046317;0,5076772943762314;0,042070045014220854;0;0,0035024007399171143;0;0,0062301913119222445
98500;7,271;-38,0;-1;-1;196;276;5132;4363;1853;86378;154;59;427;0,005238739761823989;0,0029416321299416638;0;0,9463939527687119;0,04361896570835251;0;0,001806709631170174;0;0
100000;7,36;-38,0;-1;-1;207;281;5132;5765;1928;86378;161;59;427;0,007825115164438267;0;0;0,9282889492691648;0,06388593556639688;0;0;0;0
101000;7,403;-38,0;-1;-1;210;281;5132;6723;1967;86378;161;59;427;0,0019103386203189272;0;0;0,9825861261250114;0,015315138323814924;0;0;1,8839693085481217E-4;0
102500;7,535;-39,0;-1;-1;215;281;5132;8194;1991;86378;161;59;427;2,5034473871034826E-4;0;0;0,07382666333708247;0,002001774839923301;0,9238961905855363;0;2,5026498747616334E-5;0
104000;7,675;-43,0;-1;-1;216;281;5132;8314;1994;87754;161;59;427;0;0;0,019850717866737845;0,07566334547782615;0,0021055191006050123;0,9022075043652537;0;0;1,7291318957742978E-4
105500;7,908;-25,0;-1;-1;216;281;5156;8425;1997;89116;161;59;427;0;1,644171776817714E-4;0,020991080946587304;0,07880778462852706;0,0022431533168311307;0,8976972398010419;9,632412933087959E-5;0;0
107000;8,108;-36,0;-1;-1;216;281;5176;8532;2000;90486;161;59;427;0;0;0,0201206973962643;0,08360526481430038;0,002430401915752211;0,8938436358736831;0;0;0
108500;8,322;-38,0;-1;-1;216;281;5204;8645;2002;91843;161;59;427;0;0;0,022061349474338226;0,07316993361177028;0,0026880075955890313;0,9020807093183025;0;0;0
110000;8,514;-40,0;-1;-1;216;281;5238;8759;2006;93191;161;59;427;3,8374379040636734E-4;0;0,024715845837839437;0,0810800123345535;0,003040588389214851;0,8907412154367009;0;3,8594211284805004E-5;0
111500;8,664;-40,0;-1;-1;216;281;5273;8909;2014;94498;161;59;427;0;0;0;0,08892262028389239;0,0034211656806863873;0,9076562140354212;0;0;0
112500;8,754;-38,0;-1;-1;217;283;5278;9003;2021;95399;165;60;431;0;0;0;0,08204827655843935;0,0031781733764632116;0,9146460999275535;0;0;1,27450137543988E-4
114000;8,885;-33,0;-1;-1;217;283;5278;9123;2027;96773;165;60;431;0;2,3150736477128866E-4;0;0,06171325015870984;0,0031037776040906;0,9346932784846034;1,3322364480012618E-4;0;1,2496274302475254E-4
115500;8,957;-42,0;-1;-1;217;283;5278;9215;2032;98176;165;60;431;0;0;0;0,060571093592309326;0,003086797388459315;0,9363421090192313;0;0;0
116500;9,027;-43,0;-1;-1;217;283;5278;9286;2035;99102;165;60;431;0;0;0,02495934081569693;0,05943414379184616;0,003062976944391642;0,9125435384480654;0;0;0
118000;9,153;-29,0;-1;-1;217;283;5317;9369;2037;100478;165;60;431;4,027850359488469E-4;0;0,025240845505364044;0,06000555782304693;0,0031362808276503445;0,9111740804640532;0;4,0450343936587293E-5;0
119500;9,292;-31,0;-1;-1;217;283;5363;9455;2044;101839;165;60;431;0;0;0,02672411651273209;0,06352555539275426;0,003358763176802354;0,9063915649177113;0;0;0
121000;9,487;-40,0;-1;-1;217;283;5402;9544;2052;103203;165;60;431;0;0;0,025293807378300573;0,06957934880193876;0,003391790283427473;0,9015960400672558;0;0;1,3901346907733292E-4
122500;9,675;-42,0;-1;-1;217;283;5449;9656;2061;104535;165;60;431;0;0;0,026657933876814113;0,07298079269639172;0,003612173402741805;0,8967491000240524;0;0;0
124000;9,802;-42,0;-1;-1;217;283;5490;9776;2067;105868;165;60;431;0;2,919941234071779E-4;0,027811887003492342;0,07553034603341194;0,0038068934285384053;0,892390741407536;1,6813800361407998E-4;0;0
125500;9,967;-38,0;-1;-1;217;284;5536;9904;2073;107187;165;60;431;0;2,890989435453048E-4;0,02718086248259444;0,0732654796894297;0,0037619985366028536;0,8955025603478276;0;0;0
127000;10,111;-39,0;-1;-1;217;285;5582;10017;2082;108518;165;60;431;0;0;0,26517555331795883;0,6977594608258163;0,037064985856224905;0;0;0;0
128000;10,205;-30,0;-1;-1;218;288;5821;10746;2121;108522;168;62;432;0,003049347691084496;0;0,2453310878817957;0,7098764748459014;0,04143909543844141;0;0;3,0399414277702884E-4;0
129500;10,343;-37,0;-1;-1;222;288;6141;11862;2181;108522;168;62;432;0,0035166372888030778;0;0,2008518907764775;0,7583946979428026;0,03611219346124845;0;0;0;0,0011245805306682858
131000;10,481;-37,0;-1;-1;229;288;6451;12980;2244;108522;168;62;434;0;0;0,18656138628173446;0,7667699858506606;0,04666862786760485;0;0;0;0
132000;10,559;-32,0;-1;-1;229;288;6670;13673;2332;108522;168;62;434;0;2,89877756348652E-4;0,03160392435063709;0,11081066522658137;0,012618662730326078;0,8446768699361069;0;0;0
133500;10,669;-39,0;-1;-1;229;288;6712;13843;2347;109795;168;62;434;0;0;0,031534374986070424;0,10741856582349757;0,012622872923228529;0,8484241862672035;0;0;0
135000;10,737;-39,0;-1;-1;229;288;6758;14014;2359;111066;168;62;434;0;0;0,03213985258788117;0,10838333252165123;0,012920798394733927;0,8463841708235078;1,718456722258486E-4;0;0
136500;10,805;-40,0;-1;-1;229;288;6811;14186;2383;112317;168;62;434;5,168509434489479E-4;0;0,03246241377085855;0,10847607939202655;0,013049965862751565;0,8454946900309144;0;0;0
138000;10,874;-40,0;-1;-1;230;288;6864;14328;2406;113598;168;62;434;5,363073552798254E-4;0;0,033440792601968236;0,11117763751945717;0;0,8548452625232947;0;0;0
139500;10,946;-42,0;-1;-1;231;288;6914;14510;2406;114865;168;62;434;4,998270127285559E-4;0;0,030863800389103975;0,11505011460500224;0;0,8533703993639772;0;5,189074233184846E-5;1,6396788685637328E-4
141000;11,017;-43,0;-1;-1;236;288;6950;14644;2406;116187;168;63;436;0,05007220790763304;0,0019842271068380504;0,2014432919824507;0,7450945170783302;0;0;0;3,2964360273127024E-4;0,0010761123220166295
142500;11,089;-27,0;-1;-1;311;292;7255;15760;2406;116187;168;63;436;0,03423134748057898;0,0015924843983690469;0,20922661612959734;0,7549495519914545;0;0;0;0;0
144000;11,159;-32,0;-1;-1;357;295;7566;16906;2406;116195;170;67;439;0,02667046592678899;0,0013759248183913082;0,19728652618076964;0,7160478315904663;0,05861925148358394;0;0;0;0
145500;11,245;-31,0;-1;-1;520;295;7816;17926;2473;116195;170;67;439;0,19717092112645;0;0,12504869127546123;0,63983765604025;0,03794273155783876;0;0;0;0
147000;11,312;-25,0;-1;-1;744;295;8016;18950;2525;116195;170;67;439;0,03592375312313214;0;0,03788856224751645;0,20727971799103484;0,010125068601111845;0,7087828980372047;0;0;0
148500;11,383;-32,0;-1;-1;805;295;8080;19214;2543;117288;170;67;439;0,040006853247263635;0;0,05367636677908049;0;0,012556002950194572;0,8935334727640634;0;5,249092537147528E-5;1,7481333402650154E-4
150000;11,506;-33,0;-1;-1;824;295;8179;19214;2557;118655;170;67;440;0,010272511472684185;0;0,05578066091423506;0;0,01325593380197979;0,9205051535291834;0;0;1,8574028191738746E-4
151500;11,576;-35,0;-1;-1;859;295;8253;19214;2580;120023;170;67;440;0,022955006569311216;3,2652694845934253E-4;0,06060843891084958;0;0,012659487031528924;0,9034505405398509;0;0;0
153000;11,646;-41,0;-1;-1;898;297;8320;19214;2600;121395;170;67;440;0,02346094596829751;3,485139239495838E-4;0;0;0,013426657005831134;0,9627638831019218;0;0;0
154500;11,732;-35,0;-1;-1;932;297;8320;19214;2620;122841;170;67;440;0,017667595351478563;0;0;0,21747504002529863;0,01042198329295713;0,7544353813302657;0;0;0
156000;11,8;-36,0;-1;-1;957;297;8320;19561;2637;123952;170;67;440;0,01655258564239209;0;0;0,22084106984332766;0,009965377460690544;0,7526409670535896;0;0;0
157500;11,867;-40,0;-1;-1;980;297;8320;19861;2660;125106;170;67;440;0,01641252859046023;0;0;0,21773953492888773;0,01002022423411848;0,7556345203017963;0;4,470057418476377E-5;1,484913705523634E-4
159000;11,937;0,0;-1;-1;1022;297;8320;20194;2677;126214;170;67;440;0,02902405719033968;0;0,04447049174577869;0,19836810609011932;0,008969332409769716;0,7191680125639927;0;0;0
160500;12,011;-37,0;-1;-1;1124;301;8388;20471;2694;127266;176;71;446;0,0768122919106547;2,2786807319107966E-4;0;0,19100086087564164;0,00844363085218123;0,7235153482883314;0;0;0
162000;12,08;-32,0;-1;-1;1221;301;8388;20737;2708;128389;176;71;446;0,06849119443716355;0;0;0,19129433020743675;0,008272249395751354;0,7319422259596484;0;0;0
163500;12,147;-33,0;-1;-1;1323;301;8388;21035;2726;129471;176;71;446;0,0601575333578591;0;0;0,1882115571651955;0,00797402521939492;0,7436568842575505;0;0;0
165000;12,215;-34,0;-1;-1;1422;301;8388;21300;2745;130588;176;71;446;0,05093097190021731;0;0;0,1853435492022808;0,011141078598289295;0,7525844002992127;0;0;0
166500;12,29;-27,0;-1;-1;1493;301;8388;21598;2766;131698;176;71;446;0,04665115545280219;0;0;0,18437041606050314;0,010860722555396865;0,7580063893776154;0;0;1,113165536822896E-4
168000;12,364;-32,0;-1;-1;1546;301;8388;21884;2778;132846;176;71;447;0;0;0,0356869863134819;0,18846381043183152;0,010500562803838596;0,7652083352023801;0;3,2130009760755246E-5;1,0817523870716717E-4
169500;12,44;-38,0;-1;-1;1546;301;8437;22168;2789;134002;176;71;447;0;1,9616320708394603E-4;0,03528987518870592;0,18287514116673328;0,010444149236396243;0,7711946712010807;0;0;0
171000;12,513;-17,0;-1;-1;1546;301;8498;22438;2803;135157;176;71;447;0;0;0,033987071381913245;0,18793639750031935;0,01013056962904269;0,7679459614887247;0;0;0
172500;12,596;-23,0;-1;-1;1546;301;8541;22714;2812;136329;176;71;447;0;0;0,03256153161453744;0,18373152441380272;0,009754582353245361;0,7739523616184145;0;0;0
174000;12,667;-42,0;-1;-1;1546;301;8595;22968;2824;137509;176;71;447;0,0380777313403776;0;0,03011140717154005;0,17410050626524312;0,009066086283009004;0,7486442689398302;0;0;0
175500;12,738;-37,0;-1;-1;1595;301;8634;23213;2836;138664;176;71;447;0,042495597812445565;0;0,03495137511976807;0;0,010551041271262098;0,9118895806297096;0;0;1,124051668145818E-4
177000;12,812;-36,0;-1;-1;1653;307;8688;23216;2855;140045;179;72;454;0;0;0,03529691031920741;0;0,010675410535135226;0,9539141740583472;0;0;1,1350508731010957E-4
178500;12,88;-39,0;-1;-1;1653;307;8727;23216;2873;141488;179;72;454;0;0;0,03395016764480687;0;0,010262262023500899;0,9556773838989436;0;0;1,1018643274860318E-4
180000;12,948;-39,0;-1;-1;1653;307;8792;23216;2893;142903;179;72;454;0;1,8517102987519553E-4;0,031067160106388644;0;0,009431708968760607;0,959183077843805;0;3,0543456614391184E-5;1,0233859455627155E-4
181500;13,02;-36,0;-1;-1;1653;307;8847;23216;2907;144334;179;72;454;0;0;0,0252286357625088;0,15031397231826515;0,007695907192979626;0,8167614847262464;0;0;0
183000;13,089;-37,0;-1;-1;1653;307;8883;23464;2925;145532;179;72;454;0,02836597380803146;0;0,026559785943532643;0,14207270992708965;0,007112359963553476;0,7958891703577928;0;0;0
184500;13,158;-33,0;-1;-1;1689;307;8914;23691;2937;146726;179;72;454;0,03172282469156948;0;0,030523542629422713;0;0,008178739143923832;0,929574893535084;0;0;0
186000;13,225;-32,0;-1;-1;1743;307;8953;23691;2951;148119;179;72;454;0,046021699510406855;0;0,028999767907307017;0;0,0077777886989885345;0,9172007438832976;0;0;0
187500;13,342;-34,0;-1;-1;1815;307;8997;23691;2963;149491;179;72;454;0,044000705404246186;0;0,029388630170549754;0;0,007909869844851595;0,9186115704702239;0;0;8,922411012851819E-5
189000;13,497;-38,0;-1;-1;1876;307;9042;23691;2982;150865;179;72;455;0;0;0,029799756607890065;0;0,011670699578516857;0,9584382497279209;0;0;9,129408567223987E-5
190500;13,638;-40,0;-1;-1;1876;307;9075;23691;3000;152314;179;72;455;0;0;0,025533960510957958;0,14451143651834203;0,009983022146556672;0,8199715808241433;0;0;0
192000;13,758;-36,0;-1;-1;1876;307;9113;23911;3015;153541;179;72;455;0;1,3869047979699571E-4;0,02455418346318318;0,13186874758378356;0,009608487129692526;0,8338298913435438;0;0;0
193500;13,913;-40,0;-1;-1;1881;310;9159;24102;3038;154792;181;75;458;0;1,6408473277900595E-4;0,028921181103537932;0;0,011298989294447167;0,9596157448692358;0;0;0
195000;14,061;-41,0;-1;-1;1881;310;9203;24102;3053;156233;181;75;458;0,045025778695803265;0;0,028871170031741153;0;0,01130322708863962;0,9147998241838159;0;0;0
196500;14,187;-41,0;-1;-1;1946;310;9245;24102;3064;157615;181;75;458;0,04478983398969047;0;0,03003915266972032;0;0,009552582198572794;0,9155222185056565;0;0;9,621263635994263E-5
198000;14,355;-34,0;-1;-1;2012;310;9289;24102;3074;158994;181;75;459;0;0;0,03172420923371687;0;0,010131800362824664;0,9580414527528298;0;0;1,0253765062865514E-4
199500;14,493;-39,0;-1;-1;2012;310;9328;24102;3089;160440;181;75;459;0;0;0,027708224255922977;0,15290619363190566;0,00886239142159893;0,8105231906905724;0;0;0
201000;14,572;-40,0;-1;-1;2012;310;9367;24332;3100;161660;181;75;459;0;1,6702289966544066E-4;0,027990469606715328;0,15222760582101608;0,008982984823015284;0,810631916849588;0;0;0
202500;14,644;-40,0;-1;-1;2012;311;9414;24562;3108;162874;181;75;459;0;1,7542094566123812E-4;0;0,1565696970283775;0,009415667984697538;0,8338392140412637;0;0;0
204000;14,717;-30,0;-1;-1;2012;311;9414;24793;3117;164134;181;75;459;0,0407487077799898;0;0;0,14592734772794783;0,008939421313796554;0,8043845231782659;0;0;0
205500;14,787;-39,0;-1;-1;2068;311;9414;25008;3130;165350;181;75;459;0,03924938956657488;0;0;0,14416946911893658;0,008960233703454404;0,8075274406592763;0;0;9,346695175767535E-5
207000;14,858;-33,0;-1;-1;2115;311;9414;25197;3135;166609;181;75;459;0,037561161576726815;0;0;0,14585153063528816;0,008872846082003361;0,8077144617059817;0;0;0
208500;14,928;-28,0;-1;-1;2159;311;9414;25417;3150;167830;181;75;459;0,035169991416379845;0;0,026961581133220978;0,14358632632252621;0,008537531086297576;0,7857445700415754;0;0;0
210000;15,016;-37,0;-1;-1;2226;311;9459;25643;3168;168998;182;76;463;0,03893080934299176;1,896112683775344E-4;0,031134274661780686;0;0,009873181730445539;0,9198721229964044;0;0;0
211500;15,088;-37,0;-1;-1;2277;311;9501;25643;3185;170388;182;76;463;0,037088871852568914;0;0,03457155848590341;0;0,009689084197498669;0,9186504854640289;0;0;0
213000;15,157;-32,0;-1;-1;2332;311;9545;25643;3211;171763;182;76;463;0,03472239873844895;0;0,033370134128749035;0;0,00932485589548245;0,9225826112373195;0;0;0
214500;15,268;-35,0;-1;-1;2377;311;9596;25643;3228;173150;182;76;463;0,03186798203085172;0;0,03129536589372552;0;0,008774356266840044;0,9279669367462915;0;0;9,535906229128928E-5
216000;15,42;-35,0;-1;-1;2402;311;9655;25643;3239;174555;182;76;463;0,02039110064705036;0;0,02705958603921506;0,13111962213010317;0,007646795533953924;0,8137828956496775;0;0;0
217500;15,56;-35,0;-1;-1;2436;311;9705;25842;3252;175759;182;76;463;0,0205551182724233;0;0;0,13280226631856845;0,007841630584429712;0,8388009848245785;0;0;0
219000;15,71;-38,0;-1;-1;2461;311;9705;26049;3260;177019;182;76;463;0,02024539444831424;1,5765729295752032E-4;0;0,1402175957993323;0,007827883664309249;0,8315514687950867;0;0;0
220500;15,81;-33,0;-1;-1;2487;311;9705;26240;3271;178291;182;76;463;0,019846482511520786;0;0;0,13739819479550638;0,0077694619106779455;0,8349858607822949;0;0;0
222000;15,879;-34,0;-1;-1;2523;311;9705;26456;3281;179529;182;76;463;0,018837848872044535;0;0;0,13096243125798807;0,007518533710070165;0,8426811861598972;0;0;0
223500;15,949;-32,0;-1;-1;2544;311;9705;26640;3299;180806;182;76;463;0,01770655485588261;0;0,023289423944684213;0,12265454346080819;0,007105549400153684;0,8292439283384714;0;0;0
225000;16,02;-36,0;-1;-1;2575;311;9743;26823;3310;182043;182;76;463;0,10309937733547336;0;0,1373445357125949;0,7170491665300353;0,042030046668179666;0;0;0;4,7687375371678863E-4
226500;16,095;-37,0;-1;-1;2736;316;10066;27791;3375;182046;183;79;470;0,11328529746092153;0;0,2336990123039581;0,6526222201433446;0;0;0;0;3,934700917757546E-4
228000;16,163;-34,0;-1;-1;2888;316;10426;28779;3375;182046;183;79;470;0,12194594667545787;0;0,22221849317984935;0,655505357572256;0;0;0;0;3,3020257243669324E-4
229500;16,233;-36,0;-1;-1;3111;316;10750;29732;3375;182046;183;79;470;0,14913584258727294;6,165351426014374E-4;0,21309514311778763;0,6368148843021448;0;0;0;0;3,37594850193203E-4
231000;16,304;-27,0;-1;-1;3330;317;11073;30688;3375;182046;183;79;471;0,05225100740466949;1,396670134561795E-4;0;0,16066822607983336;0;0,7868646038310734;0;0;7,64956709676582E-5
232500;16,38;-32,0;-1;-1;3409;318;11073;30936;3375;183218;183;79;471;0,050016071929389054;0;0;0,1627940570018279;0,006655388766962746;0,7805344823018203;0;0;0
234000;16,449;-32,0;-1;-1;3471;318;11073;31202;3387;184378;183;79;471;0,04924968381255546;0;0;0,16246944671060226;0,00675490544572767;0,7815259640311146;0;0;0
235500;16,52;-33,0;-1;-1;3537;318;11073;31440;3399;185562;183;79;471;0,04824408645032556;0;0;0,16202730072121513;0,0068357643260984965;0,7828928485023608;0;0;0
237000;16,591;-33,0;-1;-1;3609;318;11073;31711;3413;186705;183;79;471;0,04465169529317038;0;0,05502726014495033;0,15269305871236766;0,006551782770279327;0,7410762030792322;0;0;0
238500;16,676;-32,0;-1;-1;3669;318;11167;31937;3424;187814;183;79;471;0,050381416462605515;1,6393450905189733E-4;0,06306422265912712;0;0,007611748443306839;0,8786886832448411;0;0;8,999468106757779E-5
240000;16,75;-32,0;-1;-1;3763;318;11268;31937;3437;189106;183;79;471;0,0611917917928064;0;0,0613574226573397;0;0,00750613545827934;0,8699446500915745;0;0;0
241500;16,82;-34,0;-1;-1;3852;318;11360;31937;3448;190414;183;79;471;0,05924048555787285;0;0,06123227586650775;0;0,0075865450478492125;0,8719406935277701;0;0;0
243000;16,895;-25,0;-1;-1;3949;319;11439;31939;3463;191740;186;86;473;0,05680206707663358;0;0,06094084652202651;0;0,007610454136005815;0,8746466322653341;0;0;0
244500;16,966;-28,0;-1;-1;4036;319;11530;31939;3476;193049;186;86;473;0,045761953758894046;0;0,0505351403904677;0,15007226482010075;0,006385813586129336;0,7472448274444082;0;0;0
246000;17,038;-32,0;-1;-1;4091;319;11612;32163;3486;194178;186;86;473;0,05270616016337525;0;0,05904542403903079;0;0,0075427011798419345;0,880705714617752;0;0;0
247500;17,108;-33,0;-1;-1;4170;319;11693;32163;3498;195506;186;86;473;0,05147644691222608;1,7017173868692675E-4;0,05920957043634248;0;0,0076369791739529114;0,8814136145365448;0;0;9,3217202246934E-5
249000;17,182;-32,0;-1;-1;4251;319;11782;32163;3506;196828;186;86;473;0,04829293033859363;0;0,06231796517404607;0;0,007437276113897689;0,8819518283734625;0;0;0
250500;17,252;-38,0;-1;-1;4311;319;11889;32163;3513;198154;186;86;473;0,04705725472388855;0;0,06139787751933883;0;0,007447783525383926;0,8840970842313887;0;0;0
252000;17,323;-38,0;-1;-1;4378;319;11969;32163;3524;199496;186;86;473;0,0446016243907237;0;0,05928186653737633;0;0,007263447919342457;0,8888530611525576;0;0;0
253500;17,394;-33,0;-1;-1;4455;319;12074;32163;3535;200803;186;86;473;0,0362151923918386;0;0,05360292417728821;0,14464040084867313;0,006103436053732663;0,7594380465284672;0;0;0
255000;17,465;-38,0;-1;-1;4519;319;12154;32395;3544;201918;186;86;473;0,0411997321274572;0;0,062069874156751616;0;0,00714183236745269;0,8895885613483385;0;0;0
256500;17,533;-35,0;-1;-1;4583;319;12233;32395;3560;203259;186;86;473;0,04939510734396728;0;0,059700782850221915;0;0,006919851962101596;0,8839842578437093;0;0;0
258000;17,602;-37,0;-1;-1;4683;319;12327;32395;3577;204548;186;86;473;0,07074357331482159;1,545188864919234E-4;0,05703250741616883;0;0,0066707610228139945;0,8653139649971202;0;0;8,467436258333454E-5
259500;17,677;-35,0;-1;-1;4807;323;12406;32399;3587;205846;194;89;475;0,08491859222843993;1,596014695655274E-4;0;0;0,00691127434532166;0,9079226979263125;0;0;8,783403036027419E-5
261000;17,747;-30,0;-1;-1;4940;323;12406;32399;3592;207208;194;89;475;0,07694402222232617;0;0;0;0,006634083595606396;0,9164218941820675;0;0;0
262000;17,791;-20,0;-1;-1;5008;323;12406;32399;3598;208134;194;89;475;0,07477962841321008;0;0;0;0,006633581400775818;0,9185867901860142;0;0;0
263000;17,834;-38,0;-1;-1;5072;323;12406;32399;3604;209064;194;89;475;0,06266867375187056;0;0;0,13652478602893042;0,005706948895379944;0,7950995913238191;0;0;0
264500;17,902;-35,0;-1;-1;5168;323;12406;32627;3614;210230;194;89;475;0,06813909349987651;0;0,04559769436697215;0,1257253580512668;0,0053289061988193226;0,7552089478830653;0;0;0
266000;17,972;-32,0;-1;-1;5263;323;12482;32818;3620;211362;194;89;475;0,07463622074012288;1,4231079239555557E-4;0,05133715415106429;0;0,006065759560895949;0,8677402190752518;0;0;7,83356802696639E-5
267500;18,044;-38,0;-1;-1;5381;323;12555;32818;3632;212659;194;89;475;0,08522618234739779;0;0,050711617013549454;0;0,006039826444168625;0,8580223741948841;0;0;0
269000;18,113;-34,0;-1;-1;5520;323;12629;32818;3640;213938;194;89;475;0,09225047280593629;0;0,05269028542104119;0;0,005815879457914937;0,8492433623151076;0;0;0
270500;18,181;-30,0;-1;-1;5656;323;12722;32818;3648;215201;194;89;475;0,08484859722035837;0;0,05487898804600349;0;0,005638710292489131;0,854633704441149;0;0;0
272000;18,252;-26,0;-1;-1;5830;323;12799;32818;3661;216437;194;89;475;0,10450723687154687;0;0,045164259471520946;0,110839908044192;0,004676618005843602;0,7348119776068965;0;0;0
273500;18,322;-34,0;-1;-1;5984;323;12862;32988;3671;217540;194;89;475;0,1116614480832381;0;0,05088086550654379;0;0,005305430812630768;0,8321522555975873;0;0;0
275000;18,393;-35,0;-1;-1;6173;327;12936;32992;3685;218775;198;93;476;0,11758307529938837;1,241010753200139E-4;0,049275615742966086;0;0,005171234857441555;0,8277772344390264;0;0;6,873858585750569E-5
276500;18,463;-33,0;-1;-1;6379;327;13011;32992;3693;219986;198;93;476;0,10916487950717951;0;0,04892425421913586;0;0,0051819917343520865;0,8367288745393325;0;0;0
278000;18,531;-31,0;-1;-1;6546;327;13096;32992;3703;221224;198;93;476;0,10149839708564679;0;0,047773925587468805;0;0,00511206741424761;0,8456156099126367;0;0;0
279500;18,598;-24,0;-1;-1;6696;327;13177;32992;3711;222485;198;93;476;0,10923613612679822;0;0,04657126440159229;0;0,005033070511741569;0,8391595289598679;0;0;0
281000;18,666;-31,0;-1;-1;6840;327;13234;32992;3716;223779;198;93;476;0,09246994365366426;0;0,04119763719585072;0,10720433981093927;0,0044848335692507;0,754643245770295;0;0;0
282500;18,736;-18,0;-1;-1;6986;327;13298;33172;3719;224886;198;93;476;0,09982741956061991;0;0;0,1082849006694291;0,0044536598621129665;0,7874340199078381;0;0;0
284000;18,804;-26,0;-1;-1;7112;327;13298;33326;3725;226100;198;93;476;0,0927746276287926;0;0;0,10400292253254446;0,004318091274706847;0,798904358563956;0;0;0
285500;18,873;-34,0;-1;-1;7256;327;13298;33459;3732;227316;198;93;476;0,0887724853420431;1,0644413867456398E-4;0;0,103688152593146;0,004337721437769716;0,8030362169883524;0;0;5,8979500014274694E-5
287000;18,943;-32,0;-1;-1;7372;328;13298;33596;3740;228554;198;93;476;0,0937835823660633;1,0245212002078814E-4;0;0,10186662661335939;0,004166703947761993;0,8000806349527946;0;0;0
288500;19,015;-33,0;-1;-1;7500;328;13298;33747;3746;229769;198;93;476;0,08616232350366457;0;0,036731157969269346;0,09674205826758284;0,00399410785925763;0,7763703524002256;0;0;0
290000;19,087;-29,0;-1;-1;7632;328;13355;33895;3751;230927;198;93;476;0;0;0,039625943160657436;0,10726900013143165;0,0061005333487746715;0,8470045233591362;0;0;0
291500;19,162;-33,0;-1;-1;7635;329;13428;34049;3765;232201;202;94;479;0;0;0,03797378803937981;0,10587850717026495;0,005884281173752025;0,8502634236166031;0;0;0
293000;19,254;-29,0;-1;-1;7635;329;13472;34206;3769;233496;202;94;479;0;0;0,03742429724224355;0,10382703762187818;0,005836652053303426;0,8529120130825749;0;0;0
294500;19,328;-32,0;-1;-1;7635;329;13524;34359;3777;234783;202;94;479;0;1,0445802873269193E-4;0,03743110716513656;0,1035532261549526;0,005872458026125491;0,8530387506250526;0;0;0
296000;19,402;-36,0;-1;-1;7635;329;13573;34504;3786;236080;202;94;479;0,08115821205971253;0;0,03460173542574916;0,0954379965832228;0,00545417219537488;0,7833478837359407;0;0;0
297500;19,478;-35,0;-1;-1;7779;329;13628;34640;3793;237238;202;94;479;0,10560385097415795;0;0,0365212710915076;0;0,005795474597967042;0,8520219653898251;0;0;5,743794654236374E-5
299000;19,553;-30,0;-1;-1;7921;329;13690;34640;3803;238523;202;94;480;0;0;0,04015709619510565;0;0,006412719525855617;0,9533664381892984;0;0;6,374608974024447E-5
300500;19,627;-38,0;-1;-1;7921;329;13764;34640;3812;239940;202;94;480;0;0;0,04192346796797901;0;0,006223327137748129;0,9518532048942728;0;0;0
301500;19,675;-37,0;-1;-1;7921;329;13805;34640;3823;240888;202;94;480;0;0;0,04076067593340933;0;0,006062915539812975;0,9531764085267777;0;0;0
302500;19,722;-37,0;-1;-1;7921;329;13852;34640;3828;241836;202;94;480;0;1,0083048206966734E-4;0,0369410580523473;0,09744274888160065;0,00552812067088093;0,8599872419131015;0;0;0
304000;19,795;-31,0;-1;-1;7921;329;13911;34786;3836;243123;202;94;480;0,08766189554018297;0;0,032984487816029216;0,0868896876634957;0,004969224667685182;0,7874947043126069;0;0;0
305500;19,87;-37,0;-1;-1;8069;329;13953;34907;3844;244304;202;94;480;0;0;0,035268961496993455;0,092684471667472;0,005334104523417276;0,8666583467350714;0;0;5,4115577045958684E-5
307000;19,95;-41,0;-1;-1;8074;332;14016;35064;3854;245588;203;97;486;0;0;0,2593455647105819;0,7007618203941032;0,03949432799911605;0;0;0;3,9828689619900864E-4
308500;20,019;-41,0;-1;-1;8074;332;14414;36098;3921;245588;203;97;487;0;0;0,2612233969775104;0,6975047668991412;0,041271836123348435;0;0;0;0
309500;20,063;-31,0;-1;-1;8074;332;14708;36770;3955;245588;203;97;487;0;0;0,3485617757378809;0,6202504848902861;0,031187739371832866;0;0;0;0
310500;20,106;-36,0;-1;-1;8074;332;15075;37371;3987;245588;203;97;487;0;0;0,37060647400012425;0,5991986010680199;0,0301949249318559;0;0;0;0
311500;20,152;-39,0;-1;-1;8074;332;15469;37941;4023;245588;203;97;487;0,0802293029383555;8,754203668276183E-5;0,05550019763174109;0,09024196480180605;0,004429562138005429;0,7695114304534092;0;0;0
313000;20,227;-24,0;-1;-1;8190;332;15565;38071;4032;246737;203;97;487;0,07735384008075447;0;0,054900361927187336;0,0897713421054963;0,004434359628456185;0,7734918050780597;0;0;4,8291180045979525E-5
314500;20,302;-34,0;-1;-1;8312;332;15643;38178;4035;247927;203;97;487;0,07469556463371617;0;0,05458181149774013;0,08965044560880754;0,004457658046155032;0,7766145202135811;0;0;0
316000;20,374;-37,0;-1;-1;8415;332;15710;38312;4040;249118;203;97;487;0,07892410630208703;0;0,05912093393511393;0;0,004869598392410905;0,8570853613703882;0;0;0
317500;20,447;-37,0;-1;-1;8517;332;15806;38312;4049;250411;203;97;487;0,08490941610881769;0;0,05755332402150584;0;0,0047948327842974635;0,8527424270853791;0;0;0
319000;20,519;-36,0;-1;-1;8647;332;15887;38312;4058;251691;203;97;487;0,0807684455157726;0;0,056469504947875726;0;0,004749422561799872;0,8580126269745517;0;0;0
320500;20,593;-25,0;-1;-1;8751;332;15960;38312;4068;253004;203;97;487;0,07847554216515412;0;0,05622756657306456;0;0,004763081640250088;0,8605338096215311;0;0;0
322000;20,669;-30,0;-1;-1;8878;337;16057;38315;4074;254286;208;101;489;0,06725082756264168;0;0,05637025612109338;0,08596791123655323;0,00424726530198804;0,786116666246907;0;0;4,707353081674283E-5
323500;20,745;-33,0;-1;-1;8987;337;16131;38437;4079;255476;208;101;489;0,07193178151055435;8,393522527471631E-5;0,054934099161435636;0,08628371320822247;0,004179783112917296;0,7825866877815956;0;0;0
325000;20,819;-34,0;-1;-1;9099;338;16210;38578;4083;256639;208;101;489;0,0747386622208199;9,028914792372817E-5;0,06632518042450453;0;0,004497197766227112;0,8543486704405248;0;0;0
326500;20,894;-25,0;-1;-1;9218;338;16313;38578;4086;257914;208;101;489;0,07046112691945956;0;0,06799388962383712;0;0,004401484132507152;0,8571434993241962;0;0;0
328000;20,965;-30,0;-1;-1;9318;338;16433;38578;4093;259187;208;101;489;0,06727088629129559;0;0,0698965571989794;0;0,004325703022503897;0,8585068534872211;0;0;0
329500;21,037;-30,0;-1;-1;9441;338;16538;38578;4098;260454;208;101;489;0,07138507284554044;0;0,06769379172180397;0;0,0042499844097534795;0,8566711510229021;0;0;0
331000;21,107;-37,0;-1;-1;9546;338;16638;38578;4111;261736;208;101;489;0,06344540968711945;0;0,06120766680501456;0,08027565067859721;0,0038807639634847128;0,7911905088657841;0;0;0
332500;21,182;-29,0;-1;-1;9631;338;16754;38679;4117;262928;208;101;489;0,06696333899424299;8,565242484524446E-5;0,06918206375449822;0;0,004197570989566533;0,8595238566675335;0;0;4,751716931350148E-5
334000;21,259;-28,0;-1;-1;9726;338;16856;38679;4123;264225;208;101;489;0,06518243321500286;0;0,06827836947082534;0;0,004198285641081023;0,8623409116730908;0;0;0
335500;21,344;-33,0;-1;-1;9818;338;16965;38679;4131;265516;208;101;489;0,06389952776723855;0;0,06776147909653331;0;0,004223485794334573;0,8641155073418936;0;0;0
337000;21,417;-34,0;-1;-1;9915;338;17074;38679;4142;266799;208;101;489;0,07333370184736833;0;0,06728929272825657;0;0,004002837650557741;0,8553741677738174;0;0;0
338500;21,496;-34,0;-1;-1;10044;338;17182;38680;4154;268064;209;105;492;0,07748482672773926;0;0,06937219998685137;0;0,003942180025316853;0,8492007932600925;0;0;0
340000;21,598;-18,0;-1;-1;10150;338;17279;38680;4162;269353;209;105;492;0,07673542437258235;0;0,0631559221900697;0,076053386988371;0,003630179335982358;0,7804250871129946;0;0;0
341500;21,758;-34,0;-1;-1;10269;338;17368;38793;4168;270526;209;105;492;0,08067291205393419;8,240207799025068E-5;0,06777692463422637;0;0,0039394990417792545;0,8475282621920699;0;0;0
343000;21,902;-31,0;-1;-1;10394;338;17465;38793;4173;271799;209;105;492;0,07863655656845711;0;0,07145036330183283;0;0,003972315362769275;0,8459407647669408;0;0;0
344500;22,034;-25,0;-1;-1;10509;338;17593;38793;4176;273053;209;105;492;0,07000758601718525;0;0,0714696302282787;0;0,004045141123206339;0,8544307126207856;0;0;4,693001054409975E-5
346000;22,191;-38,0;-1;-1;10599;338;17708;38793;4183;274341;209;105;492;0,0625848461604714;0;0,072108545029216;0;0,0041400783861219185;0,8611665304241907;0;0;0
347500;22,325;-36,0;-1;-1;10699;338;17833;38793;4190;275609;209;105;492;0,061197294073712195;0;0,07523304653934927;0;0,004147473409242403;0,859422185977696;0;0;0
349000;22,503;-34,0;-1;-1;10790;338;17929;38793;4200;276912;209;105;492;0,05186983405276121;0;0,07504002259719748;0;0,004180002441168296;0,8689101409088731;0;0;0
350500;22,706;-28,0;-1;-1;10876;338;18035;38793;4201;278219;209;105;492;0,04711942493957061;0;0,06868931774112687;0,07923249295508591;0,003887241711401157;0,8010715226528154;0;0;0
352000;22,837;-27,0;-1;-1;10962;338;18120;38912;4211;279419;209;105;492;0,054127395420708845;8,824902793125283E-5;0,07627771167084925;0;0,005622270209888468;0,8638843736706222;0;0;0
353500;22,97;-34,0;-1;-1;11048;339;18226;38912;4220;280717;209;105;492;0,0567819346680734;9,448781709373622E-5;0;0;0,0060026156352285314;0,9371209618796044;0;0;0
355000;23,046;-35,0;-1;-1;11126;345;18228;38914;4232;282138;213;109;494;0,056440716139710564;0;0;0;0,006059851473726339;0,9374994323865631;0;0;0
356000;23,093;-37,0;-1;-1;11182;345;18228;38914;4235;283079;213;109;494;0,05476732747427996;0;0;0;0,005956298878994387;0,9392763736467257;0;0;0
357000;23,145;-35,0;-1;-1;11228;345;18228;38914;4239;284029;213;109;494;0,0531941486529574;0;0;0;0,005843103771039024;0,9409115770038136;0;0;5,117057219001719E-5
358500;23,212;-34,0;-1;-1;11306;345;18228;38914;4247;285443;213;109;494;0,048311773590587886;0;0,07021387571329438;0;0,00538820199897032;0,8760387948089432;0;0;4,7353888204133254E-5
360000;23,28;-29,0;-1;-1;11375;345;18337;38914;4254;286758;213;109;494;0,04747772282264616;8,451543304691122E-5;0,06911625960276452;0;0,005367684359598491;0,8779538177819439;0;0;0
361500;23,349;-31,0;-1;-1;11442;345;18454;38914;4257;288071;213;109;494;0,042623810970748;0;0,06910808879037786;0,07162736890049942;0,004889014704358933;0,8117517166340158;0;0;0
363000;23,418;-27,0;-1;-1;11516;345;18561;39020;4267;289274;213;109;494;0,04457676836408935;0;0;0,07564163754544113;0,005179526487705576;0,874602067602764;0;0;0
364500;23,485;-35,0;-1;-1;11577;345;18561;39144;4279;290577;213;109;494;0,0442088344136779;0;0;0,07545392829593818;0,005184664032527123;0,8751525732578568;0;0;0
366000;23,553;-36,0;-1;-1;11654;345;18561;39244;4285;291894;213;109;494;0,04319845392937633;0;0;0,0745607086881325;0,005146972269543738;0,8770478193872497;0;0;4,6045725697733836E-5
367500;23,626;-32,0;-1;-1;11730;345;18561;39339;4291;293217;213;109;494;0,04616089375364427;0;0;0,07512996643466573;0,005071956715803394;0,8736371830958867;0;0;0
369000;23,695;-31,0;-1;-1;11800;345;18561;39450;4298;294529;213;109;494;0,041655786785097855;7,448681151386323E-5;0,0656149223557563;0,07014494669248685;0,004634925570417726;0,8178749317847274;0;0;0
370500;23,77;-30,0;-1;-1;11856;347;18668;39561;4315;295755;218;112;499;0;7,472075336329784E-5;0,06880427477572464;0,07211895614316413;0,0046448278333474586;0,8543572204944005;0;0;0
372000;23,851;-36,0;-1;-1;11856;347;18779;39657;4319;297044;218;112;499;0;0;0,06797704464560243;0,07185030027076061;0,004651700760147655;0,8555209543234893;0;0;0
373500;23,918;-30,0;-1;-1;11856;347;18889;39762;4323;298325;218;112;499;0;0;0,06681187234028169;0,07115799006150363;0,004631576916578916;0,8573985606816358;0;0;0
375000;23,989;-29,0;-1;-1;11856;347;18989;39865;4330;299615;218;112;499;0;0;0,06830322782928062;0,06949321746917379;0,004542727955808936;0,8576197509454887;0;0;4,1075800247931806E-5
376500;24,058;-39,0;-1;-1;11856;347;19104;39974;4334;300887;218;112;499;0,03916221581806842;0;0,06460537605072028;0,06624608731313715;0,0043553613811148075;0,8256309594369594;0;0;0
378000;24,128;-36,0;-1;-1;11911;347;19191;40075;4341;302137;218;112;499;0,041206191601361304;7,538351793986541E-5;0,06804401262174936;0;0,004627901829163709;0,8860465104297859;0;0;0
379500;24,197;-33,0;-1;-1;11971;347;19296;40075;4350;303463;218;112;499;0,0406341886391315;0;0,06710951035792168;0;0,006146824852703196;0,8861094761502436;0;0;0
381000;24,264;-34,0;-1;-1;12028;347;19406;40075;4356;304790;218;112;499;0,04058558001620109;0;0,06693117882289017;0;0,0062035627110206375;0,8862796784498881;0;0;0
382500;24,331;-35,0;-1;-1;12084;347;19501;40075;4366;306129;218;112;499;0,03922243727649458;0;0,0646992310174804;0;0,0060472349457677595;0,8900310967602573;0;0;0
384000;24,397;-36,0;-1;-1;12142;347;19586;40075;4374;307478;218;112;499;0,035954390646727334;0;0,05940580729306962;0,0643872028409494;0,005597149487920117;0,8346554497313335;0;0;0
385500;24,466;-32,0;-1;-1;12186;347;19662;40173;4383;308751;218;112;499;0,03786611729052891;0;0,06256801640137352;0;0,00593219406284027;0,8935924536422557;0;0;4,121860300154029E-5
387000;24,54;-29,0;-1;-1;12258;349;19775;40174;4395;310066;220;113;504;0,03954207275730327;7,80692428517876E-5;0;0;0,006266613701802529;0,9540699022232427;0;0;4,3342074799649926E-5
388500;24,613;-32,0;-1;-1;12317;349;19775;40174;4403;311499;220;113;504;0,042204231194873695;0;0;0;0,006155712080989848;0,9516400567241364;0;0;0
389500;24,659;-34,0;-1;-1;12363;349;19775;40174;4411;312445;220;113;504;0,04201350721354861;0;0;0;0,006173009314221784;0,9518134834722296;0;0;0
390500;24,704;-36,0;-1;-1;12394;349;19775;40174;4419;313406;220;113;504;0,04205344832409257;0;0;0;0,006202908000180059;0,9517436436757273;0;0;0
391500;24,75;-27,0;-1;-1;12427;349;19775;40174;4426;314366;220;113;504;0,03666098468801313;0;0,05709171529753804;0,06335102585021721;0,005433803847910796;0,8374624703163208;0;0;0
393000;24,822;-34,0;-1;-1;12478;349;19861;40264;4435;315630;220;113;504;0,03883953107716078;0;0,06052523195849594;0;0,005805756981178159;0,8947885925024364;0;0;4,088748072881113E-5
394500;24,897;-35,0;-1;-1;12543;349;19938;40264;4446;316977;220;113;504;0,038736503516493395;0;0,060665410878629734;0;0,005853069711977068;0,8947450158928998;0;0;0
396000;24,968;-40,0;-1;-1;12590;349;20042;40264;4452;318320;220;113;504;0,03857659586479662;7,514970565366892E-5;0,060245046088197876;0;0,005879186781643225;0,8952240215597086;0;0;0
397500;25,041;-34,0;-1;-1;12639;349;20126;40264;4463;319676;220;113;504;0,037833914942456845;0;0,05907299813192466;0;0,005805056235559441;0,8972880306900591;0;0;0
399000;25,111;-35,0;-1;-1;12692;349;20218;40264;4472;321022;220;113;504;0,037815715936880705;0;0,059060773110152114;0;0,005849572411385001;0,8972739385415822;0;0;0
400500;25,182;-31,0;-1;-1;12765;349;20302;40264;4483;322354;220;113;504;0,04060924013325426;0;0,058209667906470246;0;0,005801730647890904;0,8953793613123846;0;0;0
402000;25,255;-32,0;-1;-1;12825;351;20395;40265;4495;323702;223;118;507;0,037897604324477314;0;0,05440714740308955;0,06503442072350454;0,005462158893965681;0,837159337634906;0;0;3,9331020056803E-5
403500;25,329;0,0;-1;-1;12875;351;20489;40365;4504;324949;223;118;507;0,23231683005266995;0;0,33342178031946534;0,4005137547561441;0,0337476348717205;0;0;0;0
405000;25,399;-28,0;-1;-1;13235;351;21000;40948;4550;324949;223;118;507;0,22513300161163277;0;0,352080952410622;0,3937178500222485;0,02906819595549676;0;0;0;0
406500;25,468;0,0;-1;-1;13578;351;21533;41531;4591;324949;223;118;507;0,22818516018066254;0;0,3456047256510857;0,3976398074538574;0,028570306714394266;0;0;0;0
408000;25,536;-27,0;-1;-1;13952;351;22052;42092;4637;324949;223;118;507;0,23467804028187159;3,635245208524935E-4;0,35167047241657756;0,3787809882932655;0,0345069744874329;0;0;0;0
409500;25,607;-27,0;-1;-1;14373;351;22549;42635;4676;324949;223;118;507;0,05963026253140332;0;0,06819167750670972;0,0721162254558716;0,006385292971785966;0,7936765415342294;0;0;0
411000;25,681;-36,0;-1;-1;14446;351;22634;42747;4684;326171;223;118;507;0,0628893446704702;0;0;0,07848710190247714;0,006814014982514758;0,851809538444538;0;0;0
412500;25,753;-39,0;-1;-1;14553;351;22634;42847;4691;327457;223;118;507;0,06470646200231661;0;0;0,07875062930868597;0,006703133857194744;0,8497996937557049;0;0;4,008107609778393E-5
414000;25,826;-18,0;-1;-1;14663;351;22634;42992;4705;328688;223;118;507;0,06247691110228084;0;0;0,07699748838098111;0,008452365433237729;0,8520732350835003;0;0;0
415500;25,897;-30,0;-1;-1;14744;351;22634;43109;4715;329980;223;118;507;0,06458304099406091;0;0;0,07833998390136167;0,008234486659469863;0,8488424884451077;0;0;0
417000;25,969;-37,0;-1;-1;14842;351;22634;43234;4726;331246;223;118;507;0,05892524748124342;0;0,06398476809796803;0,07229899471102581;0,007627827750776816;0,797163161958986;0;0;0
418500;26,048;-32,0;-1;-1;14927;355;22743;43338;4737;332451;224;127;509;0,061449160025034436;0;0;0,07798657084409741;0,008059912655687498;0,8525043564751806;0;0;0
420000;26,122;-37,0;-1;-1;15011;355;22743;43451;4753;333738;224;127;509;0,06083460190653591;0;0;0,07791316142965006;0,008064360301018496;0,8531878763627955;0;0;0
421500;26,194;-37,0;-1;-1;15123;355;22743;43551;4759;335020;224;127;509;0,06024802637528225;6,989907668066124E-5;0;0,07837502152086824;0,008147866655137174;0,8531591863720317;0;0;0
423000;26,267;-33,0;-1;-1;15212;355;22743;43650;4772;336319;224;127;509;0,05910296580581395;0;0;0,07775907576461095;0,00809471706557951;0,8550432413639956;0;0;0
424500;26,339;-34,0;-1;-1;15303;355;22743;43760;4785;337605;224;127;509;0,058249954592357656;0;0;0,07744909604600064;0,008081105304353953;0,8561807646318709;0;0;3,907942541698594E-5
426000;26,412;-31,0;-1;-1;15394;355;22743;43862;4800;338897;224;127;509;0,05357592261047398;0;0,06405504234593136;0,07200958585152507;0,007521973100449045;0,8028374760916205;0;0;0
427500;26,486;-36,0;-1;-1;15482;355;22846;43981;4807;340080;224;127;509;0,2702285143490563;0;0,3245954032745414;0,3666778555628139;0,03849822681358839;0;0;0;0
429000;26,555;-27,0;-1;-1;15877;355;23351;44518;4870;340080;224;127;509;0,28600669698706055;0;0,31715841554270746;0,3595910170996904;0,03724387037054169;0;0;0;0
430500;26,624;-28,0;-1;-1;16332;355;23809;45047;4928;340080;224;127;509;0,29175556209412684;0;0,31097673318361757;0,35960321647523513;0,037664488247020546;0;0;0;0
432000;26,693;-28,0;-1;-1;16740;355;24337;45562;4977;340080;224;127;509;0,28585267092486183;0;0,3084921010940763;0,36672778341658957;0,03892744456447223;0;0;0;0
433500;26,763;-23,0;-1;-1;17149;355;24807;46122;5038;340080;224;127;509;0,05205429259765471;0;0,06648577718292163;0,06944475289733491;0,008799177461378645;0,8032159998607101;0;0;0
435000;26,841;-31,0;-1;-1;17229;356;24910;46219;5056;341298;225;131;512;0;6,868906780670345E-5;0,07073026602240014;0,0728985716910823;0,00902377736239324;0,8472786958563177;0;0;0
436500;26,916;-40,0;-1;-1;17229;356;25007;46327;5077;342572;225;131;512;0;0;0,07298779163212049;0,07251407525050436;0,008965856054696391;0,8455322770626787;0;0;0
438000;26,988;-38,0;-1;-1;17229;356;25124;46448;5092;343819;225;131;512;0;0;0,07391206364301982;0,07089639700848718;0,008781624307352397;0,8463721936093073;0;0;3,772143183316613E-5
439500;27,062;-42,0;-1;-1;17229;356;25245;46540;5103;345094;225;131;513;0;0;0;0,07827116192353915;0,00949359688882498;0,9121943296054743;0;0;4,091158216150729E-5
441000;27,136;-42,0;-1;-1;17229;356;25245;46668;5115;346454;225;131;513;0,05439379196087253;0;0;0,07439485585950313;0,00905573440561228;0,8621556177740121;0;0;0
442500;27,206;-31,0;-1;-1;17306;356;25245;46786;5133;347741;225;131;513;0,05676241283202213;0;0;0,07489301967977897;0,008919932955023318;0,8594246345331756;0;0;0
444000;27,276;-34,0;-1;-1;17377;356;25245;46905;5148;349036;225;131;513;0,056458643879642556;0;0;0,07489609565464433;0,008934970645898052;0,859710289819815;0;0;0
445500;27,348;-37,0;-1;-1;17459;356;25245;47028;5159;350320;225;131;513;0,0512084039009262;0;0,0696805578942496;0,07150737291886583;0,008189072349227876;0,7994145929367305;0;0;0
447000;27,42;-31,0;-1;-1;17534;356;25332;47141;5176;351528;225;131;513;0,05770208996279357;0;0,07693042836100977;0;0,008715034619720228;0,8566137408207721;0;0;3,870623570422565E-5
448500;27,495;-32,0;-1;-1;17626;356;25448;47141;5196;352800;225;131;513;0,05694941562826393;6,997676682329876E-5;0,07615585092990962;0;0,010821650971116478;0,8560031057038867;0;0;0
450000;27,568;-37,0;-1;-1;17712;356;25584;47141;5213;354061;225;131;513;0,056678179730901924;0;0,07584050285425652;0;0,01086917663861502;0,8566121407762265;0;0;0
451500;27,644;-34,0;-1;-1;17795;362;25703;47144;5232;355352;229;139;517;0,05523519472923896;0;0,07702219453200346;0;0,010664451855385391;0,8570781588833722;0;0;0
453000;27,716;-32,0;-1;-1;17881;362;25819;47144;5252;356630;229;139;517;0,04962313712099547;0;0,07502628102236628;0,06947479842998347;0,009652452814691515;0,7962233306119633;0;0;0
454500;27,791;-31,0;-1;-1;17953;362;25926;47243;5268;357836;229;139;517;0,05302702862913854;0;0;0,07469878466334105;0,010381865706255872;0,8618923210012646;0;0;0
456000;27,861;-28,0;-1;-1;18035;362;25926;47356;5291;359118;229;139;517;0,052349566882520744;0;0;0,07428321622789767;0,010308435619637004;0,8630205724033353;0;0;3,8208866609327855E-5
457500;27,944;-33,0;-1;-1;18124;362;25926;47463;5314;360399;229;139;517;0,05096852802726114;0;0;0,07295364652675101;0,010103103233657672;0,8659747222123302;0;0;0
459000;28,013;-29,0;-1;-1;18197;362;25926;47592;5327;361684;229;139;517;0,05295273466564119;0;0;0,07308990955267698;0,009934285368694371;0,8640230704129875;0;0;0
460500;28,085;-28,0;-1;-1;18292;362;25926;47701;5344;362963;229;139;517;0,05452998044946957;0;0,07223799808615947;0,06722539159164909;0,009140273074137117;0,7968663567985848;0;0;0
462000;28,156;-32,0;-1;-1;18378;362;26030;47815;5361;364142;229;139;517;0,05800273563590392;6,69219300760104E-5;0,07707886016431126;0;0,00979975128928004;0,8550517309804289;0;0;0
463500;28,227;-32,0;-1;-1;18461;363;26153;47815;5373;365423;229;139;517;0,06502372301221894;7,153884575310697E-5;0;0;0,010446057298169196;0,9244586808438587;0;0;0
465000;28,298;-28,0;-1;-1;18561;363;26153;47815;5385;366811;229;139;517;0,06369981433662829;0;0;0;0,010360943958282241;0,9259392417050895;0;0;0
466000;28,346;-28,0;-1;-1;18618;363;26153;47815;5394;367745;229;139;517;0,0625924821494813;0;0;0;0,01024780557952491;0,9271201145014473;0;0;3,959776954647522E-5
467500;28,42;-38,0;-1;-1;18723;366;26156;47818;5410;369136;229;142;520;0,05727048170586096;0;0;0,07095330966554915;0,009487016482683503;0,8622525023242329;0;0;3,668982167344143E-5
469000;28,492;-32,0;-1;-1;18813;366;26156;47927;5425;370422;229;142;520;0,05212416647126828;0;0,06917978850677774;0,065114771886993;0,010739177816583607;0,8028420953183775;0;0;0
470500;28,564;-38,0;-1;-1;18894;366;26254;48037;5445;371613;229;142;520;0,05814631754814571;6,46080972548897E-5;0,07294837937153538;0;0,011361612780981674;0,8574790822020822;0;0;0
472000;28,638;-34,0;-1;-1;18982;366;26369;48037;5464;372891;229;142;520;0,05666689480085557;0;0,07404822372209574;0;0,013604075900189378;0,8556808055768594;0;0;0
473500;28,707;-33,0;-1;-1;19073;366;26492;48037;5482;374159;229;142;520;0,058917544647248674;0;0,07277405811047878;0;0,013458724918343592;0,854849672323929;0;0;0
475000;28,778;-27,0;-1;-1;19169;366;26594;48037;5512;375431;229;142;520;0,06396485682770234;0;0,07084846985777618;0;0,01310762803287638;0,8520439294458265;0;0;3,511583581864248E-5
476500;28,851;-34,0;-1;-1;19268;366;26699;48037;5539;376700;229;142;520;0,058556149980077125;0;0,06514811742422097;0,062113078894742046;0,01207042620257742;0,8021122274983825;0;0;0
478000;28,924;-25,0;-1;-1;19363;366;26795;48141;5560;377884;229;142;520;0;0;0,06787634972149738;0,06788070371161627;0,015222443502652736;0,8490205030642337;0;0;0
479500;28,996;-42,0;-1;-1;19363;366;26902;48237;5584;379157;229;142;520;0;6,113448596930838E-5;0,06928108571224965;0,06704728808492307;0,01498911478213112;0,848621376934727;0;0;0
481000;29,069;-28,0;-1;-1;19363;366;27010;48324;5598;380448;229;142;520;0;0;0,06886404062938724;0,06708464137038275;0,015001801901194576;0,8490495160990355;0;0;0
482500;29,141;-37,0;-1;-1;19363;366;27111;48431;5615;381723;229;142;520;0;0;0,06822439263982537;0,06969484016147855;0,014927022486756779;0,8471537447119393;0;0;0
484000;29,216;-42,0;-1;-1;19366;368;27206;48560;5650;382983;231;146;522;0,05748830282951505;0;0,06639623390374706;0,06545550456185097;0,013950874420874155;0,7966764959284498;0;0;3,258835556298241E-5
485500;29,291;-42,0;-1;-1;19460;368;27299;48669;5671;384166;231;146;522;0,06127824172556469;0;0;0,07037504539377454;0,014985397137794983;0,8533613157428658;0;0;0
487000;29,364;-42,0;-1;-1;19529;368;27299;48764;5703;385470;231;146;522;0,06128146094683468;0;0;0,07074510267700176;0,014984442680744886;0,8529889936954186;0;0;0
488500;29,434;-28,0;-1;-1;19642;368;27299;48857;5726;386741;231;146;522;0,060299779217258785;0;0;0,0704666972724855;0,01489069058899397;0,8543428329212618;0;0;0
490000;29,504;-33,0;-1;-1;19730;368;27299;48947;5745;388044;231;146;522;0,059855487746276415;6,43309666828844E-5;0;0,07208576316201334;0,014887513561344108;0,8531069045636832;0;0;0
491500;29,575;-34,0;-1;-1;19824;368;27299;49057;5763;389322;231;146;522;0,05855119936652021;0;0,06809033375329221;0,06725878549402774;0,013894304195838009;0,7922053771903217;0;0;0
493000;29,642;-34,0;-1;-1;19896;368;27421;49157;5786;390505;231;146;522;0,06272435018210318;0;0;0,07244734508508006;0,014938558045710457;0,8498897466871064;0;0;0
494500;29,71;-37,0;-1;-1;19996;368;27421;49260;5811;391777;231;146;522;0,06772572592090559;0;0;0,07235917859540403;0,014570772347193122;0,8453081993343574;0;0;3,612380213982317E-5
496000;29,781;-30,0;-1;-1;20087;368;27421;49375;5832;393050;231;146;522;0,06664354831460027;0;0;0,07170985584120249;0,014425826729997716;0,8472207691141995;0;0;0
497500;29,851;-36,0;-1;-1;20207;368;27421;49473;5854;394310;231;146;522;0,0648748255235971;0;0;0,07069378357855732;0,014198719601032795;0,8502326712968128;0;0;0
499000;29,917;-29,0;-1;-1;20305;368;27421;49572;5879;395588;231;146;522;0,06369766464247772;0;0;0,07001723118761248;0,01402023321342257;0,8522648709564872;0;0;0
500500;29,989;-37,0;-1;-1;20408;369;27425;49672;5901;396873;236;149;523;0,058885279036330125;0;0,06623542868783955;0,06535325797881435;0,013066356938115618;0,7964596773589004;0;0;0
502000;30,058;-30,0;-1;-1;20493;369;27530;49779;5919;398058;236;149;523;0,062205532918473964;6,379970487478387E-5;0,07009897621684776;0;0,013891615835492022;0,8537400753243115;0;0;0
503500;30,13;-33,0;-1;-1;20588;369;27630;49779;5935;399347;236;149;523;0,06085651687110525;0;0,07422051723653811;0;0,01370817362751294;0,8512147922648438;0;0;0
505000;30,199;-32,0;-1;-1;20679;369;27742;49779;5958;400621;236;149;523;0,060140172967961515;0;0,07353399413555364;0;0,013623826907706965;0,8527020059887779;0;0;0
506500;30,266;-32,0;-1;-1;20785;369;27837;49779;5982;401896;236;149;523;0,05940411947420468;0;0,0730439231501014;0;0,013555430028537532;0,8539607816400224;0;0;3,574570713382882E-5
508000;30,335;-34,0;-1;-1;20864;369;27958;49779;6004;403173;236;149;524;0,27477201775325694;0;0,33777716287326776;0,3243023404323769;0,06298139985723483;0;0;0;1,6707908386365505E-4
509500;30,404;-25,0;-1;-1;21291;369;28470;50264;6080;403173;236;149;524;0,26407455507604527;0;0,3489971338344573;0,32718279401136835;0,059745517078129126;0;0;0;0
511000;30,469;-26,0;-1;-1;21667;369;29005;50775;6158;403173;236;149;524;0,2600102100143933;0;0,363027173458955;0,3196362731375138;0,05732634338913782;0;0;0;0
512500;30,533;-21,0;-1;-1;22062;369;29533;51257;6253;403173;236;149;524;0,2448802105420594;0;0,3866688912204304;0,30578089067535064;0,06267000756215957;0;0;0;0
514000;30,598;-26,0;-1;-1;22440;369;30075;51737;6353;403173;236;149;524;0,05379167748568045;0;0,0811522174165971;0,0656986951391318;0,013388868335575321;0,7859685416230153;0;0;0
515500;30,665;-35,0;-1;-1;22527;369;30183;51830;6372;404366;236;149;524;0,05801613182119866;6,486742831291496E-5;0;0,07132984680942468;0,014522167691892511;0,8560306690364525;0;0;3,631721271855172E-5
517000;30,739;-35,0;-1;-1;22608;372;30187;51935;6402;405664;239;151;529;0,062425296769249405;7,019057984131905E-5;0;0;0,015651796948301065;0,9218135292877542;0;0;3,918641485409213E-5
518500;30,813;-34,0;-1;-1;22697;372;30187;51935;6426;407051;239;151;529;0,061014440169847216;0;0;0;0,01536725008115134;0,9236183097490015;0;0;0
519500;30,859;-29,0;-1;-1;22746;372;30187;51935;6443;407985;239;151;529;0,060394075162595505;0;0;0;0,015228668686094569;0,92437725615131;0;0;0
520500;30,904;-35,0;-1;-1;22800;372;30187;51935;6463;408911;239;151;529;0,057633894678116276;0;0,08597572529258647;0;0,016412149361000283;0,8399782306682969;0;0;0
522000;30,977;-35,0;-1;-1;22884;372;30324;51935;6492;410161;239;151;529;0,05378296643312061;0;0,07978682974154935;0,0657440698147869;0,015353590297189947;0,7853325437133531;0;0;0
523500;31,052;-33,0;-1;-1;22957;372;30449;52034;6512;411344;239;151;529;0,06002934286560898;6,435925866666252E-5;0;0,07016302187044106;0,016368902815463753;0,853338434092722;0;0;3,593909709743874E-5
525000;31,128;-35,0;-1;-1;23060;372;30449;52135;6526;412626;239;151;529;0,05965545500854754;0;0;0,0703397311364422;0,01642566674442467;0,8535791471105856;0;0;0
526500;31,199;-37,0;-1;-1;23141;372;30449;52233;6557;413916;239;151;529;0,05869932128686702;0;0;0,06961267441477464;0,01618306013996925;0,8555049441583891;0;0;0
528000;31,273;-34,0;-1;-1;23223;372;30449;52342;6583;415199;239;151;529;0,05931380529344098;0;0;0,06732503655918222;0,015611130021293879;0,8577500281260829;0;0;0
529500;31,344;-31,0;-1;-1;23324;372;30449;52446;6607;416470;239;151;529;0,056375984064736935;0;0,07579522933769572;0,06272898659460742;0,014221900859755379;0,7908778991432045;0;0;0
531000;31,416;-37,0;-1;-1;23417;372;30561;52529;6624;417665;239;151;529;0;0;0,08451051683118234;0,06586768023213586;0,014922540117407714;0,8346992628192741;0;0;0
532500;31,493;-27,0;-1;-1;23424;377;30676;52650;6648;418912;242;151;531;0;6,061388966233091E-5;0,08370129210681904;0,06685609712750726;0,017460368019419616;0,831887558411239;0;0;3,407044535282734E-5
534000;31,568;-39,0;-1;-1;23424;377;30795;52761;6676;420154;242;151;531;0;0;0,08276277047449446;0,06918091861222712;0,017300471765094243;0,8307558391481841;0;0;0
535500;31,641;-45,0;-1;-1;23424;377;30938;52848;6708;421392;242;151;531;0;0;0,08198130427141216;0,06914978039466343;0,017193491355245005;0,8316754239786796;0;0;0
537000;31,713;-45,0;-1;-1;23424;377;31066;52956;6730;422634;242;151;531;0,056275602573720496;0;0,07717216396960243;0,06551690424779431;0,01626419654245755;0,7847711326664253;0;0;0
538500;31,787;-45,0;-1;-1;23515;377;31179;53075;6747;423794;242;151;531;0,06005101219683804;0;0,08250208328261462;0;0,017482042023760518;0,8399648624967869;0;0;0
540000;31,874;-30,0;-1;-1;23602;377;31301;53075;6776;425056;242;151;531;0,05950024679269719;0;0,08182136736688697;0;0,017377413551320667;0,8413009722890952;0;0;0
541500;31,948;-31,0;-1;-1;23690;377;31428;53075;6799;426318;242;151;531;0,059348682422656326;0;0,08125975380266429;0;0,017416245796585572;0,8419753179780939;0;0;0
543000;32,019;-31,0;-1;-1;23772;377;31542;53075;6829;427592;242;151;531;0,059282798705869284;6,447189610253416E-5;0,08119226704782624;0;0,017426004348398166;0,841998205228345;0;0;3,6252773458802835E-5
544500;32,097;-32,0;-1;-1;23856;377;31650;53075;6856;428873;242;151;531;0,05514833591648866;0;0,07531698305760791;0,06773145367690557;0,0162636029406382;0,7855396244083597;0;0;0
546000;32,171;-32,0;-1;-1;23940;377;31776;53174;6876;430044;242;151;531;0,055934776778845875;0;0,07637424451416763;0,0691176374138308;0;0,7985733412931557;0;0;0
547500;32,244;-30,0;-1;-1;24023;377;31889;53293;6876;431229;242;151;531;0,05549491352629742;0;0,07836737505124539;0,0689154581842642;0;0,797222253238193;0;0;0
549000;32,321;-33,0;-1;-1;24118;382;31999;53409;6877;432423;243;155;538;0,055171839764354504;0;0,07814318388122059;0,06897649745886256;0;0,7977084788955623;0;0;0
550500;32,393;-33,0;-1;-1;24203;382;32125;53515;6877;433606;243;155;538;0,05506846271538396;0;0,07799816091939386;0,06923235339369586;0;0,7977010229715262;0;0;0
552000;32,465;-33,0;-1;-1;24297;382;32239;53609;6877;434804;243;155;538;0,05396735564863007;0;0,0766163194979742;0,06836962837896947;0,016810894980683617;0,7842358014937426;0;0;0
553500;32,538;-35,0;-1;-1;24395;382;32359;53695;6908;435969;243;155;538;0,25826399971735237;0;0,35024392607000543;0,31453754690750324;0,0769545273051389;0;0;0;0
555000;32,607;-35,0;-1;-1;24794;382;32877;54169;7017;435969;243;155;538;0,25560876552607376;3,0160348036018794E-4;0,3470378291437506;0,3194093681086623;0,07747275243058198;0;0;0;1,696813105712517E-4
556500;32,68;-35,0;-1;-1;25170;382;33394;54666;7127;435969;243;155;538;0,25356096249250737;0;0,3449611111807664;0,32354458584569196;0,07793334048103429;0;0;0;0
558000;32,754;-29,0;-1;-1;25573;382;33900;55156;7228;435969;243;155;538;0,2835650941571231;0;0,3273633780453352;0,31851921601711597;0,07055231178042572;0;0;0;0
559500;32,825;-30,0;-1;-1;26020;382;34359;55647;7331;435969;243;155;538;0,060844755733050815;0;0,06818305228919727;0,06729150293425598;0,014832407073109961;0,7888482819703859;0;0;0
561000;32,899;-30,0;-1;-1;26118;382;34455;55739;7355;437159;243;155;538;0,06505771657493518;0;0,07318813785001231;0;0,01573394472391237;0,8460202008511402;0;0;0
562500;32,972;-33,0;-1;-1;26209;382;34599;55739;7379;438400;243;155;538;0,064058688510172;0;0,07431494623175787;0;0,015552515383291785;0,8460738498747783;0;0;0
564000;33,043;-36,0;-1;-1;26298;382;34705;55739;7395;439689;243;155;538;0,06359386081454774;0;0,07872698241690519;0;0,015539019234142566;0,8421401375344045;0;0;0
565500;33,426;-26,0;-1;-1;26408;382;34819;55740;7416;440959;245;161;541;0,06632612916326101;0;0,08238732372862456;0;0,016336657772183273;0,8349498893359311;0;0;0
567000;33,496;-30,0;-1;-1;26490;382;34956;55740;7437;442219;245;161;541;0,061253376002003014;0;0,07598466445815932;0,07144321504615164;0,015150526583359726;0,7761682179103264;0;0;0
568500;33,573;-38,0;-1;-1;26576;382;35064;55849;7460;443393;245;161;541;0,06483358462271749;7,318420668685491E-5;0,08053690600823196;0;0,016093149401636034;0,8384221880384426;0;0;4,098772228494241E-5
570000;33,648;-31,0;-1;-1;26685;382;35176;55849;7472;444660;245;161;541;0,06665232939156454;0;0,08208513124672186;0;0,01599218170954481;0,8352703576521687;0;0;0
571500;33,722;-35,0;-1;-1;26788;382;35293;55849;7497;445915;245;161;541;0,06765141341419162;0;0,08504317129008519;0;0,018267804305516878;0,8290376109902063;0;0;0
573000;33,794;-30,0;-1;-1;26875;382;35444;55849;7539;447135;245;161;541;0,06875265832713584;0;0,08262939218675995;0;0,02742732704911732;0,8211906224369868;0;0;0
574500;33,869;-32,0;-1;-1;26977;382;35569;55849;7587;448360;245;161;541;0,06811648217749075;0;0,08200225141152212;0;0,027118432840674007;0,8227628335703132;0;0;0
576000;33,944;-35,0;-1;-1;27093;382;35713;55849;7636;449551;245;161;541;0,0629146363282184;0;0,07819305154859768;0,0690510200774567;0,025032490995552416;0,7648088010501747;0;0;0
577500;34,018;-28,0;-1;-1;27204;382;35832;55939;7682;450685;245;161;541;0,06995120918827959;0;0;0,07421114007126536;0,02666043744748822;0,8291772132929669;0;0;0
579000;34,09;-28,0;-1;-1;27304;382;35832;56034;7716;451956;245;161;541;0,06840112237502108;0;0;0,07450691014936356;0,026120749745756993;0,8309712177298584;0;0;0
580500;34,164;-37,0;-1;-1;27409;382;35832;56151;7754;453196;245;161;541;0,06741998488211999;0;0;0,07425133054181725;0,025898350856759615;0,8324303337193032;0;0;0
582000;34,241;-37,0;-1;-1;27524;390;35832;56272;7790;454441;247;162;547;0,0662812371927907;7,039173445137642E-5;0;0,0735370254895027;0,025540974190446063;0,834530728207199;0;0;3,9643185610179034E-5
583500;34,317;-32,0;-1;-1;27627;390;35832;56385;7831;455684;247;162;547;0,06022236617765457;0;0,07607822494713053;0,06854099995760762;0,0232153338352518;0,7719430750823555;0;0;0
585000;34,393;-27,0;-1;-1;27720;390;35933;56478;7868;456860;247;162;547;0,06329782634505562;0;0;0,07248100164204492;0,027916246529501226;0,8363049254833982;0;0;0
586500;34,479;-26,0;-1;-1;27829;390;35933;56585;7905;458107;247;162;547;0,06251335867606829;0;0;0,07209148194840989;0,02761849913784788;0,8377766602376739;0;0;0
588000;34,612;-31,0;-1;-1;27922;390;35933;56708;7953;459343;247;162;547;0,05978625013442013;0;0;0,07020469349869388;0,02733069167262512;0,8426783646942608;0;0;0
589500;34,765;-33,0;-1;-1;28005;390;35933;56823;7990;460608;247;162;547;0,062328463616832766;0;0;0,07045265817154382;0,027299900242965462;0,8399189779686579;0;0;0
591000;34,908;-36,0;-1;-1;28082;390;35933;56930;8036;461878;247;162;547;0,05821500246316088;0;0;0,07100196107914555;0,02798465240347149;0,842798384054222;0;0;0
592500;35,046;-32,0;-1;-1;28173;390;35933;57030;8081;463142;247;162;547;0,05697458738802249;0;0,07500608432011624;0,06433639668199646;0,025173419172013704;0,7785095124378512;0;0;0
594000;35,216;-32,0;-1;-1;28255;390;36063;57129;8121;464291;247;162;547;0;0;0,07932447115318222;0,06844306064997024;0,0266162824552553;0,8256161857415921;0;0;0
595500;35,358;-40,0;-1;-1;28255;390;36193;57241;8159;465511;247;162;547;0;7,034008658215557E-5;0,0780275181598238;0,06725064679990793;0,02663510011521765;0,8279767488470161;0;0;3,9645991452484704E-5
597000;35,519;-41,0;-1;-1;28255;390;36317;57333;8202;466752;247;162;547;0;0;0,07322557377411663;0,068066364875415;0,02675818536761914;0,8319498759828493;0;0;0
598500;35,672;-41,0;-1;-1;28260;394;36428;57451;8254;467989;247;166;548;0;0;0,0738228808825673;0,06882608529051595;0,02681182570823469;0,8305392081186821;0;0;0
600000;35,745;-39,0;-1;-1;28260;394;36546;57544;8287;469245;247;166;548;0,05873792357435151;0;0,06828684269712963;0,06398854360569385;0,0248204458398537;0,7841662442829714;0;0;0
601500;35,822;-30,0;-1;-1;28341;394;36668;57639;8317;470417;247;166;548;0,06215141017733639;0;0;0,06933296574879728;0,026286764171297498;0,8422288599025688;0;0;0
603000;35,895;-29,0;-1;-1;28433;394;36668;57748;8353;471680;247;166;548;0,06392454526014645;0;0;0,07149731367915128;0,025980835532823165;0,838597305527879;0;0;0
604500;35,971;-26,0;-1;-1;28543;394;36668;57843;8391;472937;247;166;548;0,06286813848236715;0;0;0,07086089328129035;0,025598434489325864;0,8406725337470166;0;0;0
606000;36,043;-33,0;-1;-1;28649;394;36668;57952;8418;474195;247;166;548;0,062414932193303976;0;0;0,07079206507644824;0,02552557748810659;0,8412674252421412;0;0;0
607500;36,113;-31,0;-1;-1;28756;394;36668;58068;8459;475431;247;166;548;0,05949705493431831;0;0,06684961094582512;0,06522203230298697;0,023392893156740913;0,7850384086601288;0;0;0
609000;36,188;-34,0;-1;-1;28840;394;36765;58155;8498;476624;247;166;548;0,06760819357045349;7,119910473238369E-5;0;0,06883021759137732;0,027803784087545563;0,8356461899159718;0;0;4,041572991944951E-5
610500;36,264;-26,0;-1;-1;28929;394;36765;58262;8535;477891;247;166;548;0,06622340657122057;0;0;0,0677232991441578;0,030751573033035887;0,8353017212515857;0;0;0
612000;36,334;-29,0;-1;-1;29015;394;36765;58365;8585;479152;247;166;548;0,06602535056041402;0;0;0,06781525052483914;0,030538518227858233;0,8356208806868887;0;0;0
613500;36,406;-36,0;-1;-1;29122;394;36765;58479;8630;480386;247;166;548;0,06560771066212544;0;0;0,0678160543450011;0,030332645986451006;0,8362435890064224;0;0;0
615000;36,483;-27,0;-1;-1;29208;395;36772;58588;8683;481651;253;170;551;0,0665704726557796;0;0;0,06772903870600726;0,033143797181525915;0,8325566914566872;0;0;0
616500;36,557;-32,0;-1;-1;29304;395;36772;58689;8738;482899;253;170;551;0,06197306419198802;0;0,06528405708639451;0,06342251820089921;0,030728442732677507;0,7785919177880408;0;0;0
618000;36,629;-34,0;-1;-1;29398;395;36866;58779;8786;484073;253;170;551;0,06725615154893054;0;0;0,0665991879027017;0,03587006286964431;0,8302745976787236;0;0;0
619500;36,702;-37,0;-1;-1;29529;395;36866;58879;8833;485295;253;170;551;0,06676543956312853;0;0;0,06672387495817267;0,035671841310456004;0,8308388441682428;0;0;0
621000;36,772;-34,0;-1;-1;29629;395;36866;58969;8877;486561;253;170;551;0,06600770985366418;0;0;0,06636910613614545;0,035239051456231484;0,8323841325539588;0;0;0
622500;36,844;-37,0;-1;-1;29738;395;36866;59076;8925;487797;253;170;551;0,06817352232935317;7,085541774369346E-5;0;0,06642433033607933;0,035008609411309725;0,8302825531110718;0;0;4,0129394442325E-5
624000;36,918;-27,0;-1;-1;29836;395;36866;59181;8980;489039;253;170;551;0,06753738330873676;0;0;0,0674154890895437;0,03454092773575837;0,8305061998659612;0;0;0
625500;36,992;-36,0;-1;-1;29952;395;36866;59275;9029;490280;253;170;551;0,06931678587323063;0;0;0,06717720196329076;0,034129274850209446;0,8293767373132692;0;0;0
627000;37,063;-32,0;-1;-1;30059;395;36866;59395;9079;491503;253;170;551;0,06386147138378337;0;0,0646244907144612;0,06221690619363575;0,03137938904603804;0,7779177426620816;0;0;0
628500;37,139;-37,0;-1;-1;30160;395;36975;59480;9128;492659;253;170;551;0,069924674666947;0;0;0,06606045245217297;0,03303481946384951;0,8309800534170306;0;0;0
630000;37,21;-32,0;-1;-1;30273;395;36975;59594;9179;493881;253;170;551;0,06916654491830446;0;0;0,06578132790511682;0,032641334711500554;0,8324107924650781;0;0;0
631500;37,286;-26,0;-1;-1;30379;398;36978;59706;9231;495129;255;171;552;0,06850240623247422;0;0;0,0655179187470574;0,03225679059200344;0,833722884428465;0;0;0
633000;37,366;-37,0;-1;-1;30485;398;36978;59823;9284;496353;255;171;552;0,07021526782604388;0;0;0,06506080147538319;0,03177295329450898;0,832950977404064;0;0;0
634500;37,442;-31,0;-1;-1;30585;398;36978;59925;9329;497606;255;171;552;0,0696573933771427;0;0;0,06475062484368056;0,03148736161901661;0,8341046201601601;0;0;0
636000;37,514;-35,0;-1;-1;30672;398;36978;60009;9369;498895;255;171;552;0,06867135802682224;7,055865732476139E-5;0;0,0641612933360364;0,03102104723223573;0,8360356162279544;0;0;4,0126519626429025E-5
637500;37,591;-25,0;-1;-1;30789;399;36978;60101;9416;500138;255;171;552;0,06772266231941522;7,038079163555882E-5;0;0,06379006474132064;0,03028524108162476;0,8381316510660038;0;0;0
639000;37,665;-37,0;-1;-1;30881;399;36978;60211;9453;501399;255;171;552;0,062216