Iteration;Time;BestFitness;LastCalledHeur;IsRelay;NumOfMoves-LLH0;NumOfMoves-LLH1;NumOfMoves-LLH2;NumOfMoves-LLH3;NumOfMoves-LLH4;NumOfMoves-LLH5;NumOfMoves-LLH6;NumOfMoves-LLH7;NumOfMoves-LLH8;LAProb-LLH0;LAProb-LLH1;LAProb-LLH2;LAProb-LLH3;LAProb-LLH4;LAProb-LLH5;LAProb-LLH6;LAProb-LLH7;LAProb-LLH8;
2000;1,165;-33,0;-1;-1;282;537;81;197;695;116;114;58;64;0,12811842419400854;0,24223096257536986;0;0,07593333287263651;0,5444579025393579;0,009259377818627143;0;0;0
3500;1,37;-34,0;-1;-1;358;689;81;257;1901;122;114;58;64;0,009290133947960884;0;0;0,008011486169970073;0,9826983798820691;0;0;0;0
4500;1,516;-34,0;-1;-1;381;692;85;271;2869;126;121;63;69;0,020482544695386955;0;0;0,01875203909114885;0,9607654162134641;0;0;0;0
5500;1,629;-33,0;-1;-1;419;692;85;293;3809;126;121;63;69;0,07253307797066115;0;0;0,02139090823629301;0,9060760137930458;0;0;0;0
6500;1,722;-34,0;-1;-1;600;692;85;321;4600;126;121;63;69;0,22900935090813315;0;0,0051307683198127795;0,032920294089063155;0,7132269682059775;0;0,01342634826082012;6,114887746790617E-4;0,005674781441514172
8500;2,053;-33,0;-1;-1;875;697;95;392;6222;130;158;70;78;0;0,02003053257165809;0,0016728919971510095;0,005885867209416501;0,9659222201643813;0,001704842838733323;0,0029638067283572545;0;0,0018198384903025892
10500;2,294;-26,0;-1;-1;875;727;97;416;8154;131;163;70;84;0;0;0,04547877219823796;0,7820665602410866;0;0,04648725026901593;0,07716417554956186;0;0,04880324174209762
12000;2,467;-37,0;-1;-1;875;727;125;1783;8154;171;200;70;112;0;0;0,031425102471313825;0,9029869221103479;0;0,03257835619166682;0;0;0,03300961922667142
13500;2,623;-37,0;-1;-1;875;727;175;3116;8154;228;200;70;172;0;0;0,03305889941040532;0,874780949057037;0;0,0313813623487313;0;0;0,06077878918382639
15000;2,773;-34,0;-1;-1;881;732;196;4553;8160;245;206;75;209;0,10640692843029446;0;0,004701741745557447;0,88059563250002;0;0;0;0;0,008295697324128107
16500;2,9;-31,0;-1;-1;1039;732;199;5881;8160;245;206;75;220;0,03249191072046525;0;6,781616646764342E-4;0,23892634687535252;0,7266409057218312;0;0;1,0687476442688854E-4;0,001155800253247741
18000;3,052;-31,0;-1;-1;1130;732;199;6279;9169;245;206;75;222;0,08237882332001312;0,017839760352498214;0;0,2863823552684256;0,6104899543040399;0;0,0018033806538720568;0;0,0011057261011512998
19500;3,185;-23,0;-1;-1;1247;751;199;6786;10024;245;206;75;224;0,08064233478374624;0,012188678825508965;0;0,39663939526416686;0,5097652551146092;0;0;0;7,6433601196869E-4
21000;3,271;-31,0;-1;-1;1387;766;199;7414;10740;245;206;75;225;0,15313814842007956;0,01711509981530559;0;0,828006396323242;0;6,554166739411888E-4;0;0;0,0010849387674317463
22500;3,354;-26,0;-1;-1;1605;787;203;8684;10743;246;211;77;231;0;0,014185127094024459;0;0,9843585003823314;0;5,531736931031003E-4;0;0;9,031988305411054E-4
24000;3,431;-36,0;-1;-1;1605;803;203;10166;10743;246;211;77;233;0;0,012202306686734807;4,8693214066731344E-4;0,9865261863925247;0;0;0;0;7,845747800730857E-4
25500;3,507;-35,0;-1;-1;1605;814;209;11648;10743;246;211;77;234;0;0,005995601822967876;0,0037808073181697962;0,98983484048075;0;0;0;0;3,887503781124806E-4
27000;3,605;-37,0;-1;-1;1605;817;213;13141;10743;246;211;77;234;0;0,0033650403874886103;0,0021139368393566236;0,8487974102990633;0,14512810820447353;0;3,5494052867802853E-4;2,1412719933265605E-5;2,191510210066181E-4
29000;3,713;-32,0;-1;-1;1605;824;218;14783;11089;246;211;77;234;0,03823915415508618;0,0032994404975259;0;0,7947862218497709;0,16367518349761706;0;0;0;0
30500;3,799;-27,0;-1;-1;1672;834;218;15936;11359;246;211;77;234;0,03294701953011234;0,002952419480600634;0;0,7864871400857802;0,17749277696961505;1,2064393389164128E-4;0;0;0
32000;3,891;-26,0;-1;-1;1712;841;220;17133;11627;252;212;82;237;0;0,0023795802343045346;0;0,834478450774411;0,1626531241909622;4,888448003222613E-4;0;0;0
33500;3,976;-34,0;-1;-1;1712;845;220;18380;11875;253;212;82;237;0;0,0023505265548794054;0;0,825588327920801;0,17206114552431953;0;0;0;0
34500;4,033;-35,0;-1;-1;1712;848;220;19199;12053;253;212;82;237;0;0,0025641276180879;0,001634441062451244;0,8137003578702896;0,18193234725353782;0;0;0;1,687261956334399E-4
36000;4,117;-35,0;-1;-1;1712;852;222;20416;12330;253;212;82;237;0;0;0,0019125200763964476;0,7937232230250149;0,20436425689858853;0;0;0;0
37000;4,167;-36,0;-1;-1;1712;852;225;21208;12535;253;212;82;237;0,024580758827010996;0;0;0,8092509104063312;0,16592406303979693;0;2,4426772686081676E-4;0;0
38500;4,241;-26,0;-1;-1;1736;852;225;22416;12802;253;213;82;237;0,023020808618382238;0;0;0,799163177799407;0,17712515542087143;4,4588570868414135E-4;2,3120549769624544E-4;1,3766954958817635E-5;0
40000;4,318;-34,0;-1;-1;1774;852;225;23612;13067;254;213;82;237;0,021832379730264737;0;0;0,8038422468576378;0,17389245040339668;4,3292300870088055E-4;0;0;0
41500;4,397;-24,0;-1;-1;1830;858;226;24806;13331;255;214;86;237;0,02297648043778653;0,0016479243664377513;0;0,7980526456115365;0,1773229495842391;0;0;0;0
43000;4,475;-27,0;-1;-1;1869;860;226;26001;13595;255;214;86;237;0,025404400445466734;0,0013888490121061773;8,849602718739727E-4;0,8214622150169932;0,1507670922347981;0;0;0;9,248301876169451E-5
44500;4,556;-33,0;-1;-1;1898;862;226;27249;13816;255;214;86;237;0,025993217410731705;0,001445245026727542;0;0,8204620338933968;0,15209950366914388;0;0;0;0
46000;4,639;-23,0;-1;-1;1940;862;226;28515;14008;255;214;86;237;0,02755244990543024;0,0011954782135251882;0;0,8371479850216421;0,13397529358487292;0;1,287932745296335E-4;0;0
47500;4,716;-32,0;-1;-1;1986;863;226;29737;14239;255;214;86;237;0,025600120005337956;0,0011412818694877182;0;0,8187430475502456;0,15427673306213818;2,388175127904813E-4;0;0;0
49000;4,792;-32,0;-1;-1;2032;864;226;30966;14463;255;214;86;237;0,038601345916287125;0,0010756291335904946;0;0,8070269305957918;0,15329609435433061;0;0;0;0
50500;4,867;-38,0;-1;-1;2088;865;226;32195;14677;255;214;86;237;0,04386992456055516;0,001007339697869825;0;0,8159003975840846;0,13922233815749047;0;0;0;0
52000;4,943;-31,0;-1;-1;2163;865;226;33426;14871;255;214;86;237;0,05076673544762957;9,841223541244227E-4;6,302458359965673E-4;0,8097270149212493;0,13789188144100004;0;0;0;0
53500;5,024;-33,0;-1;-1;2252;866;231;34647;15071;255;215;89;240;0,07736411711969876;0,0010621165598082205;6,743410873749447E-4;0,9208286696679094;0;0;0;0;7,07555652085987E-5
55000;5,103;-28,0;-1;-1;2374;869;232;36020;15071;255;215;89;241;0,9783774171882489;0,011947369155553651;0,007591693259078613;0;0;0;0,001287455453365432;0;7,96064943753475E-4
56500;5,181;-19,0;-1;-1;3821;900;249;36020;15071;255;219;89;242;0;0,4941507140524745;0,3123203169154209;0;0;0,10674668265058235;0,05308233216564524;0;0,033699954215877
58000;5,275;-39,0;-1;-1;3821;929;264;36020;15071;1707;221;89;244;0;0,011129083251348518;0;0;0;0,986899913543609;0,0011982732575005835;0;7,727299475421195E-4
59500;5,352;-35,0;-1;-1;3821;936;264;36020;15071;3198;222;89;245;0;0,002568280587700499;0;0;0,38537353036343314;0,6116034588549811;2,755967091957931E-4;0;1,7913348468950025E-4
61000;5,473;-39,0;-1;-1;3821;940;264;36020;15634;4131;222;89;245;0;0;0;0,5698083323282574;0,10707169126166138;0,3231199764100812;0;0;0
62000;5,526;-42,0;-1;-1;3821;940;264;36555;15747;4483;222;89;245;0,0469394558963893;0;0;0,5270089706422841;0,10265178030356235;0,3233997931577643;0;0;0
63500;5,606;-28,0;-1;-1;3907;940;264;37329;15903;4967;222;89;245;0,05056484525338115;0;3,8302130092363534E-4;0,4936939322286683;0,10023088712835648;0,3551273140886705;0;0;0
65000;5,691;-34,0;-1;-1;3994;940;264;38064;16050;5498;222;89;245;0,050764404350551254;0;0;0,49425913410551825;0,10343586659583218;0,35154059494809825;0;0;0
66500;5,785;-34,0;-1;-1;4068;942;269;38768;16199;6085;224;89;246;0,05057451493800458;5,961166978396969E-4;0;0,4408692116119302;0,09035351975431485;0,41750140083540244;6,347538299921123E-5;0;4,1760779508970854E-5
68500;5,9;-32,0;-1;-1;4172;943;269;39726;16380;6841;224;89;246;0,05110945743838558;6,32130917131569E-4;0;0,4599529544261325;0,09725053743473323;0,3910549197836172;0;0;0
70000;5,972;-32,0;-1;-1;4248;944;269;40414;16508;7448;224;89;246;0,05464669790571976;0;0;0,4822295690637715;0,10590911414032389;0,35721461889018485;0;0;0
71500;6,046;-33,0;-1;-1;4326;944;269;41061;16660;8071;224;89;246;0,04630443747443782;0;0;0,422889203977879;0,09835649104663624;0,432449867501047;0;0;0
73000;6,118;-27,0;-1;-1;4405;944;269;41709;16830;8674;224;89;246;0,042618236262767055;0;3,548022571863534E-4;0,4028195105099444;0,09170993264428219;0,46249751832582;0;0;0
74500;6,202;-36,0;-1;-1;4470;944;269;42316;16974;9358;224;89;246;0,0370570601549147;0;0;0,3906178378147515;0,09698158711599457;0,4753435149143391;0;0;0
76000;6,274;-35,0;-1;-1;4513;944;269;42903;17106;10096;224;89;246;0,03187738518884113;5,13399787642381E-4;0;0,3381650042906627;0,0932390040068866;0,5361142535183068;5,485474668230194E-5;0;3,6098460978211534E-5
78000;6,384;-39,0;-1;-1;4568;944;269;43528;17286;11236;224;89;246;0,029438715757725872;0;0;0,3148159721637568;0,08612182421474822;0,569623487863769;0;0;0
79500;6,459;-32,0;-1;-1;4623;944;269;43991;17426;12078;224;89;246;0,023988492657818;0;0;0,2619085482994721;0,0841831920561817;0,6299197669865282;0;0;0
81000;6,531;-32,0;-1;-1;4657;944;269;44402;17557;13002;224;89;246;0,022194675988440646;0;0;0,2577293471614567;0,07763150760363613;0,6424444692464665;0;0;0
82500;6,609;-33,0;-1;-1;4687;947;271;44802;17702;13939;226;93;249;0,024559985978314162;0;0;0,2805569559462493;0,08541599225497302;0,6094670658204635;0;0;0
84000;6,76;-31,0;-1;-1;4723;947;271;45177;17834;14896;226;93;249;0,024842596161698823;0;2,6457944300857457E-4;0,2814051091285639;0,08922281821980496;0,6042648970469238;0;0;0
85500;6,918;-35,0;-1;-1;4761;947;272;45595;17996;15777;226;93;249;0,029722800868172854;5,306857940669892E-4;3,2120257385430384E-4;0,34214433068235617;0;0,6272809800815498;0;0;0
87000;7,058;-23,0;-1;-1;4806;947;272;46140;17996;16687;226;93;249;0,03434515176789751;0;0;0,376463865939615;0;0,5890814028292664;6,568198365295984E-5;0;4,389747956809198E-5
88500;7,152;-32,0;-1;-1;4857;947;272;46684;17996;17592;226;93;249;0,03554336633596232;0;0;0,3855577860626362;0;0,5788988476014014;0;0;0
89500;7,197;-37,0;-1;-1;4895;947;272;47060;17996;18178;226;93;249;0,035408668293787124;0;0;0,3798557628665281;0;0,5847355688396848;0;0;0
90500;7,244;-37,0;-1;-1;4933;947;272;47436;17996;18764;226;93;249;0,03251823637031492;0;0;0,3450179474123718;0,12429601647034426;0,498167799746969;0;0;0
92000;7,314;-39,0;-1;-1;4976;947;272;47903;18199;19551;226;93;249;0,029616583107856243;0;3,491561110324932E-4;0,3192484848222822;0,12010472734609526;0,5306810486127339;0;0;0
93500;7,386;-36,0;-1;-1;5014;947;273;48400;18362;20352;226;93;249;0,03138143683784627;0;3,7516593946598716E-4;0,3373363694840714;0;0,6309070277386164;0;0;0
95000;7,506;-34,0;-1;-1;5073;947;274;48891;18362;21301;226;93;249;0,035127589850731375;6,156277971849634E-4;0;0,3282814399534958;0;0,635975342398588;0;0;0
96500;7,646;-31,0;-1;-1;5126;948;274;49373;18362;22265;226;93;249;0,03451614519435482;6,170785553523987E-4;0;0,32310760296441715;0;0,6417591732858756;0;0;0
98000;7,876;-36,0;-1;-1;5178;954;275;49865;18365;23227;231;97;251;0,03490272306097357;6,365681989981293E-4;0;0,3067242912687665;0;0,6576265120973676;6,509564013067821E-5;0;4,4809733763627886E-5
99500;8,029;-37,0;-1;-1;5241;955;275;50342;18365;24186;231;97;251;0,029764699095126176;0;0;0,2619912009296615;0,11356827966352173;0,5946758203116908;0;0;0
101000;8,103;-33,0;-1;-1;5293;955;275;50707;18531;25103;231;97;251;0,027446739980094885;0;3,170158303968998E-4;0,2443649107467222;0,10889124630189131;0,6189800871408948;0;0;0
102500;8,256;-33,0;-1;-1;5342;955;275;51095;18696;26001;231;97;251;0,03765151420446361;0;0;0,26119551131758273;0,11352964661304817;0,5876233278649055;0;0;0
104000;8,388;-36,0;-1;-1;5392;955;275;51497;18856;26889;231;97;251;0,03446284580795539;0;0;0,27808649502526633;0,11240580702666461;0,5750448521401138;0;0;0
105500;8,511;-32,0;-1;-1;5443;955;275;51934;19015;27742;231;97;251;0,04035497060700645;6,260140055270346E-4;0;0,2920650180832687;0,12338843765238838;0,5435655596518095;0;0;0
107000;8,649;-36,0;-1;-1;5506;955;275;52358;19203;28567;231;97;251;0,04200969667618217;0;0;0,30323042168819336;0,11940903125279663;0,5353508503828278;0;0;0
108500;8,785;-34,0;-1;-1;5551;955;275;52816;19385;29382;231;97;251;0,031399210093395094;0;0;0,30373957020873504;0,11755336856901975;0,54730785112885;0;0;0
110000;8,911;-28,0;-1;-1;5598;955;275;53260;19560;30216;231;97;251;0,030235244749917286;0;3,855620823844082E-4;0,2866288145419738;0,12030533151686806;0,5624450471088565;0;0;0
111500;9,064;-31,0;-1;-1;5649;955;276;53724;19713;31047;231;97;251;0,04025743469866554;0;5,21544719205234E-4;0;0,1651994176330698;0,7940216029490594;0;0;0
113000;9,186;-41,0;-1;-1;5699;955;276;53724;19956;32254;231;97;251;0,03810155253181489;0;0;0;0,1626001836633401;0,799298263804845;0;0;0
114000;9,298;-44,0;-1;-1;5735;956;278;53727;20133;33051;232;98;255;0,040418128098214;8,88676821860993E-4;0;0;0,16328828438563311;0,795404910694292;0;0;0
115500;9,411;-30,0;-1;-1;5788;957;278;53727;20377;34253;232;98;255;0,037284275057609687;8,333531814162204E-4;0;0;0,1634495059673017;0,7984328657936725;0;0;0
117000;9,475;-35,0;-1;-1;5852;958;278;53727;20616;35449;232;98;255;0,02742632503263839;0;0;0,2707451391477084;0,1196204720786196;0,5822080637410336;0;0;0
118500;9,544;-30,0;-1;-1;5890;958;278;54142;20772;36340;232;98;255;0,02624728814439798;0;3,665330354599805E-4;0,2598947926429573;0,11400860786415841;0,5994827783130263;0;0;0
120000;9,662;-33,0;-1;-1;5941;958;279;54519;20927;37256;232;98;255;0;0;3,4768893603929276E-4;0,24836528937443128;0,11300640579285626;0,6382806158966733;0;0;0
121500;9,801;-38,0;-1;-1;5941;958;280;54890;21099;38212;232;98;255;0;0;0;0,2597788115344808;0,11873695554746844;0,6214842329180508;0;0;0
122500;9,884;-37,0;-1;-1;5941;958;280;55146;21211;38844;232;98;255;0;6,064865734229268E-4;0;0,26670629339877516;0,12603650198183688;0,6066507180459649;0;0;0
124000;10,044;-41,0;-1;-1;5941;959;280;55551;21400;39749;232;98;255;0;6,479628988508912E-4;0;0,25638598938376106;0,1319676551706906;0,6109983925466974;0;0;0
125500;10,181;-41,0;-1;-1;5941;963;280;55953;21610;40633;232;98;255;0,029285261309538974;0;0;0,251677572492521;0,1368333076602972;0,5822038585376429;0;0;0
127000;10,33;-33,0;-1;-1;5987;963;280;56297;21827;41526;232;98;255;0,029816643142986043;0;4,299104445094885E-4;0,24587579151532066;0,13867624476147947;0,5852014101357044;0;0;0
128500;10,489;-33,0;-1;-1;6042;963;280;56684;22033;42378;232;98;255;0,03002474935892045;0;0;0,2604302597149209;0,13728707821283892;0,5722579127133198;0;0;0
130000;10,642;-33,0;-1;-1;6080;966;281;57059;22232;43279;234;104;260;0,026620757463395796;0;0;0,2482285299465376;0,13247159752961812;0,5926791150604485;0;0;0
131500;10,781;-28,0;-1;-1;6122;966;281;57434;22432;44162;234;104;260;0,026022106578414455;7,09782479513098E-4;0;0,231879694618823;0,1287096618306272;0,6126787544926222;0;0;0
133000;10,923;-26,0;-1;-1;6156;967;281;57772;22637;45084;234;104;260;0;7,22538498120921E-4;0;0,23302605784364916;0,1358568229314094;0,6303945807268205;0;0;0
134500;11,017;-37,0;-1;-1;6156;970;281;58083;22843;46064;234;104;260;0;0;0;0,23403700339379357;0,14043425250832264;0,6255287440978838;0;0;0
135500;11,064;-30,0;-1;-1;6156;970;281;58319;22979;46692;234;104;260;0;0;4,4425739974195E-4;0,23038293294458256;0,13625036040644048;0,632922449249235;0;0;0
137000;11,141;-40,0;-1;-1;6156;970;282;58649;23193;47647;234;104;260;0;0;4,252089547568012E-4;0,22555444303354172;0,13130424294873483;0,6427161050629666;0;0;0
138500;11,214;-40,0;-1;-1;6156;970;283;58960;23402;48626;234;104;260;0,020499546054288272;0;0;0,2137632404807881;0,12067508753278966;0,645062125932134;0;0;0
140000;11,285;-31,0;-1;-1;6186;970;283;59271;23592;49595;234;104;260;0,020262311490670013;6,537006363016317E-4;0;0,21263138825982048;0,11815932541051595;0,6482932742026919;0;0;0
141500;11,359;-35,0;-1;-1;6216;973;283;59577;23759;50589;234;104;260;0,021479730654448703;6,978861678608694E-4;0;0,23256540959991334;0;0,7452569735777771;0;0;0
143000;11,446;-36,0;-1;-1;6252;975;283;59928;23759;51700;234;104;260;0,020403273186108614;0;0;0,22492093330842208;0;0,7546757935054693;0;0;0
144000;11,491;-35,0;-1;-1;6273;975;283;60138;23759;52469;234;104;260;0,02021170254164354;0;4,077535399345163E-4;0,22195847711933517;0;0,7574220667990869;0;0;0
145500;11,569;-33,0;-1;-1;6309;979;285;60479;23764;53604;238;106;263;0,01825325575656751;0;3,705435833688036E-4;0,20179669945499995;0;0,7795795012050637;0;0;0
147000;11,64;-32,0;-1;-1;6332;979;286;60764;23764;54795;238;106;263;0,01611632238843727;0;0;0,17914831148255703;0,09918052995073914;0,7055548361782666;0;0;0
148500;11,715;-33,0;-1;-1;6348;979;286;61048;23885;55874;238;106;263;0,015337186455369018;5,163166791591964E-4;0;0,16890977386259245;0,0962701047353029;0,7189666182675764;0;0;0
150000;11,791;-37,0;-1;-1;6374;979;286;61286;24032;56963;238;106;263;0,015601978178871491;0;0;0,17107830948588207;0,09724100088358587;0,7160787114516607;0;0;0
151500;11,864;-37,0;-1;-1;6401;979;286;61545;24193;58016;238;106;263;0,015373106592926237;0;0;0,16743549262173876;0,09510650364626032;0,7220848971390748;0;0;0
153000;11,936;-38,0;-1;-1;6429;979;286;61781;24356;59089;238;106;263;0,01577398175988204;0;3,319190324325867E-4;0,17128229914977744;0,09689270386790401;0,715719096190004;0;0;0
154500;12,013;-38,0;-1;-1;6457;979;286;62038;24516;60144;238;106;263;0,014280490316527408;0;0;0,16020243085855912;0,09186072477553629;0,733656354049377;0;0;0
156000;12,091;-37,0;-1;-1;6471;979;286;62269;24674;61241;238;106;263;0,013682610394257649;0;0;0,15996555607515903;0,09173911437744349;0,73461271915314;0;0;0
157500;12,163;-37,0;-1;-1;6499;979;286;62519;24812;62325;238;106;263;0,013043027831287735;4,598762374461586E-4;0;0,15186723488776896;0,08926836319000055;0,7453614978534965;0;0;0
159000;12,236;-36,0;-1;-1;6511;979;286;62742;24933;63469;238;106;263;0,012555315423287665;0;0;0,14867473060115996;0,08749158727440118;0,7512783667011513;0;0;0
160500;12,306;-31,0;-1;-1;6533;979;286;62944;25069;64609;238;106;263;0,011954222144663934;0;0;0,14277590087987593;0,08938421563933154;0,7558856613361286;0;0;0
162000;12,382;-41,0;-1;-1;6558;982;289;63165;25204;65745;241;109;264;0,012462216770619606;0;2,394027332323566E-4;0,1308865409052353;0,08174044933597621;0,7746713902549365;0;0;0
163500;12,475;-38,0;-1;-1;6574;982;289;63364;25339;66895;241;109;264;0,013678240342079864;0;0;0,12667305279589536;0,08086226332360884;0,778786443538416;0;0;0
165000;12,547;-35,0;-1;-1;6598;982;289;63568;25450;68056;241;109;264;0,013444236705795157;0;0;0,12416236099571121;0,07917860239557276;0,7832147999029209;0;0;0
166500;12,621;-38,0;-1;-1;6621;982;289;63748;25568;69235;241;109;264;0,01376381075567939;0;0;0,12688788384565836;0,08278550907370832;0,776562796324954;0;0;0
168000;12,696;-33,0;-1;-1;6635;982;289;63925;25681;70431;241;109;264;0,012538762125261494;3,5975109492509725E-4;0;0,1206722153612971;0,07491317418296115;0,7915160972355553;0;0;0
169500;12,77;-22,0;-1;-1;6655;983;289;64118;25798;71600;241;109;264;0,013791640081135849;3,9778980045574374E-4;0;0;0,08195307200777124;0,9038574981106371;0;0;0
171000;12,842;-41,0;-1;-1;6670;983;289;64118;25917;72966;241;109;264;0,013324766300784944;0;0;0;0,07863755159586773;0,9080376821033473;0;0;0
172000;12,888;-36,0;-1;-1;6683;983;289;64118;25999;73871;241;109;264;0,012868192112415135;0;2,278273510139928E-4;0;0,07564872780233799;0,9112552527342329;0;0;0
173500;12,959;-33,0;-1;-1;6702;983;289;64118;26110;75241;241;109;264;0,01290194824695974;0;2,2972505335931625E-4;0;0,07546828338136778;0,911400043318313;0;0;0
175000;13,032;-33,0;-1;-1;6724;983;289;64118;26219;76610;241;109;264;0,011165599133968166;0;0;0,10916120741066594;0,06506775799418137;0,8146054354611845;0;0;0
176500;13,105;-32,0;-1;-1;6736;983;289;64283;26315;77837;241;109;264;0,011014343646602157;3,2567883852075563E-4;0;0,10720042011161607;0,06382929844107761;0,8176302589621834;0;0;0
178000;13,182;-37,0;-1;-1;6751;989;292;64450;26411;79070;243;112;266;0,012708205007647213;3,7544864858228566E-4;0;0;0,07331010424900498;0,9136062420947656;0;0;0
179500;13,255;-30,0;-1;-1;6770;990;292;64450;26517;80444;243;112;266;0,012790860149824997;0;0;0;0,07531611899479913;0,9118930208553759;0;0;0
180500;13,303;-36,0;-1;-1;6784;990;292;64450;26589;81358;243;112;266;0,012880272844991518;0;2,341177013626631E-4;0;0,07753638478062078;0,909349224673025;0;0;0
182000;13,375;-33,0;-1;-1;6794;990;292;64450;26706;82731;243;112;266;0,012145481463358287;0;2,2148337107689663E-4;0;0,07254519458457322;0,9150878405809917;0;0;0
183500;13,45;-31,0;-1;-1;6810;990;293;64450;26815;84105;243;112;266;0,010588878144206856;0;0;0,10442648546766987;0,0644964670969654;0,8204881692911579;0;0;0
185000;13,52;-36,0;-1;-1;6831;990;293;64593;26917;85339;243;112;266;0,010763633068117827;3,256382228654781E-4;0;0,10606466150267262;0,06695378766155183;0,8158922795447923;0;0;0
186500;13,589;-34,0;-1;-1;6844;991;293;64745;27004;86586;243;112;266;0,011798089881802783;3,5809488108817414E-4;0;0;0,07310512149084993;0,9147386937462592;0;0;0
188000;13,67;-41,0;-1;-1;6858;991;293;64745;27128;87948;243;112;266;0,010501129514912584;0;0;0;0,06946519610258493;0,9200336743825025;0;0;0
189000;13,719;-31,0;-1;-1;6869;991;293;64745;27202;88863;243;112;266;0,011572700348179529;0;1,917983834492613E-4;0;0,06783993254175968;0,9203955687266115;0;0;0
190500;13,835;-29,0;-1;-1;6896;991;294;64745;27295;90242;243;112;266;0,011389208472668895;0;1,8989873679217946E-4;0;0,06831097188162755;0,9201099209089113;0;0;0
192000;13,991;-40,0;-1;-1;6916;991;294;64745;27412;91605;243;112;266;0,010393373898073993;0;0;0,09245151408542732;0,06202998702505455;0,8351251249914441;0;0;0
193500;14,129;-36,0;-1;-1;6932;992;298;64892;27524;92849;246;115;267;0,01068465784991585;2,9581097707169956E-4;0;0,09479325352822178;0,06342050293222676;0,8308057747125639;0;0;0
195000;14,237;-35,0;-1;-1;6945;993;298;65032;27615;94104;246;115;267;0,01177431386474529;3,2709207344405007E-4;0;0;0,06863485136528912;0,9192637426965216;0;0;0
196500;14,304;-36,0;-1;-1;6959;993;298;65032;27728;95477;246;115;267;0,011530474134048715;0;0;0;0,07003170985236581;0,9184378160135854;0;0;0
197500;14,351;-40,0;-1;-1;6971;993;298;65032;27800;96393;246;115;267;0,011042245332664635;0;1,8721637383272764E-4;0;0,0684414964075219;0,9203290418859807;0;0;0
199000;14,42;-38,0;-1;-1;6987;993;300;65032;27889;97786;246;115;267;0,01015788664328589;0;1,7258617553375468E-4;0;0,06275765205687267;0,9269118751243076;0;0;0
200500;14,488;-26,0;-1;-1;6993;993;300;65032;27974;99195;246;115;267;0,009425306597506716;0;0;0,08241148190276637;0,05789392947599898;0,850269282023728;0;0;0
202000;14,556;-41,0;-1;-1;7008;993;300;65157;28065;100464;246;115;267;0,009446258905971474;2,673465794451849E-4;0;0,08246364571067667;0,059160672703821485;0,8486620761000851;0;0;0
203500;14,689;-38,0;-1;-1;7020;993;300;65288;28160;101726;246;115;267;0,009406110741972448;0;0;0,08189191093599282;0,05861588794055533;0,8500860903814794;0;0;0
205000;14,823;-32,0;-1;-1;7036;993;300;65414;28264;102980;246;115;267;0,009600057973420563;0;0;0,08178599603929396;0,05953943900010983;0,8490745069871757;0;0;0
206500;14,972;-36,0;-1;-1;7055;993;300;65544;28345;104250;246;115;267;0,010087385770513236;0;1,7520376069032873E-4;0,08587592592126368;0,06023416319416427;0,8436273213533684;0;0;0
208000;15,115;-41,0;-1;-1;7069;993;300;65663;28427;105535;246;115;267;0,010033602972881295;0;0;0,08629506423598503;0,05972313452845994;0,8439481982626738;0;0;0
209500;15,26;-32,0;-1;-1;7087;994;303;65818;28510;106792;248;120;271;0,010004789342012847;0;0;0,08687202257176545;0,05734086622824008;0,8457823218579816;0;0;0
211000;15,411;-35,0;-1;-1;7100;994;303;65951;28607;108049;248;120;271;0,01069257735706594;3,1173926803771594E-4;0;0,09259864476073573;0,060977658650192244;0,8354193799639683;0;0;0
212500;15,549;-36,0;-1;-1;7108;994;303;66097;28698;109304;248;120;271;0,010916309989631225;0;0;0,09224202739006213;0,06332922587170656;0,8335124367486001;0;0;0
214000;15,703;-41,0;-1;-1;7126;994;303;66250;28809;110522;248;120;271;0,011636292050953788;0;0;0,09925923446564518;0,06717070022023938;0,8219337732631616;0;0;0
215500;15,777;-39,0;-1;-1;7136;994;303;66399;28902;111770;248;120;271;0,01083969460479272;0;1,9253311269101464E-4;0,09316183501685084;0,0666504695717046;0,8291554676939608;0;0;0
217000;15,851;-33,0;-1;-1;7153;994;304;66545;28994;113014;248;120;271;0,011548160104726706;0;2,058833535108517E-4;0,10022135977103992;0;0,8880245967707225;0;0;0
218500;15,926;-41,0;-1;-1;7167;994;305;66702;28994;114342;248;120;271;0,0116586424846303;0;0;0,10086271781049319;0;0,8874786397048765;0;0;0
219500;15,975;-40,0;-1;-1;7176;994;305;66808;28994;115227;248;120;271;0,011357484294444248;0;0;0,10033358555595112;0;0,8883089301496045;0;0;0
220500;16,024;-41,0;-1;-1;7186;994;305;66900;28994;116125;248;120;271;0,011527888775933174;3,4564347546796255E-4;0;0,10170567322926251;0;0,8864207945193364;0;0;0
222000;16,095;-41,0;-1;-1;7200;994;305;67025;28994;117486;248;120;271;0,010457251628850514;3,148361036613886E-4;0;0,09207758963387892;0,06495214350230817;0,8321981791313011;0;0;0
223500;16,168;-38,0;-1;-1;7215;994;305;67185;29093;118712;248;120;271;0,010354773148673495;0;1,8801063701496835E-4;0,09091479769372976;0,06698783657027872;0,831554581950303;0;0;0
225000;16,246;-36,0;-1;-1;7233;999;308;67350;29180;119955;251;124;272;0,011261501650531884;0;2,0450528040662512E-4;0;0,07267645414789978;0,9158575389211617;0;0;0
226500;16,319;-33,0;-1;-1;7255;999;308;67350;29283;121330;251;124;272;0,010999688593913724;0;0;0;0,07239686628581275;0,9166034451202735;0;0;0
227500;16,367;-37,0;-1;-1;7260;999;308;67350;29351;122257;251;124;272;0,011125658524519287;0;0;0;0,07289160834682579;0,9159827331286549;0;0;0
228500;16,42;-27,0;-1;-1;7268;999;308;67350;29423;123177;251;124;272;0,010648352921807094;3,256276089835743E-4;0;0;0,06948705572613648;0,9195389637430729;0;0;0
230000;16,492;-38,0;-1;-1;7288;999;308;67350;29526;124554;251;124;272;0,009711676848574236;2,9869313855655023E-4;0;0,0863071896230953;0,0631720988308578;0,8405103415589161;0;0;0
231500;16,567;-34,0;-1;-1;7302;999;308;67484;29624;125808;251;124;272;0,009712039585297922;0;1,8004074185861985E-4;0,08709572445326481;0,06289257118821209;0,8401196240313665;0;0;0
233000;16,642;-32,0;-1;-1;7317;999;309;67599;29737;127064;251;124;272;0,01058692194829234;0;1,969104353923183E-4;0;0,06973839805279201;0,9194777695635233;0;0;0
234500;16,714;-38,0;-1;-1;7335;999;309;67599;29834;128449;251;124;272;0,010815854440473902;0;0;0;0,07261186585406466;0,9165722797054614;0;0;0
235500;16,761;-36,0;-1;-1;7350;999;309;67599;29896;129372;251;124;272;0,010634702436720635;0;0;0;0,07131305992438079;0,9180522376388985;0;0;0
236500;16,806;-37,0;-1;-1;7365;999;309;67599;29984;130269;251;124;272;0,010761287994522275;3,38617613148842E-4;0;0;0,07196261384991874;0,9169374805424102;0;0;0
238000;16,878;-40,0;-1;-1;7381;1001;309;67599;30098;131637;251;124;272;0,009978438117121468;3,1468533117710797E-4;0;0,09095870565887972;0,0663925713049541;0,8323555995878675;0;0;0
239500;16,957;-34,0;-1;-1;7396;1008;313;67754;30179;132899;253;129;276;0,010545383828565279;3,323116749905403E-4;1,996476187405383E-4;0,09697392868679713;0;0,8919487281909065;0;0;0
241000;17,03;-35,0;-1;-1;7417;1008;313;67897;30179;134235;253;129;276;0,0104632463228329;0;0;0,09832396532282699;0;0,8912127883543401;0;0;0
242000;17,078;-33,0;-1;-1;7429;1008;313;67976;30179;135144;253;129;276;0,010134338815159015;0;0;0,09520422295030233;0;0,8946614382345387;0;0;0
243000;17,124;-36,0;-1;-1;7444;1008;313;68067;30179;136038;253;129;276;0,010226055327069146;0;0;0,09602954818373009;0;0,8937443964892007;0;0;0
244000;17,171;-35,0;-1;-1;7451;1008;313;68173;30179;136925;253;129;276;0,009161897340883856;0;0;0,08675577566398741;0,061667525134272504;0,8424148018608563;0;0;0
245500;17,243;-35,0;-1;-1;7470;1008;313;68310;30277;138171;253;129;276;0,008819892694733612;2,837797035746616E-4;0;0,08342401526140256;0,05917405161775352;0,8482982607225357;0;0;0
247000;17,318;-33,0;-1;-1;7482;1008;313;68423;30370;139453;253;129;276;0,008744221023410593;0;1,6969266642431231E-4;0,0825591830569145;0,05840485175333869;0,8501220514999119;0;0;0
248500;17,39;-34,0;-1;-1;7507;1008;314;68558;30467;140695;253;129;276;0,00942082109899499;0;1,837966599722144E-4;0;0,06561892484873638;0,9247764573922964;0;0;0
250000;17,464;-31,0;-1;-1;7519;1008;314;68558;30560;142090;253;129;276;0,009382547795115556;0;0;0;0,06506256198456882;0,9255548902203156;0;0;0
251000;17,521;-36,0;-1;-1;7531;1008;314;68558;30626;143012;253;129;276;0,009480994819419808;0;0;0;0,0656019980586417;0,9249170071219386;0;0;0
252000;17,568;-33,0;-1;-1;7539;1008;314;68558;30676;143954;253;129;276;0,009401964451734014;0;0;0;0,06634151369516765;0,9242565218530984;0;0;0
253000;17,615;-37,0;-1;-1;7559;1012;315;68559;30745;144870;255;129;278;0,008653856332224381;2,8473693710766914E-4;0;0,08378291634680418;0,06103891056536139;0,8462395798185024;0;0;0
254500;17,688;-42,0;-1;-1;7584;1012;315;68686;30826;146137;255;129;278;0,0095191674316043;0;1,6924329112212382E-4;0,08234756962339936;0,05992683449015912;0,8480371851637151;0;0;0
256000;17,761;-33,0;-1;-1;7600;1012;315;68792;30918;147423;255;129;278;0,009544248136329628;0;0;0,08252906187871308;0,06250975719098587;0,8454169327939713;0;0;0
257500;17,831;-34,0;-1;-1;7612;1012;315;68918;31004;148699;255;129;278;0,009716953748913761;0;0;0,08381310278622288;0,06338102382581814;0,8430889196390452;0;0;0
259000;17,9;-38,0;-1;-1;7626;1012;315;69051;31095;149961;255;129;278;0,009857760018645498;0;0;0,08483046490264035;0,06407288439813744;0,8412388906805767;0;0;0
260500;17,97;-38,0;-1;-1;7643;1012;315;69177;31225;151188;255;129;278;0,01003734725722739;0;0;0,08629192821939922;0,06486046095081889;0,8388102635725545;0;0;0
262000;18,042;-40,0;-1;-1;7667;1012;315;69298;31331;152437;255;129;278;0,009732491794885959;0;0;0,08470892850795018;0,06546133258640342;0,8400972471107605;0;0;0
263500;18,115;-36,0;-1;-1;7682;1012;315;69419;31427;153705;255;129;278;0,010870962430985292;2,96189160669697E-4;1,7807882231401373E-4;0,08559023166615409;0,06524405467299169;0,8378204832468852;0;0;0
265000;18,19;-29,0;-1;-1;7703;1015;315;69550;31534;154943;255;129;278;0,010874451997120838;2,972849919637855E-4;0;0,0856003012259577;0,06507107524925274;0,838156886535705;0;0;0
266500;18,262;-34,0;-1;-1;7720;1015;315;69680;31641;156189;255;129;278;0,010991646295263533;0;0;0,08642332535226316;0,06551433759157718;0,8370706907608961;0;0;0
268000;18,333;-39,0;-1;-1;7736;1015;315;69824;31757;157413;255;129;278;0,011097983712450446;0;0;0,08806207040165641;0,06582234602328806;0,8350175998626052;0;0;0
269500;18,411;-42,0;-1;-1;7754;1016;318;69956;31856;158676;260;132;282;0,011217374406184378;0;0;0,08891729427080865;0,06632159575165872;0,8335437355713483;0;0;0
271000;18,483;-35,0;-1;-1;7767;1016;318;70068;31951;159956;260;132;282;0,011059561728523234;0;0;0,08756919678217176;0,06514282301253854;0,8362284184767664;0;0;0
272500;18,556;-36,0;-1;-1;7780;1016;318;70198;32067;161197;260;132;282;0,01123762783432704;3,139577460468281E-4;0;0,08859265991342515;0,06580308860789956;0,8340526658983014;0;0;0
274000;18,63;-22,0;-1;-1;7801;1016;318;70344;32175;162422;260;132;282;0,012234270365897026;0;1,855166307481532E-4;0,08755679633788035;0,06551895631064222;0,8345044603548323;0;0;0
275500;18,704;-35,0;-1;-1;7829;1016;318;70483;32257;163673;260;132;282;0,012134597340335297;0;0;0,08694490988589991;0,06502769610449266;0,8358927966692722;0;0;0
277000;18,777;-38,0;-1;-1;7842;1016;318;70613;32353;164934;260;132;282;0,011870818944273822;0;0;0,08675246587809886;0,0633347600612881;0,8380419551163393;0;0;0
278500;18,852;-36,0;-1;-1;7867;1016;318;70751;32447;166177;260;132;282;0,011868762355807317;0;0;0,08679257571136213;0,06326249567348859;0,838076166259342;0;0;0
280000;18,925;-38,0;-1;-1;7882;1016;318;70886;32540;167434;260;132;282;0,012024226510484385;0;0;0,08776726802026566;0,06387675405160229;0,8363317514176477;0;0;0
281500;18,998;-32,0;-1;-1;7904;1016;318;71006;32646;168686;260;132;282;0,011731507426475687;3,049168557560047E-4;0;0,08663404903077818;0,0673024175010755;0,8340271091859146;0;0;0
283000;19,072;-37,0;-1;-1;7912;1018;318;71143;32736;169949;260;132;282;0,012733603019424071;3,312559871395215E-4;0;0;0,072685644981459;0,9142494960119775;0;0;0
284500;19,144;-37,0;-1;-1;7934;1020;318;71143;32845;171316;260;132;282;0,012638706563206845;0;0;0;0,07193263094852174;0,9154286624882715;0;0;0
285500;19,193;-35,0;-1;-1;7950;1020;322;71144;32918;172231;263;133;283;0,013970259637621546;0;1,9791415276655265E-4;0;0,07156196460320131;0,9142698616064105;0;0;0
287000;19,267;-29,0;-1;-1;7972;1020;323;71144;33023;173603;263;133;283;0,013813541175171128;0;1,966107892175235E-4;0;0,07203653780207517;0,9139533102335362;0;0;0
288500;19,341;-36,0;-1;-1;7996;1020;323;71144;33146;174956;263;133;283;0,013921469543660124;0;0;0,08519746059529053;0,06536662099014394;0,8355144488709054;0;0;0
290000;19,414;-38,0;-1;-1;8017;1020;323;71283;33238;176204;263;133;283;0,015539463487416624;3,065998667320804E-4;0;0,08609293666880277;0,06598470152240235;0,8320762984546463;0;0;0
291500;19,491;-25,0;-1;-1;8041;1021;323;71401;33352;177447;263;133;283;0,01662767859758949;3,3007110140545514E-4;0;0,0922422371336397;0;0,8908000131673653;0;0;0
293000;19,563;-34,0;-1;-1;8067;1021;323;71551;33352;178771;263;133;283;0,016698260492819385;0;0;0,09266533075199695;0;0,8906364087551837;0;0;0
294000;19,608;-31,0;-1;-1;8081;1021;323;71631;33352;179677;263;133;283;0,016579621453158333;0;1,9915330737823317E-4;0,09201907713785089;0;0,8912021481016126;0;0;0
295500;19,679;-34,0;-1;-1;8104;1021;323;71758;33352;181027;263;133;283;0,016735013643904322;0;2,0226486766047037E-4;0,09292582649925045;0;0,8901368949891848;0;0;0
297000;19,752;-37,0;-1;-1;8122;1021;325;71914;33352;182351;263;133;283;0,015413236667283696;0;0;0,08540218053727021;0,06662720948872905;0,832557373306717;0;0;0
298500;19,823;-34,0;-1;-1;8147;1021;325;72054;33434;183604;263;133;283;0,015112502605922977;3,089047087865799E-4;0;0,08474284920957667;0,06535818507730169;0,8344775583984121;0;0;0
300000;19,9;-30,0;-1;-1;8166;1021;325;72173;33521;184879;263;133;283;0,014799103392272434;0;0;0,08296257439354325;0,06388191664991075;0,8383564055642736;0;0;0
301500;19,977;-36,0;-1;-1;8196;1024;335;72303;33623;186134;267;134;288;0,014795746112687634;0;0;0,08311790805908799;0,06384694108212713;0,8382394047460973;0;0;0
303000;20,046;-38,0;-1;-1;8217;1024;335;72453;33709;187377;267;134;288;0,014960027507988598;0;1,8313331853536978E-4;0,08398787547790941;0,06449765128826018;0,8363713124073064;0;0;0
304500;20,119;-33,0;-1;-1;8238;1024;335;72592;33808;188618;267;134;288;0,014570606448911706;0;0;0,08355655758841003;0,0626614601309098;0,8392113758317684;0;0;0
306000;20,188;-32,0;-1;-1;8261;1024;335;72734;33912;189849;267;134;288;0,014399809090766921;0;0;0,0834835957017688;0,06308215290971232;0,839034442297752;0;0;0
307500;20,26;-42,0;-1;-1;8278;1024;335;72867;34016;191095;267;134;288;0,015283984459810433;2,932170610746355E-4;0;0,08125949875016084;0,061827805229972575;0,8413354944989816;0;0;0
309000;20,331;-33,0;-1;-1;8304;1025;335;72992;34106;192353;267;134;288;0,016573216622880506;3,1987757116020994E-4;0;0;0,06702256037281423;0,9160843454331451;0;0;0
310500;20,399;-35,0;-1;-1;8325;1025;335;72992;34187;193751;267;134;288;0,016562541841655943;0;0;0;0,06691694643264527;0,9165205117256987;0;0;0
311500;20,442;-37,0;-1;-1;8342;1025;335;72992;34253;194668;267;134;288;0,016684806403405486;0;1,9173736453488523E-4;0;0,06736617956376602;0,9157572766682935;0;0;0
313000;20,512;-35,0;-1;-1;8362;1025;335;72992;34363;196038;267;134;288;0,016745856577573378;0;1,9346161214727373E-4;0;0,06739536090798436;0,915665320902295;0;0;0
314500;20,581;-38,0;-1;-1;8400;1025;335;72992;34455;197408;267;134;288;0,015420746314419665;0;0;0,08401468080219339;0,06224089730515306;0,8383236755782338;0;0;0
316000;20,651;-40,0;-1;-1;8429;1025;335;73123;34552;198651;267;134;288;0,01662122992001958;3,016691140279558E-4;0;0,08258988817756553;0,0623091611047158;0,8381780516836711;0;0;0
317500;20,725;-33,0;-1;-1;8463;1027;337;73256;34645;199907;269;140;293;0,01754882058248479;3,2086248719763075E-4;0;0,0893802284962686;0;0,892750088434049;0;0;0
319000;20,796;-35,0;-1;-1;8484;1028;337;73407;34645;201234;269;140;293;0,01738789838197126;0;0;0,08845897007028856;0;0,8941531315477402;0;0;0
320000;20,841;-32,0;-1;-1;8495;1028;337;73491;34645;202139;269;140;293;0,017268218984287546;0;1,8749791809107437E-4;0,08873697970795401;0;0,8938073033896674;0;0;0
321500;20,908;-39,0;-1;-1;8517;1028;337;73634;34645;203474;269;140;293;0,017337188003174957;0;1,8931256530905496E-4;0,08905345701637662;0;0,8934200424151393;0;0;0
323000;20,979;-32,0;-1;-1;8548;1028;338;73762;34645;204814;269;140;293;0,01616227811668751;0;0;0,08412502155845572;0,061927688662124475;0,8377850116627323;0;0;0
324500;21,047;-38,0;-1;-1;8575;1028;338;73885;34740;206069;269;140;293;0,016005577193257344;3,0088870550349685E-4;0;0,08342415448157683;0,06128434212085775;0,8389850374988046;0;0;0
326000;21,117;-36,0;-1;-1;8600;1029;338;74019;34831;207318;269;140;293;0,018840658551971003;3,249783637833873E-4;0;0;0,06578187220315014;0,9150524908810955;0;0;0
327500;21,189;-32,0;-1;-1;8632;1029;338;74019;34943;208674;269;140;293;0,01883266064587192;0;0;0;0,067032191691999;0,9141351476621291;0;0;0
328500;21,238;-34,0;-1;-1;8645;1029;338;74019;35001;209603;269;140;293;0,0189609426751102;0;1,948922279677297E-4;0;0,06741672124403801;0,9134274438528841;0;0;0
330000;21,322;-40,0;-1;-1;8661;1029;339;74019;35103;210984;269;140;293;0,01910860238011872;0;1,9702606377519467E-4;0;0,06769842853979965;0,9129959430163065;0;0;0
331500;21,394;-35,0;-1;-1;8696;1029;339;74019;35213;212339;269;140;293;0,017264542101630913;0;0;0,08409642495774183;0,06241455857159069;0,8362244743690366;0;0;0
333000;21,469;-37,0;-1;-1;8725;1036;342;74143;35309;213602;272;145;297;0,017370649599104993;3,077599674971141E-4;0;0,08478063044388286;0,06280325182610605;0,834737708163409;0;0;0
334500;21,544;-18,0;-1;-1;8741;1036;342;74262;35405;214871;272;145;297;0,017538765762770324;0;0;0,08641047174846539;0,0631944144557683;0,8328563480329959;0;0;0
336000;21,615;-35,0;-1;-1;8753;1036;342;74391;35512;216123;272;145;297;0,01705307802139632;0;0;0,08382018389114114;0,06358902327874368;0,8355377148087189;0;0;0
337500;21,688;-32,0;-1;-1;8779;1036;342;74517;35632;217351;272;145;297;0,018592481626612454;0;1,800347220375043E-4;0,08460472366610328;0,06307538875911821;0,8335473712261285;0;0;0
339000;21,772;-28,0;-1;-1;8816;1036;342;74676;35728;218559;272;145;297;0,01858247349186307;0;0;0,08571060914603554;0,06317745256688008;0,8325294647952214;0;0;0
340500;21,842;-32,0;-1;-1;8849;1036;342;74841;35810;219779;272;145;297;0,018243711622526543;0;0;0,08514636439626272;0,06337118684640315;0,8332387371348075;0;0;0
342000;21,913;-36,0;-1;-1;8878;1036;342;74979;35918;221004;272;145;297;0,018285124502128373;3,084423740005882E-4;0;0,08545162029148798;0,06345267291302285;0,8325021399193603;0;0;0
343500;21,986;-38,0;-1;-1;8897;1036;342;75111;36040;222231;272;145;297;0,01810907145393303;0;0;0,08456844524541075;0,06381230506911496;0,8335101782315413;0;0;0
345000;22,058;-39,0;-1;-1;8918;1036;342;75243;36142;223476;272;145;297;0,018290393560631238;0;0;0,08539599524107337;0,06430850279036635;0,8320051084079291;0;0;0
346500;22,129;-30,0;-1;-1;8953;1036;342;75368;36237;224721;272;145;297;0,017736339073419965;0;1,7976055769569187E-4;0,08397548005741495;0,0636828949008236;0,8344255254106459;0;0;0
348000;22,203;-40,0;-1;-1;8976;1036;342;75506;36333;225964;272;145;297;0,017692430364760977;0;0;0,0837583613063976;0,06342717570803005;0,8351220326208114;0;0;0
349500;22,294;-37,0;-1;-1;8998;1038;348;75641;36436;227215;276;150;299;0,017448570680384745;0;0;0,08434600473667668;0,06362352071488743;0,8345819038680512;0;0;0
351000;22,366;-36,0;-1;-1;9021;1038;348;75752;36524;228493;276;150;299;0,017334037796348456;0;0;0,0838570841182698;0,06435946980648065;0,834449408278901;0;0;0
352500;22,437;-23,0;-1;-1;9047;1038;348;75877;36619;229747;276;150;299;0,017152351694105717;3,0178996205470994E-4;0;0,08396130659389928;0,06611156501680328;0,8324729867331371;0;0;0
354000;22,512;-29,0;-1;-1;9066;1038;348;76003;36715;231006;276;150;299;0,01698724922016227;0;0;0,08484707711742667;0,06531486784984848;0,8328508058125627;0;0;0
355500;22,582;-37,0;-1;-1;9095;1038;348;76131;36819;232245;276;150;299;0,017027233443361545;0;0;0,0852063850534031;0,0654430121714918;0,8323233693317436;0;0;0
357000;22,654;-32,0;-1;-1;9121;1038;348;76251;36918;233500;276;150;299;0,018192700727460896;0;8,460232353272609E-4;0,08441102515369328;0,06400984474092318;0,8325404061425954;0;0;0
358500;22,728;-39,0;-1;-1;9144;1038;349;76370;37027;234748;276;150;299;0,019563261149011;0;9,136437068231482E-4;0;0,06868020774038397;0,9108428874037819;0;0;0
360000;22,799;-33,0;-1;-1;9170;1038;352;76370;37136;236110;276;150;299;0,019124146468406687;0;0;0;0,06702475265071332;0,91385110088088;0;0;0
361000;22,846;-35,0;-1;-1;9190;1038;352;76370;37210;237016;276;150;299;0,018981321905447407;0;0;0;0,06904103190014936;0,9119776461944032;0;0;0
362000;22,894;-28,0;-1;-1;9211;1038;352;76370;37271;237934;276;150;299;0,018727264896443132;0;0;0;0,06816253433169504;0,9131102007718618;0;0;0
363000;22,939;-33,0;-1;-1;9231;1038;352;76370;37338;238847;276;150;299;0,017227890760965474;2,911174562956925E-4;0;0,08163781903437659;0,06270643015843139;0,8381367425899309;0;0;0
364500;23,014;-36,0;-1;-1;9256;1045;353;76490;37436;240113;277;154;304;0,018193632271368696;3,076769457426491E-4;8,682738616090039E-4;0,08720428626615902;0;0,8934261306551207;0;0;0
366000;23,091;-38,0;-1;-1;9288;1045;355;76625;37436;241444;277;154;304;0,01831786012941909;0;8,782594872512345E-4;0,08800380521400336;0;0,8928000751693264;0;0;0
367500;23,165;-36,0;-1;-1;9323;1045;355;76753;37436;242781;277;154;304;0,018240827622243508;0;0;0,08883390324252022;0;0,8929252691352363;0;0;0
368500;23,215;-36,0;-1;-1;9345;1045;355;76839;37436;243673;277;154;304;0,0197074426392185;0;0;0,0891808836952136;0;0,8911116736655679;0;0;0
369500;23,261;-38,0;-1;-1;9363;1045;355;76929;37436;244565;277;154;304;0,018559488551468186;0;0;0,08402319463730273;0,06354526897673149;0,8338720478344976;0;0;0
371000;23,345;-38,0;-1;-1;9390;1045;355;77058;37520;245825;277;154;304;0,019835653795704254;2,9302201394753935E-4;0;0,08354866592640434;0,062488229090385;0,8338344291735589;0;0;0
372500;23,42;-36,0;-1;-1;9410;1046;355;77164;37624;247094;277;154;304;0,021486090320147044;3,187860137499149E-4;8,967392935431179E-4;0;0,06877429445645958;0,9085240899161003;0;0;0
374000;23,496;-35,0;-1;-1;9449;1046;358;77164;37741;248435;277;154;304;0,021247955611079002;0;8,91238157802589E-4;0;0,06936849517966792;0,9084923110514506;0;0;0
375500;23,568;-32,0;-1;-1;9478;1046;358;77164;37841;249806;277;154;304;0,021177262245369206;0;0;0;0,06911314425021868;0,9097095935044122;0;0;0
376500;23,613;-33,0;-1;-1;9497;1046;358;77164;37911;250717;277;154;304;0,021289924406933863;0;0;0;0,06945357116884643;0,9092565044242197;0;0;0
377500;23,657;-27,0;-1;-1;9517;1046;358;77164;37986;251622;277;154;304;0,01935957970701717;0;0;0,083643091322904;0,06547364635937535;0,8315236826107035;0;0;0
379000;23,734;-39,0;-1;-1;9546;1049;361;77295;38084;252874;281;156;306;0,019354483983114765;2,9640681225377334E-4;0;0,08375275759270642;0,06664814139793232;0,8299482102139927;0;0;0
380500;23,811;-32,0;-1;-1;9577;1049;361;77425;38184;254113;281;156;306;0,01922457433972977;0;8,28451251428958E-4;0,08336920721274961;0,0662216266642095;0,8303561405318822;0;0;0
382000;23,887;-38,0;-1;-1;9604;1049;362;77534;38297;255363;281;156;306;0,020581972729934464;0;8,915024099753319E-4;0,08943179940058353;0;0,8890947254595066;0;0;0
383500;23,959;-34,0;-1;-1;9638;1049;366;77673;38297;256686;281;156;306;0,023752220443993763;0;0;0,08981458234749615;0;0,88643319720851;0;0;0
384500;24,005;-37,0;-1;-1;9671;1049;366;77757;38297;257569;281;156;306;0,023755146687242407;0;0;0,09021082625156812;0;0,8860340270611895;0;0;0
385500;24,051;-31,0;-1;-1;9704;1049;366;77841;38297;258452;281;156;306;0,023560698038330753;0;0;0,08985407873672863;0;0,8865852232249407;0;0;0
386500;24,097;-33,0;-1;-1;9721;1049;366;77927;38297;259349;281;156;306;0,02207613089454091;3,001731944591589E-4;0;0,08422784641227994;0,06631690552926854;0,8270789439694515;0;0;0
388000;24,171;-37,0;-1;-1;9749;1049;366;78047;38397;260601;281;156;306;0,022151813852204997;0;8,396708429958898E-4;0,08464990337595313;0,06651201499752057;0,8258465969313253;0;0;0
389500;24,247;-39,0;-1;-1;9775;1049;368;78169;38490;261858;281;156;306;0,12713078680510748;0;0,004836532305149383;0,4864251043385216;0,3816075765512216;0;0;0;0
391000;24,317;-27,0;-1;-1;9962;1049;380;78885;39075;261858;281;156;306;0,12313849861347814;0;0;0,4925871524040162;0,3842743489825058;0;0;0;0
392000;24,362;-29,0;-1;-1;10084;1049;380;79361;39477;261858;281;156;306;0,12111527034622431;0;0;0,49390099390480474;0,384983735748971;0;0;0;0
393000;24,412;-32,0;-1;-1;10226;1052;382;79863;39837;261860;286;158;308;0,11706421536456046;0;0;0,48835372266147553;0,394582061973964;0;0;0;0
394000;24,457;-32,0;-1;-1;10333;1052;382;80332;40261;261860;286;158;308;0,019880654550356827;0;0;0,08342563539958858;0,06668471856429105;0,8300089914857636;0;0;0
395500;24,528;-41,0;-1;-1;10355;1052;382;80463;40378;263090;286;158;308;0,019927482015933355;3,120920620498653E-4;8,451429608627455E-4;0,08360969182170638;0,06662234875989695;0,8286832423795506;0;0;0
397000;24,603;-44,0;-1;-1;10389;1053;382;80577;40491;264328;286;158;308;0,019997308121003424;3,153903792852089E-4;0;0,08413734208763321;0,06683726800614441;0,8287126914059337;0;0;0
398500;24,679;-44,0;-1;-1;10419;1054;382;80676;40599;265590;286;158;308;0,022048590425843978;0;0;0;0,07365335285471149;0,9042980567194445;0;0;0
399500;24,726;-44,0;-1;-1;10451;1054;382;80676;40670;266487;286;158;308;0,022130229751932254;0;0;0;0,07410839709922674;0,903761373148841;0;0;0
400500;24,772;-27,0;-1;-1;10477;1054;382;80676;40769;267362;286;158;308;0,023693408271255382;0;0;0;0,07332237141325715;0,9029842203154874;0;0;0
401500;24,819;-35,0;-1;-1;10502;1054;382;80676;40833;268273;286;158;308;0,025512267581028175;0;0;0;0,07320325508404951;0,9012844773349223;0;0;0
402500;24,869;-39,0;-1;-1;10523;1054;382;80676;40925;269160;286;158;308;0,023324895926565167;3,249188075909057E-4;8,809411243429885E-4;0,0862499936031302;0,06682335840104595;0,8223958921373248;0;0;0
404000;24,946;-35,0;-1;-1;10562;1054;382;80808;41030;270384;286;158;308;0,023043797509721797;0;0;0,08551865243029173;0,06729369303407207;0,8241438570259143;0;0;0
405500;25,018;-28,0;-1;-1;10601;1054;382;80942;41126;271615;286;158;308;0,022804355359925435;0;0;0,08490871174000338;0,06792152947884582;0,8243654034212253;0;0;0
407000;25,096;-36,0;-1;-1;10639;1057;386;81090;41238;272830;288;160;316;0,022810249547642818;0;0;0,08515252417792253;0,06800494928243166;0,824032276992003;0;0;0
408500;25,168;-36,0;-1;-1;10672;1057;386;81225;41332;274068;288;160;316;0,022279850640917913;0;0;0,08333168150474368;0,06765526745984803;0,8267332003944904;0;0;0
410000;25,242;-40,0;-1;-1;10714;1057;386;81347;41421;275315;288;160;316;0,02403030805005414;0;0;0,08359623824598009;0,06790630462698018;0,8244671490769856;0;0;0
411500;25,316;-39,0;-1;-1;10744;1057;386;81482;41507;276564;288;160;316;0,023849093886637668;3,2356428347412084E-4;0;0,08477158956923457;0,06745180568069035;0,8236039465799632;0;0;0
413000;25,389;-40,0;-1;-1;10780;1057;386;81620;41602;277795;288;160;316;0,02394126512366248;0;8,840082592699986E-4;0,08532099038504384;0,06782170923907886;0,8220320269929449;0;0;0
414500;25,465;-33,0;-1;-1;10817;1057;387;81745;41700;279034;288;160;316;0,025874647838302952;0;9,618286787720211E-4;0;0,07469257148968056;0,8984709519932446;0;0;0
416000;25,538;-34,0;-1;-1;10856;1057;389;81745;41794;280399;288;160;316;0,02573351348896402;0;0;0;0,07444621204256818;0,8998202744684678;0;0;0
417000;25,585;-31,0;-1;-1;10883;1057;389;81745;41870;281296;288;160;316;0,027282474449509767;0;0;0;0,07594875711127629;0,8967687684392139;0;0;0
418000;25,634;-38,0;-1;-1;10911;1057;389;81745;41947;282191;288;160;316;0,027250265140067745;0;0;0;0,07593420357068745;0,8968155312892448;0;0;0
419000;25,681;-27,0;-1;-1;10943;1057;389;81745;42020;283086;288;160;316;0,024763559961362504;0;0;0,08447047978448813;0,06916473501944088;0,8216012252347085;0;0;0
420500;25,755;-37,0;-1;-1;10977;1057;389;81896;42122;284299;288;160;316;0,024657115291169613;3,2764264413456595E-4;8,796621377994392E-4;0,08508170944204052;0,07011315556867603;0,8189407149161798;0;0;0
422000;25,835;-35,0;-1;-1;11022;1066;394;82017;42251;285510;289;162;319;0;3,332633891259266E-4;8,94369000647203E-4;0,08746265745826189;0,07366285184801967;0,8376468583039453;0;0;0
423500;25,91;-34,0;-1;-1;11022;1066;397;82158;42372;286745;289;162;319;0;0;0;0,08742859550866024;0,07345409625686747;0,8391173082344724;0;0;0
424500;25,957;-34,0;-1;-1;11022;1066;397;82244;42434;287597;289;162;319;0;0;0;0,08795486933049045;0,0738355646047282;0,8382095660647813;0;0;0
425500;26,005;-36,0;-1;-1;11022;1066;397;82323;42485;288467;289;162;319;0;0;0;0,08693033956366923;0,07295295232507894;0,8401167081112518;0;0;0
426500;26,053;-38,0;-1;-1;11022;1066;397;82409;42551;289315;289;162;319;0,024680157700693928;0;0;0,08505587808055935;0,07129352138307463;0,818970442835672;0;0;0
428000;26,128;-32,0;-1;-1;11056;1066;397;82529;42656;290556;289;162;319;0,024371928471699573;3,277562997404666E-4;8,751782253755993E-4;0,0842038601653198;0,07042015137024789;0,8198011254676167;0;0;0
429500;26,202;-33,0;-1;-1;11092;1066;397;82652;42772;291781;289;162;319;0,02450034903436687;0;0;0,08489423073047578;0,07080458296285608;0,8198008372723012;0;0;0
431000;26,274;-31,0;-1;-1;11130;1066;397;82795;42876;292996;289;162;319;0,026198300170972893;0;0;0,08469342786472958;0,07053671819895042;0,8185715537653472;0;0;0
432500;26,348;-36,0;-1;-1;11161;1066;397;82938;42980;294218;289;162;319;0,02622435707568063;0;0;0,08489626486494763;0,07061680940285654;0,8182625686565153;0;0;0
434000;26,42;-33,0;-1;-1;11201;1066;397;83062;43080;295454;289;162;319;0,026008984856245223;0;0;0,08624421453366231;0,07139247754687691;0,8163543230632156;0;0;0
435500;26,495;-37,0;-1;-1;11242;1066;397;83189;43183;296683;289;162;319;0,025992695599132507;0;0;0,08653672203807297;0,071493922241987;0,8159766601208075;0;0;0
437000;26,571;-38,0;-1;-1;11285;1068;398;83325;43303;297898;291;163;322;0,025609908002874632;3,368762397916522E-4;8,9916694535049E-4;0,08559272041831173;0,07174537115138375;0,8158159572422876;0;0;0
438500;26,649;-41,0;-1;-1;11314;1068;400;83435;43395;299165;291;163;322;0,025724082292966386;0;9,063712224296461E-4;0,08698888462185764;0,07207840034662184;0,8143022615161245;0;0;0
440000;26,724;-41,0;-1;-1;11351;1068;402;83555;43506;300395;291;163;322;0,027900681302519333;0;0;0,0946486783907519;0;0,8774506403067288;0;0;0
441000;26,772;-32,0;-1;-1;11376;1068;402;83640;43506;301285;291;163;322;0,0276214552652457;0;0;0,09391045635822616;0;0,8784680883765282;0;0;0
442000;26,819;-28,0;-1;-1;11402;1068;402;83739;43506;302160;291;163;322;0,02749363591934487;0;0;0,09362790529165885;0;0,8788784587889963;0;0;0
443000;26,865;-35,0;-1;-1;11428;1068;402;83833;43506;303040;291;163;322;0,02749537343839307;0;0;0,09475494726866061;0;0,8777496792929463;0;0;0
444000;26,913;-35,0;-1;-1;11461;1068;402;83926;43506;303914;291;163;322;0,02552714697498643;0;9,259381244060521E-4;0,0882812179630322;0,07324623025549246;0,8120194666820828;0;0;0
445500;26,988;-34,0;-1;-1;11497;1068;403;84051;43615;305143;291;163;322;0,02734624762475584;3,7709267418285016E-4;9,982214368589788E-4;0,09577509227302965;0;0,8755033459911726;0;0;0
447000;27,064;-34,0;-1;-1;11546;1069;403;84206;43615;306438;291;163;322;0,026868948633410942;3,740812942800062E-4;0;0,0945114271079864;0;0,8782455429643226;0;0;0
448500;27,136;-32,0;-1;-1;11583;1071;403;84343;43615;307762;291;163;322;0,026633786515636887;0;0;0,09487431560895694;0;0,8784918978754062;0;0;0
449500;27,185;-36,0;-1;-1;11608;1071;403;84444;43615;308636;291;163;322;0,02642306433943601;0;0;0,09422165120961153;0;0,8793552844509525;0;0;0
450500;27,236;-37,0;-1;-1;11640;1074;405;84548;43618;309506;294;166;327;0,02558472265785258;0;0;0,0923862081633126;0;0,8820290691788347;0;0;0
451500;27,285;-37,0;-1;-1;11658;1074;405;84637;43618;310399;294;166;327;0,023565855877844755;0;8,875340354125086E-4;0,08596136690041829;0,06990663132967495;0,8196786118566495;0;0;0
453000;27,362;-33,0;-1;-1;11690;1074;408;84770;43712;311637;294;166;327;0,025697030615719884;3,677117701319331E-4;9,700694354689979E-4;0;0,0762664330403927;0,8966987551382866;0;0;0
454500;27,437;-36,0;-1;-1;11723;1074;410;84770;43820;312994;294;166;327;0,025858737029431363;0;0;0;0,07676694015798192;0,8973743228125867;0;0;0
455500;27,485;-38,0;-1;-1;11749;1074;410;84770;43913;313875;294;166;327;0,025890665024575744;0;0;0;0,07682710829408851;0,8972822266813358;0;0;0
456500;27,534;-32,0;-1;-1;11779;1074;410;84770;43982;314776;294;166;327;0,025764188376237174;0;0;0;0,0779070610643963;0,8963287505593667;0;0;0
457500;27,581;-35,0;-1;-1;11808;1074;410;84770;44063;315666;294;166;327;0,023481823338748282;0;0;0,08793700699536038;0,07226967587331155;0,8163114937925797;0;0;0
459000;27,655;-33,0;-1;-1;11847;1074;410;84913;44180;316867;294;166;327;0,023292416592650255;0;9,069426338581348E-4;0,08747681832407657;0,07294033170889555;0,8153834907405195;0;0;0
460500;27,729;-29,0;-1;-1;11888;1074;413;85048;44295;318073;294;166;327;0,02548230720754806;3,8091296688217633E-4;9,964148928904566E-4;0;0,07989017526751489;0,8932501896651645;0;0;0
462000;27,805;-33,0;-1;-1;11932;1074;415;85048;44413;319409;294;166;327;0,026961267156260526;0;0;0;0,07884805793643132;0,8941906749073082;0;0;0
463000;27,852;-33,0;-1;-1;11966;1074;415;85048;44502;320286;294;166;327;0,026607623068844455;0;0;0;0,07793164186621637;0,8954607350649392;0;0;0
464000;27,902;-36,0;-1;-1;11996;1076;420;85050;44563;321204;296;166;329;0,02660278091724523;0;0;0;0,07807794272929539;0,8953192763534594;0;0;0
465000;27,95;-32,0;-1;-1;12024;1076;420;85050;44639;322100;296;166;329;0,024140116435171166;0;0;0,08704915614902735;0,0709122877949281;0,8178984396208734;0;0;0
466500;28,023;-37,0;-1;-1;12064;1076;420;85187;44747;323315;296;166;329;0,024098898965844783;0;9,011441848564689E-4;0,08715725749479773;0,07088271829566434;0,8169599810588367;0;0;0
468000;28,095;-33,0;-1;-1;12104;1076;420;85326;44860;324523;296;166;329;0,02395947094569149;0;0;0,08860662146684861;0,07172932500658238;0,8157045825808774;0;0;0
469500;28,168;-35,0;-1;-1;12142;1076;420;85462;44972;325737;296;166;329;0,02361406949307271;3,462991947485248E-4;0;0,08756491607727297;0,0719276093349839;0,8165471058999219;0;0;0
471000;28,24;-36,0;-1;-1;12175;1076;420;85607;45060;326971;296;166;329;0,023713435884386767;0;0;0,08803760320779777;0,07231111517626575;0,8159378457315498;0;0;0
472500;28,313;-36,0;-1;-1;12217;1076;420;85746;45179;328171;296;166;329;0,023418162746396482;0;0;0,0872340731002063;0,07267600022780535;0,8166717639255919;0;0;0
474000;28,386;-37,0;-1;-1;12255;1076;420;85870;45290;329398;296;166;329;0,024871952722373122;0;0;0,08752306105346895;0,07188299093256593;0,8157219952915921;0;0;0
475500;28,457;-34,0;-1;-1;12295;1076;420;86004;45378;330636;296;166;329;0,02457243412773927;0;8,99048860656417E-4;0,08839392857137947;0,07116434091517528;0,8149702475250495;0;0;0
477000;28,532;-38,0;-1;-1;12328;1076;420;86145;45494;331846;296;166;329;0,024372652474184936;0;0;0,08777659945778597;0,07052908234274027;0,8173216657252889;0;0;0
478500;28,603;-35,0;-1;-1;12367;1076;420;86256;45594;333096;296;166;329;0,02377154890623253;0;0;0,08590662183841273;0,07116006176044355;0,8191617674949111;0;0;0
480000;28,68;-38,0;-1;-1;12409;1081;422;86381;45696;334339;300;169;332;0,024952492347677678;0;0;0,08454884426708528;0,0710631766853149;0,8194354866999223;0;0;0
481500;28,753;-25,0;-1;-1;12441;1081;422;86512;45800;335572;300;169;332;0,024571015425702815;3,327471672781887E-4;0;0,08338855091678166;0,07110257457643616;0,8206051119138013;0;0;0
483000;28,827;-35,0;-1;-1;12476;1081;422;86635;45901;336813;300;169;332;0,02455229829609403;0;0;0,08354323964242227;0,07112156774603604;0,8207828943154476;0;0;0
484500;28,903;-29,0;-1;-1;12519;1081;422;86775;46005;338026;300;169;332;0,024169074904576565;0;0;0,08230112827399345;0,07129270466421406;0,822237092157216;0;0;0
486000;28,975;-30,0;-1;-1;12559;1081;422;86907;46094;339265;300;169;332;0,023942892289537252;0;8,615470273266248E-4;0,08181009619990437;0,07195797539711107;0,8214274890861206;0;0;0
487500;29,05;-33,0;-1;-1;12596;1081;423;87030;46202;340496;300;169;332;0,027659055164927476;0;9,361903655914295E-4;0;0,0777547826059655;0,8936499718635157;0;0;0
489000;29,125;-29,0;-1;-1;12643;1081;423;87030;46316;341835;300;169;332;0,027228541127907558;0;0;0;0,07674830353403196;0,8960231553380604;0;0;0
490000;29,172;-38,0;-1;-1;12675;1081;423;87030;46389;342730;300;169;332;0,028918045988348504;0;0;0;0,07644775696211549;0,894634197049536;0;0;0
491000;29,22;-34,0;-1;-1;12696;1081;423;87030;46465;343633;300;169;332;0,028684120093805075;0;0;0;0,07579865398453389;0,895517225921661;0;0;0
492000;29,27;-38,0;-1;-1;12727;1081;423;87030;46556;344511;300;169;332;0,026338132604639183;0;0;0,08106310274295846;0,06964187790836825;0,8229568867440341;0;0;0
493500;29,343;-39,0;-1;-1;12778;1081;423;87154;46665;345727;300;169;332;0,026307404789290802;3,3480856648338686E-4;8,660116296754294E-4;0,08143105650620996;0,06980465034866717;0,8212560681596732;0;0;0
495000;29,424;-35,0;-1;-1;12821;1086;424;87277;46774;346967;303;171;340;0,02841595230759644;3,634661594388787E-4;9,419725079232413E-4;0;0,0755412391088383;0,8947373699162032;0;0;0
496500;29,501;-39,0;-1;-1;12852;1087;424;87277;46900;348309;303;171;340;0,028520015515016674;0;0;0;0,07691464711915118;0,8945653373658322;0;0;0
497500;29,548;-41,0;-1;-1;12874;1087;424;87277;46986;349201;303;171;340;0,02857416363734316;0;0;0;0,0769962964890246;0,8944295398736322;0;0;0
498500;29,595;-41,0;-1;-1;12907;1087;424;87277;47064;350090;303;171;340;0,02863712167960792;0;0;0;0,07730035414998275;0,8940625241704093;0;0;0
499500;29,642;-41,0;-1;-1;12939;1087;424;87277;47155;350967;303;171;340;0,02631117413466957;0;0;0,08365020850493195;0,07106806065955062;0,8189705567008477;0;0;0
501000;29,712;-33,0;-1;-1;12970;1087;424;87410;47264;352194;303;171;340;0,026139444628676053;3,4439377258399105E-4;8,929730066955728E-4;0,08319666853520208;0,07168999588587623;0,817736524170966;0;0;0
502500;29,788;-36,0;-1;-1;13007;1087;425;87531;47390;353409;303;171;340;0,026190262398625836;0;9,000189420905996E-4;0,08359453972874842;0,07180195493687994;0,8175132239936552;0;0;0
504000;29,863;-27,0;-1;-1;13053;1087;426;87641;47499;354643;303;171;340;0,028219577104328177;0;0;0,09051029459666173;0;0,8812701282990101;0;0;0
505000;29,909;-37,0;-1;-1;13071;1087;426;87735;47499;355531;303;171;340;0,028084774067354632;0;0;0,09095074153755074;0;0,8809644843950947;0;0;0
506000;29,959;-35,0;-1;-1;13104;1087;426;87809;47499;356424;303;171;340;0,02773005748523449;0;0;0,09015021429393964;0;0,8821197282208258;0;0;0
507000;30,006;-35,0;-1;-1;13138;1087;426;87907;47499;357292;303;171;340;0,027278058576527594;0;0;0,08978932287595405;0;0,8829326185475184;0;0;0
508000;30,055;-31,0;-1;-1;13157;1089;428;88004;47503;358178;307;173;343;0,025079441862578673;3,4271007627423305E-4;8,838788315649953E-4;0,08335599294351044;0,07140656352839159;0,81893141275768;0;0;0
509500;30,131;-37,0;-1;-1;13190;1089;430;88120;47612;359418;307;173;343;0,025122088617310995;0;8,885170569644236E-4;0,0836942889184763;0,0715368926576668;0,8187582127495815;0;0;0
511000;30,205;-34,0;-1;-1;13229;1089;432;88253;47719;360637;307;173;343;0,02905351173473165;0;0;0;0,07762687891486485;0,8933196093504034;0;0;0
512000;30,25;-36,0;-1;-1;13259;1089;432;88253;47791;361535;307;173;343;0,029061537194879306;0;0;0;0,07773199072589838;0,8932064720792223;0;0;0
513000;30,299;-37,0;-1;-1;13290;1089;432;88253;47888;362407;307;173;343;0,02910536344579032;0;0;0;0,07785825174450724;0,8930363848097026;0;0;0
514000;30,345;-31,0;-1;-1;13324;1089;432;88253;47958;363303;307;173;343;0,030633170541804675;0;0;0;0,07708334610495066;0,8922834833532447;0;0;0
515000;30,391;-36,0;-1;-1;13354;1089;432;88253;48040;364191;307;173;343;0,02799526786822835;0;8,96319316902551E-4;0,08419700764251736;0,07050100086967806;0,8164104043026736;0;0;0
516500;30,465;-29,0;-1;-1;13408;1089;434;88380;48147;365401;307;173;343;0;3,6031457051186185E-4;9,200081700425384E-4;0,08695067044214796;0,07324197123524936;0,8385270355820482;0;0;0
518000;30,54;-38,0;-1;-1;13408;1090;435;88516;48244;366666;307;173;343;0;3,96672988399713E-4;0,0010118469053063501;0;0,08020194609386214;0,9183895340124317;0;0;0
519500;30,614;-38,0;-1;-1;13408;1090;436;88516;48377;368032;307;173;343;0;4,021388329133772E-4;0,0010241572064272515;0;0,08064229799853025;0,9179314059621292;0;0;0
521000;30,696;-39,0;-1;-1;13408;1091;438;88516;48494;369412;307;173;343;0;4,001451004611538E-4;0,0010163205162165914;0;0,0796990908077479;0,9188844435755744;0;0;0
522500;30,774;-34,0;-1;-1;13412;1092;443;88519;48618;370792;308;176;346;0,030702645209447675;3,8785846841178976E-4;0;0;0,07773531582645049;0,8911741804956902;0;0;0
524000;30,848;-34,0;-1;-1;13455;1092;443;88519;48735;372132;308;176;346;0,027723239619922926;0;0;0,08481977973289544;0,07027776271654157;0,8171792179306401;0;0;0
525500;30,922;-36,0;-1;-1;13499;1092;443;88647;48843;373352;308;176;346;0,027757632946179864;0;0;0,08512070917278138;0,0705116334011292;0,8166100244799095;0;0;0
527000;30,996;-31,0;-1;-1;13559;1092;443;88770;48946;374566;308;176;346;0,028733312583334888;0;0;0,08411244644548267;0,06999201774410108;0,8171622232270814;0;0;0
528500;31,07;-33,0;-1;-1;13600;1092;443;88909;49052;375780;308;176;346;0,03203056907445365;0;8,807505625631721E-4;0,08400590536668702;0,06917118011541779;0,8139115948808784;0;0;0
530000;31,148;-31,0;-1;-1;13636;1092;446;89025;49167;377010;308;176;346;0;3,608869468744989E-4;9,059402661729934E-4;0,08723380482837136;0,07207991596620239;0,8394194519923788;0;0;0
531500;31,221;-34,0;-1;-1;13636;1093;446;89162;49267;378272;308;176;346;0;3,637348006318426E-4;0;0,08752629937956308;0,07226331804651989;0,8398466477732851;0;0;0
533000;31,294;-37,0;-1;-1;13636;1094;446;89283;49372;379545;308;176;346;0;0;0;0,08795825239209473;0,07248635853169932;0,8395553890762059;0;0;0
534000;31,341;-37,0;-1;-1;13636;1094;446;89365;49455;380380;308;176;346;0;0;0;0,08834105405501999;0,07266691535121084;0,8389920305937691;0;0;0
535000;31,39;-39,0;-1;-1;13636;1094;446;89460;49544;381196;308;176;346;0,03239413409710051;0;0;0,08468936298546301;0,07281262164562854;0,8101038812718079;0;0;0
536500;31,463;-33,0;-1;-1;13687;1094;446;89599;49650;382400;308;176;346;0,0312691675155931;0;8,716838059681215E-4;0,08212896953310943;0,07269342845206454;0,8130367506932649;0;0;0
538000;31,544;-40,0;-1;-1;13738;1097;451;89732;49763;383615;313;179;347;0;3,5614758760249766E-4;8,899764922246997E-4;0,08487664581613803;0,07540839904623342;0,8384688310578012;0;0;0
539500;31,621;-31,0;-1;-1;13738;1098;452;89843;49865;384900;313;179;347;0;3,8577180647447854E-4;9,633228297161792E-4;0;0,08369830632200446;0,9149525990418048;0;0;0
541000;31,694;-34,0;-1;-1;13738;1098;455;89843;50012;386250;313;179;347;0;3,8154711728471177E-4;9,483523251831739E-4;0;0,08205552635194363;0,9166145742055885;0;0;0
542500;31,77;-16,0;-1;-1;13738;1098;457;89843;50123;387637;313;179;347;0;3,843667368772921E-4;9,513961285704796E-4;0;0,08207043994104972;0,9165937971935024;0;0;0
544000;31,843;-33,0;-1;-1;13738;1100;457;89843;50243;389015;313;179;347;0,03285007657131673;3,6698555938877994E-4;0;0;0,07791100597933173;0,8888719318899627;0;0;0
545500;31,916;-30,0;-1;-1;13790;1100;457;89843;50356;390350;313;179;347;0,031839449040757764;0;0;0,08033794049294786;0,07134970408225326;0,8164729063840412;0;0;0
547000;31,989;-34,0;-1;-1;13844;1100;457;89967;50473;391555;313;179;347;0,031707808967173914;0;0;0,08046458831322308;0,07130025382759456;0,8165273488920084;0;0;0
548500;32,063;-34,0;-1;-1;13883;1100;457;90106;50572;392778;313;179;347;0,031815514719359485;0;0;0,08091177113296322;0,07164420927581647;0,8156285048718608;0;0;0
550000;32,137;-30,0;-1;-1;13939;1100;457;90241;50690;393969;313;179;347;0,03137191158891921;0;8,504581665231383E-4;0,08020963634986969;0,07088728698665851;0,8166807069080295;0;0;0
551500;32,211;-36,0;-1;-1;13988;1100;458;90345;50796;395209;313;179;347;0,03369343041253174;3,7206676637059795E-4;9,206331289244192E-4;0,08660960895700494;0;0,8784042607351683;0;0;0
553000;32,288;-36,0;-1;-1;14048;1101;460;90484;50796;396507;313;179;347;0,03846291812951829;4,048607471524024E-4;9,99435113679834E-4;0;0;0,9601327860096495;0;0;0
554500;32,364;-36,0;-1;-1;14107;1104;466;90490;50798;397951;315;183;352;0,03780845497608972;4,0147289284644494E-4;9,84229726302918E-4;0;0;0,9608058424047609;0;0;0
556000;32,433;-25,0;-1;-1;14166;1105;468;90490;50798;399389;315;183;352;0,03761429375695469;4,033669630209324E-4;9,86780246952687E-4;0;0;0,9609955590330717;0;0;0
557500;32,504;-32,0;-1;-1;14242;1106;469;90490;50798;400811;315;183;352;0,034521799509631905;3,74962251199891E-4;0;0;0,0771426831867524;0,8879605550524158;0;0;0
559000;32,573;-32,0;-1;-1;14306;1107;469;90490;50925;402119;315;183;352;0,03125931418163502;0;0;0,07967790243070895;0,07117723628454967;0,8178855471031063;0;0;0
560500;32,643;-38,0;-1;-1;14357;1107;469;90625;51025;403333;315;183;352;0,03280848981244157;0;0;0,08075602755894412;0,07181629483030455;0,8146191877983097;0;0;0
562000;32,711;-32,0;-1;-1;14403;1107;469;90746;51128;404563;315;183;352;0,03240308055804038;0;0;0,0800606875918029;0,07108843090617098;0,8164478009439857;0;0;0
563500;32,781;-32,0;-1;-1;14451;1107;469;90868;51235;405786;315;183;352;0,032139089230470486;0;8,355990388412451E-4;0,08048953325249833;0,07068451290933585;0,8158512655688541;0;0;0
565000;32,856;-28,0;-1;-1;14484;1107;472;90998;51340;407015;315;183;352;0;3,530668519904563E-4;8,593490672330979E-4;0,08351568244995544;0,073641202728373;0,8416306989024479;0;0;0
566500;32,931;-35,0;-1;-1;14484;1108;473;91128;51441;408282;315;183;352;0;3,871670879984313E-4;9,418035876183499E-4;0;0,08031912802183674;0,9183519013025465;0;0;0
568000;33,005;-39,0;-1;-1;14484;1108;474;91128;51559;409663;315;183;352;0;3,8532131001817345E-4;9,355246971219693E-4;0;0,0817298078953456;0,9169493460975142;0;0;0
569500;33,079;-41,0;-1;-1;14484;1108;474;91128;51674;411048;315;183;352;0;3,8930725359768043E-4;9,451243167928221E-4;0;0,08199779383141995;0,9166677745981896;0;0;0
571000;33,152;-41,0;-1;-1;14488;1115;478;91129;51786;412443;317;186;356;0,03546826228466016;3,783620602707218E-4;9,188328131882183E-4;0;0,07952074675494337;0,8837137960869376;0;0;0
572500;33,197;-33,0;-1;-1;14543;1115;481;91129;51923;413748;317;186;356;0,032311747227325535;0;0;0,08191556696422034;0,07468460497401072;0,8110880808344435;0;0;0
574000;33,239;-32,0;-1;-1;14578;1115;481;91256;52024;414985;317;186;356;0,032100902283866084;0;0;0,08300972617989728;0,0742360522190779;0,8106533193171587;0;0;0
575500;33,44;-23,0;-1;-1;14623;1115;481;91379;52132;416209;317;186;356;0,03282841080214118;0;0;0,08508763896921158;0,07601227042158147;0,8060716798070657;0;0;0
577000;33,509;-35,0;-1;-1;14669;1115;481;91499;52241;417434;317;186;356;0,03229985278657712;0;0;0,08402535154854146;0,07492988380140175;0,8087449118634796;0;0;0
578500;33,577;-30,0;-1;-1;14719;1115;481;91604;52360;418660;317;186;356;0,03203837184435548;3,5338751492964773E-4;8,555959365663292E-4;0,08376212402417273;0,07558181111475808;0,8074087095652177;0;0;0
580000;33,645;-35,0;-1;-1;14765;1116;482;91739;52460;419877;317;186;356;0,03410621339794477;3,789021286967592E-4;9,167399288892152E-4;0,09027907122309044;0;0,8743190733213788;0;0;0
581500;33,71;-38,0;-1;-1;14810;1116;482;91869;52460;421202;317;186;356;0,03575303619415281;0;0;0,09052652793814028;0;0,8737204358677068;0;0;0
582500;33,754;-36,0;-1;-1;14842;1116;482;91956;52460;422083;317;186;356;0,035118693907775396;0;0;0,08994207049651122;0;0,8749392355957134;0;0;0
583500;33,796;-41,0;-1;-1;14875;1116;482;92039;52460;422967;317;186;356;0,039054537715273514;0;0;0,08973559834250022;0;0,8712098639422262;0;0;0
584500;33,838;-32,0;-1;-1;14909;1116;482;92137;52460;423835;317;186;356;0,03731610645288352;0;0;0,08139291950489683;0,07226997209366366;0,809021001948556;0;0;0
586000;33,907;-32,0;-1;-1;14974;1119;485;92238;52560;425076;323;187;359;0,03687664816802461;3,3890035373496325E-4;8,180286803361118E-4;0,0817640919441577;0,07179905251573045;0,8084032783380161;0;0;0
587500;33,975;-36,0;-1;-1;15033;1119;485;92341;52674;426300;323;187;359;0,0365667107258842;0;0;0,08305473365017907;0,07143984709352028;0,8089387085304165;0;0;0
589000;34,041;-35,0;-1;-1;15087;1119;485;92473;52781;427507;323;187;359;0,03809651127107897;0;0;0,0823924490932005;0,07180891589822877;0,8077021237374917;0;0;0
590500;34,107;-34,0;-1;-1;15154;1119;485;92594;52896;428704;323;187;359;0,03747781150287753;0;0;0,08161834151225004;0,07201829136764962;0,8088855556172228;0;0;0
592000;34,175;-37,0;-1;-1;15199;1119;485;92716;53007;429926;323;187;359;0,03709389708966258;0;0;0,08178541926593227;0,07137574513484463;0,8097449385095606;0;0;0
593500;34,24;-32,0;-1;-1;15269;1119;485;92840;53119;431120;323;187;359;0,03661941195605558;0;0;0,08131903868831061;0,07084766082071733;0,8112138885349164;0;0;0
595000;34,306;-25,0;-1;-1;15316;1119;485;92950;53233;432349;323;187;359;0,0361123619607209;3,3293174049347867E-4;8,032671969162869E-4;0,08050981578436588;0,0699778798647894;0,8122637434527141;0;0;0
596500;34,376;-26,0;-1;-1;15369;1119;486;93072;53332;433574;323;187;359;0,035641206279127736;0;7,986865421754098E-4;0,08054942021994758;0,07029916312544936;0,8127115238332998;0;0;0
598000;34,443;-39,0;-1;-1;15416;1119;486;93222;53455;434754;323;187;359;0,03541252136283557;0;0;0,0802454084151415;0,06992479434553721;0,8144172758764857;0;0;0
599500;34,508;-30,0;-1;-1;15480;1119;486;93341;53567;435959;323;187;359;0,034650362458655014;0;0;0,07973115352867138;0,06871229158135465;0,8169061924313189;0;0;0
601000;34,575;-32,0;-1;-1;15530;1119;486;93461;53677;437179;323;187;359;0,0341778592744379;0;0;0,0796766490607921;0,06875135776879861;0,8173941338959715;0;0;0
602500;34,643;-30,0;-1;-1;15592;1119;491;93571;53790;438415;325;190;363;0,0336956953068953;0;0;0,079035556780564;0,07200929568020821;0,8152594522323325;0;0;0
604000;34,714;-34,0;-1;-1;15642;1119;491;93695;53897;439634;325;190;363;0,03341107437550291;0;7,770146309224817E-4;0,07867988694355534;0,07156883988807286;0,8155631841619465;0;0;0
605500;34,785;-26,0;-1;-1;15683;1119;492;93822;54007;440855;325;190;363;0,03575895515436755;3,500908426441276E-4;8,362204246789564E-4;0,08595384275117396;0;0,8771008908271355;0;0;0
607000;34,851;-38,0;-1;-1;15747;1120;494;93943;54007;442167;325;190;363;0,040842813102825545;3,829502901995745E-4;9,128879646155691E-4;0;0;0,9578613486423593;0;0;0
608500;34,917;-34,0;-1;-1;15793;1120;497;93943;54007;443618;325;190;363;0,04046804628501576;3,8230073319539006E-4;9,069838684012087E-4;0;0;0,9582426691133877;0;0;0
610000;34,981;-36,0;-1;-1;15858;1120;499;93943;54007;445051;325;190;363;0,0404018606035672;3,856646069526041E-4;9,124793807881454E-4;0;0;0,958299995408692;0;0;0
611500;35,046;-35,0;-1;-1;15921;1121;502;93943;54007;446484;325;190;363;0,03657194281481353;3,523564013264172E-4;8,309363920181255E-4;0;0,07713584691319421;0,8851089174786478;0;0;0
613000;35,114;-28,0;-1;-1;15973;1122;503;93943;54124;447813;325;190;363;0;3,348992341994335E-4;7,892802355807302E-4;0,08263985288081455;0,07393928910250332;0,8422966785469019;0;0;0
614500;35,18;-31,0;-1;-1;15973;1122;503;94065;54256;449059;325;190;363;0;0;0;0,08248219899332608;0,07500921195846393;0,84250858904821;0;0;0
615500;35,222;-36,0;-1;-1;15973;1122;503;94153;54329;449898;325;190;363;0;0;0;0,08234843630876658;0,07482090534206136;0,842830658349172;0;0;0
616500;35,266;-38,0;-1;-1;15973;1122;503;94236;54409;450735;325;190;363;0;0;0;0,08149117957074159;0,07393946182078645;0,8445693586084719;0;0;0
617500;35,311;-38,0;-1;-1;15974;1124;504;94313;54470;451601;333;191;366;0,032350389348051053;0;0;0,07802016192421507;0,07109338669986724;0,8185360620278666;0;0;0
619000;35,375;-32,0;-1;-1;16033;1124;504;94454;54548;452823;333;191;366;0,031728102090154836;3,108703358783646E-4;7,325268015852839E-4;0,0768628005634125;0,07006706541837777;0,8202986347905913;0;0;0
620500;35,444;-42,0;-1;-1;16082;1125;504;94572;54661;454042;333;191;366;0,033282630588199386;3,117898138767607E-4;0;0,07682260668949598;0,0698969173364976;0,8196860555719303;0;0;0
622000;35,51;-39,0;-1;-1;16127;1125;504;94690;54777;455263;333;191;366;0,034633830330668615;0;0;0,07618291745951501;0,06917552653199194;0,8200077256778245;0;0;0
623500;35,575;-35,0;-1;-1;16172;1125;504;94806;54876;456503;333;191;366;0,03437292680206018;0;0;0,07587472165400636;0,0688004391193479;0,8209519124245854;0;0;0
625000;35,641;-38,0;-1;-1;16227;1125;504;94925;54978;457727;333;191;366;0,034006223768277034;0;0;0,07543135133705947;0,06831239535815602;0,8222500295365074;0;0;0
626500;35,705;-31,0;-1;-1;16271;1125;504;95053;55067;458966;333;191;366;0,03372193991237767;0;0;0,07501713882946429;0,06885625075838608;0,8224046704997721;0;0;0
628000;35,772;-32,0;-1;-1;16324;1125;504;95170;55175;460188;333;191;366;0,03365433861500759;3,116322933713115E-4;7,344890360896196E-4;0,07523235496183431;0,06894509619380904;0,8211220888998881;0;0;0
629500;35,839;-35,0;-1;-1;16374;1126;504;95272;55291;461419;333;191;366;0,03501751406476459;3,1042212940734663E-4;0;0,07473430109090219;0,06926672157700868;0,8206710411379172;0;0;0
631000;35,906;-33,0;-1;-1;16418;1126;504;95399;55396;462643;333;191;366;0,03481443118834919;0;0;0,07450000844575003;0,06897043493093305;0,8217151254349678;0;0;0
632500;35,971;-38,0;-1;-1;16466;1126;504;95509;55489;463892;333;191;366;0,03647478680201272;0;0;0,07452525852677083;0,06891260953093607;0,8200873451402804;0;0;0
634000;36,04;-39,0;-1;-1;16532;1127;508;95626;55594;465115;338;192;369;0,03638396600752558;0;0;0,07480085640422533;0,06906204303375409;0,8197531345544949;0;0;0
635500;36,105;-32,0;-1;-1;16584;1127;508;95743;55682;466358;338;192;369;0,036218794913812316;0;0;0,074760175433801;0,06898150017609253;0,8200395294762941;0;0;0
637000;36,171;-34,0;-1;-1;16637;1127;508;95866;55797;467567;338;192;369;0,03617373466208044;3,1760620448966224E-4;0;0,07500169731508324;0,06906971703935365;0,8194372447789929;0;0;0
638500;36,239;-29,0;-1;-1;16687;1127;508;95978;55906;468796;338;192;369;0,03730121590529703;0;7,371250601376518E-4;0,07390779035765145;0,06887614512446141;0,8191777235524526;0;0;0
640000;36,306;-36,0;-1;-1;16738;1127;511;96117;56006;470003;338;192;369;0,04015707097945416;0;7,965265854924539E-4;0;0,07435061805723005;0,8846957843778234;0;0;0
641500;36,373;-37,0;-1;-1;16788;1127;513;96117;56102;471355;338;192;369;0,04187864975650529;0;0;0;0,07406767298755458;0,8840536772559401;0;0;0
642500;36,415;-30,0;-1;-1;16834;1127;513;96117;56181;472230;338;192;369;0,04104316579840499;0;0;0;0,07379910981713275;0,8851577243844624;0;0;0
643500;36,459;-34,0;-1;-1;16873;1127;513;96117;56263;473109;338;192;369;0,04098896952905032;0;0;0;0,07383527452170004;0,8851757559492497;0;0;0
644500;36,501;-30,0;-1;-1;16907;1127;513;96117;56339;473999;338;192;369;0,03766139926969447;3,126456221009463E-4;0;0,07311912844897575;0,06794987558441275;0,8209569510748161;0;0;0
646000;36,568;-25,0;-1;-1;16968;1128;513;96221;56434;475238;338;192;369;0;3,2146217277429645E-4;7,493782040412956E-4;0,07563327135391176;0,07147455710340633;0,8518213311658662;0;0;0
647500;36,637;-37,0;-1;-1;16968;1128;515;96319;56526;476546;338;192;369;0;0;7,483397841474163E-4;0,07536864429524265;0,0712275404038442;0,8526554755167657;0;0;0
649000;36,706;-37,0;-1;-1;16970;1136;518;96437;56635;477832;345;193;374;0;0;0;0,07506243871498255;0,07177755050743245;0,853160010777585;0;0;0
650000;36,751;-40,0;-1;-1;16970;1136;518;96509;56719;478676;345;193;374;0;0;0;0,07584228020443112;0,07111054390053646;0,8530471758950323;0;0;0
651000;36,794;-40,0;-1;-1;16970;1136;518;96585;56772;479547;345;193;374;0,03698917023152427;0;0;0,07327971392927098;0,06868806645177097;0,8210430493874338;0;0;0
652500;36,861;-32,0;-1;-1;17019;1136;518;96696;56864;480795;345;193;374;0,03633908635571087;3,054066605239045E-4;0;0,0729143879026505;0,068590288439703;0,8218508306414117;0;0;0
654000;36,928;-20,0;-1;-1;17068;1136;518;96812;56974;482020;345;193;374;0,03616892152982113;0;7,132019291045711E-4;0,07284315224925914;0,06839773067601237;0,8218769936158028;0;0;0
655500;36,997;-33,0;-1;-1;17114;1136;518;96916;57085;483259;345;193;374;0,035468349344115024;0;0;0,07169152705900932;0,06807010773366548;0,8247700158632101;0;0;0
657000;37,063;-31,0;-1;-1;17163;1136;518;97020;57177;484514;345;193;374;0,035147939342697804;0;0;0,07260205724071692;0,06947880548808505;0,8227711979285002;0;0;0
658500;37,129;-34,0;-1;-1;17216;1136;518;97120;57271;485767;345;193;374;0,03655989790067832;0;0;0,07219670554127189;0,06908639103347829;0,8221570055245715;0;0;0
660000;37,196;-36,0;-1;-1;17280;1136;518;97229;57373;486992;345;193;374;0,03648293424870909;0;0;0,07249394454740855;0,06926203876811202;0,8217610824357704;0;0;0
661500;37,26;-39,0;-1;-1;17327;1136;518;97349;57467;488231;345;193;374;0,03647441109018285;3,063774443242967E-4;0;0,07271754509678191;0,06941360279498417;0,8210880635737268;0;0;0
663000;37,329;-36,0;-1;-1;17387;1137;518;97457;57584;489445;345;193;374;0,04070626899248585;3,2889644167416313E-4;7,660475839287874E-4;0;0,07710723070606995;0,8810915562758412;0;0;0
664500;37,399;-35,0;-1;-1;17448;1138;522;97461;57690;490787;346;196;378;0;3,4288638699831727E-4;7,954206709075705E-4;0;0,08106588816874223;0,917795804773352;0;0;0
666000;37,464;-37,0;-1;-1;17448;1139;524;97461;57802;492172;346;196;378;0;3,427401662426489E-4;7,937156092548579E-4;0;0,08063880734479677;0,9182247368797058;0;0;0
667500;37,53;-42,0;-1;-1;17448;1139;527;97461;57914;493557;346;196;378;0;3,4475719185192693E-4;7,949940960725072E-4;0;0,08170521271972579;0,9171550359923498;0;0;0
669000;37,599;-37,0;-1;-1;17448;1139;528;97461;58042;494928;346;196;378;0;3,178598514785527E-4;7,319416535869737E-4;0,07517701500815015;0,07582393099998015;0,8479492524868042;0;0;0
670500;37,666;-33,0;-1;-1;17448;1140;530;97578;58141;496209;346;196;378;0,04031207164442197;3,2854543714152336E-4;7,550861362920487E-4;0;0,07903980229197002;0,8795644944901744;0;0;0
672000;37,734;-35,0;-1;-1;17494;1140;534;97578;58275;497525;346;196;378;0,04037080961758348;0;0;0;0,07918317327876155;0,8804460171036551;0;0;0
673000;37,777;-32,0;-1;-1;17537;1140;534;97578;58349;498408;346;196;378;0,03999106375575525;0;0;0;0,07968575497593709;0,8803231812683077;0;0;0
674000;37,821;-37,0;-1;-1;17579;1140;534;97578;58430;499285;346;196;378;0,041357677606153324;0;0;0;0,07882055279433842;0,8798217695995082;0;0;0
675000;37,863;-40,0;-1;-1;17629;1140;534;97578;58502;500163;346;196;378;0,04313235145333049;0;0;0;0,07878379607183404;0,8780838524748354;0;0;0
676000;37,906;-33,0;-1;-1;17670;1140;534;97578;58571;501053;346;196;378;0,04161745511818332;3,053881880400768E-4;6,975335173016318E-4;0,07188561559896749;0,07282983562900618;0,8126641719485014;0;0;0
677500;37,975;-35,0;-1;-1;17727;1140;534;97665;58678;502302;346;196;378;0,04156674780858717;0;0;0,07211901931252471;0,07299162278455808;0,81332261009433;0;0;0
679000;38,046;-34,0;-1;-1;17799;1146;540;97772;58793;503514;350;202;380;0,04305855740932702;0;0;0,0718949996951459;0,07261364033248263;0,8124328025630445;0;0;0
680500;38,113;-37,0;-1;-1;17852;1146;540;97892;58906;504728;350;202;380;0,042989603395305206;0;0;0,07197527905128143;0,0726687324263646;0,8123663851270486;0;0;0
682000;38,177;-32,0;-1;-1;17910;1146;540;98009;59028;505931;350;202;380;0,04264075916253949;0;0;0,07174801039737468;0,07229118314139987;0,813320047298686;0;0;0
683500;38,245;-32,0;-1;-1;17980;1146;540;98121;59136;507141;350;202;380;0,04408093587723825;0;0;0,07142506789543795;0,07183778076299512;0,8126562154643288;0;0;0
685000;38,311;-40,0;-1;-1;18031;1146;540;98235;59255;508357;350;202;380;0,04580775681054566;3,0926144585462836E-4;7,035983977166631E-4;0,0712992693744468;0,07156176450367015;0,810318349467766;0;0;0
686500;38,379;-30,0;-1;-1;18106;1147;541;98339;59359;509572;350;202;380;0,050753217223123294;3,3141279003703195E-4;7,53370179592573E-4;0;0,07732061719057104;0,870841382616676;0;0;0
688000;38,446;-33,0;-1;-1;18183;1147;542;98339;59491;510862;350;202;380;0,05056357111927497;0;0;0;0,07740514035718302;0,8720312885235421;0;0;0
689000;38,487;-38,0;-1;-1;18222;1147;542;98339;59594;511720;350;202;380;0,050435804021051474;0;0;0;0,07727795425715805;0,8722862417217905;0;0;0
690000;38,529;-38,0;-1;-1;18262;1147;542;98339;59659;512615;350;202;380;0,050436027326644456;0;0;0;0,07748179724336905;0,8720821754299866;0;0;0
691000;38,572;-30,0;-1;-1;18319;1147;542;98339;59729;513488;350;202;380;0,04819984461867327;0;0;0,07137861163952355;0,07125607726007709;0,8091654664817262;0;0;0
692500;38,637;-35,0;-1;-1;18398;1147;542;98449;59824;514704;350;202;380;0,04772288318488645;3,113669872686529E-4;7,067436017589426E-4;0,07121931119220745;0,0710124467881879;0,8090272482456907;0;0;0
694000;38,71;-40,0;-1;-1;18471;1151;546;98558;59954;515908;353;204;383;0,05322542003279154;3,354757545669845E-4;7,591436191170368E-4;0,07665819906686468;0;0,8690217615266597;0;0;0
695500;38,776;-34,0;-1;-1;18565;1151;546;98662;59954;517210;353;204;383;0,05687509761563164;0;0;0,07608151296565922;0;0,8670433894187092;0;0;0
696500;38,82;-26,0;-1;-1;18625;1151;546;98746;59954;518066;353;204;383;0,05644034292688049;0;0;0,07584453066168612;0;0,8677151264114334;0;0;0
697500;38,862;-31,0;-1;-1;18688;1151;546;98826;59954;518923;353;204;383;0,056151273201438895;0;0;0,0759547491594532;0;0,8678939776391079;0;0;0
698500;38,905;-35,0;-1;-1;18742;1151;546;98907;59954;519788;353;204;383;0,05195842778501213;0;0;0,07065505356938423;0,07106690609701187;0,8063196125485917;0;0;0
700000;38,972;-34,0;-1;-1;18814;1151;546;98994;60067;521016;353;204;383;0,05110765858844087;3,113357127380767E-4;7,043281193556527E-4;0,07064272084328073;0,07115045714750887;0,8060834995886759;0;0;0
701500;39,04;-37,0;-1;-1;18882;1152;546;99095;60153;522260;353;204;383;0,05069536681658211;3,116202906273015E-4;0;0,07051711924211285;0,0709504077504518;0,807525485900226;0;0;0
703000;39,108;-37,0;-1;-1;18952;1153;546;99206;60263;523468;353;2