Iteration;Time;BestFitness;LastCalledHeur;IsRelay;NumOfMoves-LLH0;NumOfMoves-LLH1;NumOfMoves-LLH2;NumOfMoves-LLH3;NumOfMoves-LLH4;NumOfMoves-LLH5;NumOfMoves-LLH6;NumOfMoves-LLH7;NumOfMoves-LLH8;LAProb-LLH0;LAProb-LLH1;LAProb-LLH2;LAProb-LLH3;LAProb-LLH4;LAProb-LLH5;LAProb-LLH6;LAProb-LLH7;LAProb-LLH8;
2000;0,803;-40,0;-1;-1;158;349;77;99;196;1035;22;85;41;0,10206674032324844;0,2235783261366911;0;0;0,041579685320896516;0,6271255728081173;0;0,005649675411046644;0
3500;0,994;-39,0;-1;-1;236;461;77;99;851;1681;22;94;41;1,0761513008523354E-4;0;0;0;0,9981385417024847;0,001753843167430085;0;0;0
4500;1,087;-36,0;-1;-1;240;463;79;102;1845;1689;24;97;43;7,434445175238249E-4;0;0;0;0,9954032397922998;0,003853315690176429;0;0;0
5500;1,164;-36,0;-1;-1;241;463;79;102;2827;1706;24;97;43;0,003244097691982316;0;0;0;0,9817052444652348;0,015050657842782844;0;0;0
6500;1,248;-30,0;-1;-1;243;463;79;102;3807;1724;24;97;43;0,0032674682463725486;0;3,406195330333386E-4;1,9528034134928872E-4;0,9801917261328402;0,015137591088102918;2,9531823232077176E-4;0;5,719964259808368E-4
8500;1,442;-30,0;-1;-1;259;469;87;103;5755;1770;28;100;44;0,008509496866253692;0,007846671359012503;8,784287343217253E-4;5,27843347606079E-4;0,9800737551363573;0;0;6,216907640067415E-4;0,0015421137924420266
10500;1,569;-34,0;-1;-1;284;490;88;103;7704;1770;28;101;47;0,4326069010704351;0,4073169353575033;0,04655725300647006;0;0;0;0;0,03282863070381081;0,08069027986178066
12000;1,761;-37,0;-1;-1;578;786;952;103;7704;1770;28;120;74;0,017595425290443105;0,060490713480772305;0,9219138612287845;0;0;0;0;0;0
13000;1,852;-37,0;-1;-1;624;904;1788;103;7704;1770;28;120;74;0,0558023614547551;0,1220203460583575;0,8221772924868873;0;0;0;0;0;0
14000;1,97;-27,0;-1;-1;698;1053;2566;109;7707;1771;30;125;77;0,02063154687286722;0,07079522985884863;0,7033942635442152;0;0;0,2051789597240689;0;0;0
15500;2,111;-35,0;-1;-1;728;1207;3546;109;7707;2107;30;125;77;0,00545753727322351;0,026256121879484;0,11942212788215072;6,751028548362829E-4;0,7815546006045536;0,06616095651980575;4,735529859462177E-4;0;0
17500;2,294;-21,0;-1;-1;745;1280;3885;109;9118;2266;31;125;77;0,007576886595967172;0,034870857150559924;0,1669711770702277;0;0,78828932705618;0;6,7034517476868E-4;8,735326140086571E-4;7,478743382878958E-4
19500;2,426;-31,0;-1;-1;763;1366;4233;109;10659;2266;33;128;79;0,012322562960031985;0;0;0;0,9849870710143975;0;0;0,0014421588491571663;0,0012482071764133862
21000;2,504;-31,0;-1;-1;778;1366;4233;109;12139;2266;33;131;81;0,010754521788632308;0;0;0;0,9856261024190631;0;0;0,0019319438173782681;0,0016874319749262882
22500;2,598;-35,0;-1;-1;791;1367;4235;114;13629;2268;34;135;87;0,009877448681989389;0;0;0;0,9868221930614502;0;0;0,0017570452479810726;0,0015433130085791248
24000;2,674;-31,0;-1;-1;813;1367;4235;114;15104;2268;34;138;87;0,006559450911773888;0;0;0;0,8620699621930346;0,13031310502617593;0;0;0,0010574818690157106
25500;2,747;-26,0;-1;-1;828;1367;4235;114;16387;2469;34;138;88;0,005015109337534971;0,037246265491316134;0,191986364153315;0,001094417721585163;0,6366770960451519;0,12641338196172228;7,461664179352686E-4;0;8,211988714393413E-4
27500;2,852;-40,0;-1;-1;846;1467;4578;114;17641;2753;34;138;89;0,014171088898160912;0,05954586628356694;0;0;0,7234856035848253;0,20279744123344692;0;0;0
29000;2,942;-40,0;-1;-1;869;1548;4578;114;18710;3080;34;138;89;0,01031255101918166;0,06554068686325934;0;0;0,7121119209464002;0,21203484117115884;0;0;0
30500;3,018;-36,0;-1;-1;878;1618;4578;114;19742;3469;34;138;89;0,007575525824874916;0,04602148793334132;0;0;0,6408517719195008;0,30458765412185146;0;9,635602004315028E-4;0
32000;3,197;-38,0;-1;-1;895;1702;4579;118;20603;4014;41;146;90;0,021637206833046645;0,09858332850441129;0;0;0;0,8770851775392733;0;0,002694287123268717;0
33500;3,316;-41,0;-1;-1;931;1864;4579;118;20603;5311;41;151;90;0,03170584696348947;0,13221164678781192;0;0;0;0,832251932854989;0;0;0,003830573393709768
35000;3,402;-44,0;-1;-1;983;2091;4579;118;20603;6526;41;151;96;0,017926978325341496;0,09384190467325068;0,4714747889815226;0;0;0,41253001664676214;0,001957994531203882;0;0,002268316841918943
36500;3,511;-44,0;-1;-1;1013;2249;5197;118;20603;7212;47;151;98;0,02370346270866172;0,11571539472325046;0,38273884919589685;0,0035335832792838338;0;0,47185359295619156;0,002455117136715649;0;0
38000;3,597;-44,0;-1;-1;1053;2433;5745;121;20603;7937;47;151;98;0,008784673162539447;0,03976858300081492;0,113801341894785;0;0,6846776448840302;0,15296775705783044;0;0;0
39500;3,673;-32,0;-1;-1;1067;2492;5969;121;21614;8129;47;151;98;0,009035127825233812;0,07371333764565331;0,16790330399795236;0;0,7479971645337534;0;0;0,0013510659974070667;0
41000;3,747;-33,0;-1;-1;1076;2651;6232;121;22680;8129;47;154;98;0,03545730846728008;0,34813297336845195;0,6111609666493998;0;0;0;0;0,005248751514868066;0
42500;3,828;-33,0;-1;-1;1137;3168;7154;126;22684;8137;49;160;99;0,04421769990008216;0,3414376982578108;0,6077967276327245;0;0;0;0;0;0,0065478742093825
44000;3,903;-27,0;-1;-1;1230;3673;8047;126;22684;8137;49;160;108;0,032265768803399285;0,34361007549870115;0,6150597903403526;0;0;0;0,004044097585996247;0;0,00502026777155073
45500;3,988;-31,0;-1;-1;1288;4147;9002;126;22684;8137;55;160;115;0,02399984133089337;0;0,46806712166007436;0;0;0,5011137422181015;0,002987629585249895;0;0,003831665205681016
47000;4,076;-36,0;-1;-1;1334;4147;9726;126;22684;8852;60;160;125;0,00874662561668177;0;0;0;0,8120103348442748;0,17793798426772248;0;0;0,001305055271321132
48500;4,152;-36,0;-1;-1;1348;4147;9726;126;23875;9144;60;160;128;0,00990668118443512;0;0;0,0020066900809424405;0,7929246873199293;0,19184876468283676;0;0,0018363410732821783;0,0014768356585743462
50000;4,228;-39,0;-1;-1;1360;4147;9726;128;25013;9491;60;160;129;0,01054272268075384;0;0;0,0021439310125156135;0,7402921057297264;0,2470212405770042;0;0;0
51500;4,304;-39,0;-1;-1;1382;4147;9726;133;26115;9862;60;160;129;0,010304898993091165;0,11473583523186964;0;0;0,6464849042253314;0,22847436154970774;0;0;0
53000;4,381;-26,0;-1;-1;1399;4319;9726;133;27078;10210;60;160;129;0,008378398416176276;0,08702365123003752;0,1667355669871975;0;0,5305491825617887;0,20620988498563217;0,0011033158191677557;0;0
54500;4,467;-36,0;-1;-1;1414;4431;9993;134;27817;10589;64;164;133;0,014694537926168007;0,14658445632513373;0,30814253994077434;0;0;0,5287726196219138;0,0018058461860100724;0;0
56000;4,544;-38,0;-1;-1;1439;4643;10400;134;27817;11444;65;164;133;0,0216566727963191;0,20066955401473216;0;0;0;0,7742044515426558;0;0;0,003469321646292967
57500;4,619;-38,0;-1;-1;1467;4972;10400;134;27817;12582;65;164;138;0,02531026069736091;0,20910157193574685;0;0,005582137701583504;0;0,7507959949867812;0;0,00513050465230738;0,004079530026220246
59000;4,702;0,0;-1;-1;1499;5279;10400;147;27817;13716;65;171;145;0,029549507098096058;0,2213860866719314;0;0,006431567522250872;0;0,7369610242276435;0;0,005671814480078181;0
60500;4,8;-40,0;-1;-1;1588;5587;10400;154;27817;14808;65;175;145;0,032783061925651995;0;0;0,0019798445863683204;0,6107699636991969;0,35446712978878286;0;0;0
62000;4,9;-41,0;-1;-1;1631;5587;10400;156;28768;15312;65;175;145;0,028530959799546143;0;0,1724882788503564;0,0017838304511658665;0,5041531102749839;0,291935716848978;0,0011081037749697124;0;0
63500;4,985;-31,0;-1;-1;1662;5587;10646;160;29539;15757;68;175;145;0,03185840262516042;0;0;0,0020559583942944683;0,6117227240952526;0,35312548192224863;0,0012374329630439045;0;0
65000;5,069;-36,0;-1;-1;1715;5587;10646;164;30436;16301;70;175;145;0,07305985490514803;0;0;0,004917035215633635;0;0,9182498461188301;0;0;0,0037732637603882435
66500;5,161;-26,0;-1;-1;1829;5587;10646;168;30436;17681;70;175;147;0,04800311792935173;0,17583808101823076;0;0,0035799602594851557;0;0,7664957177874104;0;0,0033154134581035804;0,0027677095474183855
68000;5,254;-34,0;-1;-1;1895;5805;10650;173;30440;18891;74;188;151;0,05290637747495319;0;0;0,004093126511036551;0;0,936297466391377;0;0,0035319142960194986;0,0031711153266138826
69500;5,332;-30,0;-1;-1;1961;5805;10650;227;30440;20264;74;190;156;0;0;0;0,04406933506245474;0;0,950551750617138;0;0,002838178743720679;0,0025407355766865277
71000;5,404;-39,0;-1;-1;1961;5805;10650;286;30440;21692;74;195;164;0;0;0,14750809450795604;0,014196799250823119;0,39851872937479976;0,43679327472248186;8,156818979174232E-4;0,0011412560961243628;0,0010261641498975577
73000;5,507;-42,0;-1;-1;1961;5805;10935;313;31216;22595;77;200;165;0;0;0;0,03019321672643109;0;0,9631625539183589;0,00178964333930418;0,0025185563990474022;0,002336029616858422
74500;5,658;-42,0;-1;-1;1961;5805;10935;349;31216;24048;78;203;172;0;0;0;0;0;0,9909103627966638;0,002461088176518591;0,003457846183575212;0,0031707028432425245
76000;5,73;-37,0;-1;-1;1961;5805;10935;349;31216;25536;80;206;179;0,03576073361795576;0,1316368391105945;0;0;0;0,8283115900416942;0;0,0022488106315471552;0,0020420265982084257
77500;5,806;-38,0;-1;-1;2009;6014;10935;349;31216;26773;80;209;182;0,21840543461649622;0,7687783563841415;0;0;0;0;0;0;0,01281620899936237
78500;5,854;-38,0;-1;-1;2239;6771;10935;349;31216;26773;80;209;195;0,2382782302154962;0,7617217697845038;0;0;0;0;0;0;0
79500;5,897;-38,0;-1;-1;2496;7514;10935;349;31216;26773;80;209;195;0,026867764133499807;0,08058599517181624;0;0,027081274828257562;0,8654649658664264;0;0;0;0
81000;5,971;-30,0;-1;-1;2534;7628;10935;386;32527;26773;80;209;195;0,0244049725840799;0,04259204171740249;0,17294835907702033;0,013583251469007646;0,7455199149890062;0;9,514601634835428E-4;0;0
82500;6,061;-37,0;-1;-1;2562;7708;11172;416;33664;26775;90;214;195;0,016074554598282536;0,03380649675571046;0;0,008487246797585708;0,6390794187478808;0,30123281432703936;5,610552468979248E-4;7,584135266031833E-4;0
84500;6,169;-41,0;-1;-1;2594;7789;11172;435;34876;27430;90;215;195;0,04178644997577041;0,10524391219820803;0;0,021476517750822773;0;0,8274171351243067;0;0,002008768752561587;0,002067216198330286
86000;6,254;-38,0;-1;-1;2619;7902;11172;463;34876;28759;90;219;196;0,03153858469265337;0;0;0,015453051575804122;0;0,9514234798201248;0;0;0,001584883911417775
87500;6,328;-34,0;-1;-1;2675;7902;11172;493;34876;30170;90;219;199;0,028820727992735915;0;0;0,013724798984810648;0;0,9574544730224535;0;0;0
88500;6,374;-35,0;-1;-1;2711;7902;11172;505;34876;31122;90;219;199;0,029779597528348772;0;0;0,014179026735719037;0;0,9560413757359323;0;0;0
89500;6,421;-39,0;-1;-1;2745;7902;11172;516;34876;32077;90;219;199;0,013403317833070166;0;0;0,00638179546496095;0,54146620869627;0,43821143091014564;5,372470955531855E-4;0;0
91000;6,496;-32,0;-1;-1;2763;7902;11172;523;35668;32760;90;219;199;0,012018133881119704;0,03301696636788914;0;0,005708324259886889;0,5325334142739658;0,41608233205189005;0;6,408291652483864E-4;0
92500;6,573;-37,0;-1;-1;2783;7954;11172;539;36439;33399;90;221;199;0,020373909840564544;0,05577434702789848;0,18185054551684746;0,009460338349989252;0;0,7303057575137004;0;0,0010895162572446243;0,0011455854937551197
94500;6,676;-39,0;-1;-1;2823;8088;11515;557;36439;34859;90;223;202;0,23772924912370888;0,6396281347960666;0;0,10902769494830063;0;0;0;0;0,013614921131923939
96000;6,743;-39,0;-1;-1;3190;9035;11515;721;36439;34859;90;223;224;0,2522718689994915;0,6444484300406149;0;0,10327970095989368;0;0;0;0;0
97000;6,786;-39,0;-1;-1;3431;9690;11515;825;36439;34859;90;223;224;0,26038486471516653;0,639620741192973;0;0,09999439409186058;0;0;0;0;0
98000;6,831;0,0;-1;-1;3692;10334;11515;924;36442;34864;94;226;224;0,013399867083464157;0,032276557407357284;0;0,004973609074365108;0,9484533231213689;0;8,966433134445277E-4;0;0
99500;6,905;-31,0;-1;-1;3709;10380;11515;928;37874;34864;95;226;224;0,007283707157763873;0;0;0,002712111825795281;0,5860149921109249;0,4028527866000396;4,8800792346532487E-4;6,483943820108916E-4;0
101000;6,978;-36,0;-1;-1;3717;10380;11515;929;38774;35454;96;226;224;0,007318624401561578;0;0;0,0027341980709437684;0,6019457986545531;0,3873516461648644;0;0;6,49732708077034E-4
102500;7,121;-37,0;-1;-1;3732;10380;11515;933;39664;36045;96;226;224;0,008007537937530453;0;0;0,0029986034055040412;0,5739349849370606;0,41505887371990485;0;0;0
104000;7,253;-33,0;-1;-1;3743;10380;11515;939;40518;36674;96;226;224;0,00795837246310143;0;0;0,002968359181142744;0,5549753102698504;0,43409795808590546;0;0;0
105500;7,411;-35,0;-1;-1;3753;10380;11515;946;41319;37356;96;226;224;0,006739337731908966;0,01663225449662124;0,09752254267176746;0,0024966480292524912;0,4541699599565028;0,42243925711394703;0;0;0
107000;7,568;-33,0;-1;-1;3762;10406;11670;951;41992;37988;96;226;224;0,007538350324746014;0,018559223759996867;0;0,002783906276163625;0,4824781200845026;0,4881213405106955;5,190590438954256E-4;0;0
108500;7,774;-35,0;-1;-1;3771;10432;11670;956;42678;38759;99;226;224;0,014242941385333267;0,03493605285266739;0;0,005244817916023887;0;0,9432923518077997;9,620989871834167E-4;0,0013217370509923452;0
110000;8,024;-27,0;-1;-1;3805;10498;11670;970;42678;40142;101;227;224;0;0,04981602249999545;0;0,00625447991823341;0;0,9407192276964833;0;0,001607480973689938;0,0016027889115978681
111500;8,245;-31,0;-1;-1;3805;10573;11670;984;42678;41549;101;228;227;0;0;0;0,03441541108259439;0;0,9638176826929712;0;0;0,0017669062244343365
112500;8,389;-35,0;-1;-1;3805;10573;11670;1024;42678;42508;101;228;228;0;0;0;0,037161976334068904;0;0,9628380236659311;0;0;0
113500;8,485;-38,0;-1;-1;3807;10578;11670;1062;42683;43474;102;229;230;0;0;0;0,01441378202958919;0,6100903589227203;0,37549585904769034;0;0;0
114500;8,54;-38,0;-1;-1;3807;10578;11670;1074;43275;43870;102;229;230;0,010802062592213533;0;0;0,014384579243638783;0,5970648909444953;0,37708706117560886;6,614060440433783E-4;0;0
116000;8,621;-36,0;-1;-1;3819;10578;11670;1092;44183;44430;104;229;230;0,010103420434131894;0,026386745690127434;0;0;0,5928719372292458;0,3691766188230525;6,034265920421681E-4;8,578512314001923E-4;0
117500;8,699;-39,0;-1;-1;3838;10620;11670;1092;45059;44989;105;232;230;0,02079393598067494;0,03579198306767513;0,1640596205842744;0;0,777063603055308;0;0;0,0011346296735641529;0,0011562276385034425
119000;8,773;-22,0;-1;-1;3867;10663;11939;1092;46216;44989;105;233;231;0,022362532826628114;0,0386195530702086;0;0;0,9377586939959787;0;0;0;0,0012592201071845645
120500;8,9;-35,0;-1;-1;3895;10724;11939;1092;47626;44989;105;233;232;0,02084074413419952;0,03591619491234523;0;0;0,9432430609534552;0;0;0;0
121500;8,991;-35,0;-1;-1;3915;10754;11939;1092;48576;44989;105;233;232;0,022552942160917133;0,03898477516052368;0;0,020296743935041817;0,9181655387435174;0;0;0;0
123000;9,137;-36,0;-1;-1;3947;10822;11939;1118;49950;44989;105;233;232;0,014478227880748084;0,026454803424720355;0;0,013447828379377313;0,5617833046508526;0,38318966697650547;6,46168687796062E-4;0;0
124500;9,288;-38,0;-1;-1;3970;10859;11939;1143;50787;45566;106;233;232;0,03319652227930919;0,06075981848460443;0;0,029933747258342417;0;0,8725720587063973;0,0014803193583674942;0,00205753391297901;0
126000;9,442;-38,0;-1;-1;4015;10947;11939;1186;50787;46888;106;235;232;0,037931757644345386;0,0693408778537809;0;0;0;0,8878959030159488;0;0,002381412749945131;0,0024500487359798272
127500;9,594;-34,0;-1;-1;4071;11056;11939;1186;50787;48218;106;237;235;0,07495653606247546;0;0;0;0;0,9226440351676175;0;0;0,0023994287699071713
128500;9,69;-37,0;-1;-1;4156;11060;11941;1188;50787;49138;109;242;238;0,07474483187411037;0;0;0;0;0,9252551681258897;0;0;0
129500;9,781;-37,0;-1;-1;4217;11060;11941;1188;50787;50077;109;242;238;0,026614464596911455;0;0,12425036563989546;0;0,5312187393835961;0,317916430379597;0;0;0
131000;9,91;-33,0;-1;-1;4246;11060;12118;1188;51574;50584;109;242;238;0,025079351966224888;0;0,11486121336992351;0,011713277677618967;0,5315855818515874;0,3161487420513172;6,118330833280722E-4;0;0
132500;10,058;-34,0;-1;-1;4283;11060;12295;1208;52316;51106;111;242;238;0,05223882557441599;0,05149082952265684;0,2177541672098198;0,02406111373860749;0;0,651411264994712;0,0012772002805904396;0,0017665986791974312;0
134500;10,192;-35,0;-1;-1;4382;11136;12736;1261;52316;52433;112;245;238;0;0,06908716516172633;0;0,030362302129390648;0;0,8956515249287166;0;0,0023775145489417634;0,0025214932312246706
136000;10,257;-39,0;-1;-1;4382;11241;12736;1300;52316;53777;112;247;248;0;0;0;0,03118961662081591;0;0,9661479402453639;0;0;0,0026624431338203134
137000;10,3;-40,0;-1;-1;4382;11241;12736;1322;52316;54752;112;247;251;0;0;0;0,0310029694566932;0;0,9662854915847379;0;0;0,0027115389585689264
138000;10,341;-40,0;-1;-1;4382;11241;12736;1353;52316;55717;112;247;255;0;0;0;0,011557470628846607;0,6274902363232878;0,3609522930478656;0;0;0
139000;10,386;-40,0;-1;-1;4382;11241;12736;1361;52939;56086;112;247;255;0,026218576252020263;0;0,11569440934789299;0,010067631356723117;0,5341591923321427;0,3131927447188107;6,674459924101364E-4;0;0
140500;10,458;-32,0;-1;-1;4417;11241;12928;1369;53741;56545;116;247;255;0,026865538414973834;0,026995616577285195;0;0,010368411294216555;0,592875134505648;0,3412811040035819;6,699109531867576E-4;9,442842511075901E-4;0
142500;10,548;-33,0;-1;-1;4486;11289;12928;1400;54932;57203;119;247;255;0;0,02435253955803662;0;0,028182259195917558;0,6245309462283064;0,3229342550177394;0;0;0
144000;10,616;-38,0;-1;-1;4491;11332;12936;1451;55847;57706;122;250;256;0;0,024642765253591013;0;0,026723077225014037;0,6087100513368647;0,33905653717136175;0;0;8,675690131684635E-4
145500;10,699;-36,0;-1;-1;4491;11371;12936;1492;56724;58248;122;250;257;0;0;0;0,02373847482952178;0,6231200486869487;0,3523273020472621;0;0;8,141744362674928E-4
147000;10,774;-39,0;-1;-1;4491;11371;12936;1528;57639;58797;122;250;257;0;0;0;0,02312819580670454;0,6122947219417411;0,3645770822515544;0;0;0
148000;10,819;-40,0;-1;-1;4491;11371;12936;1546;58257;59161;122;250;257;0,020983040617342096;0;0,10307783094875754;0,020192802408283896;0,5290924349914327;0,3261403399463647;5,135510878191299E-4;0;0
149500;10,889;-42,0;-1;-1;4531;11371;13108;1571;59016;59665;122;250;257;0,021131729039141692;0;0,1025156778781712;0,02001904113273402;0,5225851610108933;0,33297512635184134;0;7,73264587218527E-4;0
151000;10,961;-31,0;-1;-1;4564;11371;13263;1601;59787;60173;122;253;257;0,021493063330547256;0,022429868391182793;0;0,01986264696503534;0,5621361246933402;0,3732928939822858;0;7,854026376085493E-4;0
152500;11,034;-36,0;-1;-1;4596;11396;13263;1625;60610;60769;122;253;257;0,020426308065508204;0,021507131794286826;0;0,018549507149699808;0,5282323501376176;0,4105152649327244;0;0;7,694379201630954E-4
154000;11,11;-30,0;-1;-1;4641;11428;13263;1649;61398;61379;122;253;258;0,07438874178430838;0,04320170286171225;0;0,0363306567367689;0;0,8445236116188423;0;0;0,0015552869983682523
155500;11,182;-37,0;-1;-1;4740;11500;13263;1702;61398;62654;122;253;259;0,48197776459448655;0,2882982729712207;0;0,22972396243429272;0;0;0;0;0
156500;11,229;-16,0;-1;-1;5204;11777;13263;1961;61398;62654;122;253;259;0,2057429960088538;0,11563290758655714;0,4229816094312885;0,25339620668738017;0;0;0,002246280285920451;0;0
158000;11,299;-29,0;-1;-1;5574;11945;13936;2248;61398;62654;124;253;259;0,3167923277930555;0,12537790253925193;0,5517008332833542;0;0;0;0,00247954603736406;0,0036493903469743414;0
159500;11,374;-28,0;-1;-1;6221;12127;14606;2255;61401;62654;127;267;262;0,16404203182284138;0,04778028462972502;0,16008594299654028;0;0,6280917405508935;0;0;0;0
161000;11,443;-30,0;-1;-1;6427;12192;14839;2255;62397;62654;127;267;262;0,11376896557803805;0,03434808797977626;0,10578772566645804;0;0,4299201108677247;0,31558380596286445;0;0;5,913039451386349E-4
162500;11,516;-39,0;-1;-1;6601;12270;14981;2255;63019;63136;127;267;264;0,1504786602674188;0,04524609336447273;0;0;0,45720205220351817;0,34646535650856614;0;0;6,078376560241497E-4
164000;11,587;-29,0;-1;-1;6798;12339;14981;2255;63685;63703;127;267;265;0;0,04899794876525504;0;0,03778314326872306;0,5095384749775639;0,40368043298845796;0;0;0
165500;11,663;-40,0;-1;-1;6798;12433;14981;2353;64395;64301;127;267;265;0;0,046650387130913906;0;0,06053640754761068;0,4933107252709442;0,3990671127081328;4,353673423983578E-4;0;0
167000;11,736;-42,0;-1;-1;6798;12496;14981;2438;65152;64896;127;267;265;0;0,04695058974925962;0;0,05637745449984296;0,4928441291876811;0,403203312426002;0;6,245141372143422E-4;0
168500;11,82;-41,0;-1;-1;6798;12571;14981;2512;65891;65505;127;270;265;0;0,04714780831054881;0,1144015312614926;0;0,44969579536201004;0,3882003270715036;0;5,545379944451316E-4;0
170000;11,894;-41,0;-1;-1;6798;12641;15165;2512;66553;66088;127;271;265;0,12479119743049023;0,041715777991909335;0,0997266441738805;0;0,39194178104512867;0,3412814801875616;0;0;5,431191710296121E-4
171500;11,968;-29,0;-1;-1;6993;12706;15302;2512;67135;66607;127;271;267;0,13452009528675732;0;0,10520300028679747;0;0,40379603156987837;0,3559404146142615;0;0;5,404582423053988E-4
173000;12,04;-26,0;-1;-1;7181;12706;15477;2512;67712;67167;127;271;267;0,12221009594030957;0;0,11541641870039772;0;0,3882886077371196;0,37408487762217313;0;0;0
174500;12,111;-30,0;-1;-1;7386;12706;15632;2512;68306;67713;127;271;267;0,11727964563537475;0;0,10969551308855585;0,03748425234562731;0,37806684312540495;0,35715203929140915;3,2170651362811633E-4;0;0
176000;12,191;-27,0;-1;-1;7562;12709;15785;2573;68856;68293;132;271;269;0;0;0,11343663532913179;0,037375797659586985;0,4130073985423952;0,4353869791756099;3,254765214525919E-4;4,677127718237505E-4;0
177500;12,335;-32,0;-1;-1;7562;12709;15929;2656;69457;68964;132;272;269;0;0,03280647124040235;0,10114982213706364;0,049456135145429375;0,38771461924234674;0,4284767049385939;0;3,962472961637798E-4;0
179000;12,494;-34,0;-1;-1;7562;12763;16090;2740;70014;69607;132;273;269;0;0,03980436609189609;0;0,07859991027881498;0,42210044411115427;0,4590255721599979;0;0;4,697073581366137E-4
180500;12,65;-34,0;-1;-1;7562;12820;16090;2846;70611;70347;132;273;269;0;0,04441182080151816;0;0,047425930503478486;0,42598230663559855;0,4821799420594048;0;0;0
182000;12,781;-36,0;-1;-1;7562;12897;16090;2921;71247;71059;132;273;269;0,1020364358515609;0,045784965619149534;0;0,041621869929146064;0,38071842367772635;0,42983830492241715;0;0;0
183500;12,933;-30,0;-1;-1;7710;12965;16090;2994;71815;71702;132;273;269;0,15678757639412455;0,07288885660677326;0;0,06335390807545646;0;0,7065071367423037;4,625221813418797E-4;0;0
185000;13,048;-32,0;-1;-1;7931;13091;16090;3077;71815;72772;132;273;269;0,1294811069898453;0,07046418441122901;0,13500965502860257;0,05271804830353781;0;0,6117416369802562;0;5,853682865289726E-4;0
186500;13,18;-30,0;-1;-1;8122;13184;16283;3163;71815;73709;132;273;269;0,1378398758650332;0,06194777993932236;0,12954059044507524;0,048660416064849325;0;0,6220113376857198;0;0;0
188000;13,318;-36,0;-1;-1;8322;13261;16450;3266;71815;74662;132;273;269;0;0,06658176872854418;0,13787395299910088;0,07417338392543678;0;0,7206756197608895;0;0;6,952745860287449E-4
189500;13,455;-37,0;-1;-1;8322;13359;16653;3383;71815;75742;132;273;271;0;0,04197841428085995;0,0917680860554524;0;0,3708887673277162;0,494918845550865;0;0;4,4588678510626715E-4
191000;13,605;-34,0;-1;-1;8322;13422;16789;3383;72356;76502;132;273;271;0;0,04176442518695828;0,08443215349734463;0;0,36544527639919666;0,5083581449165003;0;0;0
192500;13,759;-36,0;-1;-1;8325;13494;16905;3386;72908;77274;134;277;277;0;0,04029949221919854;0,08130229968720858;0;0,3547184173901392;0,5235604601239277;1,1933057952594656E-4;0;0
194000;13,885;-41,0;-1;-1;8325;13543;17017;3386;73442;78079;134;277;277;0,08370172536512012;0,0372039599076176;0,07085111870278482;0;0,3175946705454117;0,4903003162109733;0;3,4820926809236996E-4;0
195500;14,032;-41,0;-1;-1;8450;13593;17122;3386;73955;78786;134;277;277;0,0870852867432576;0,039886725271258396;0;0,04355422429733846;0,330744250940407;0,4987295127477385;0;0;0
197000;14,14;-32,0;-1;-1;8588;13656;17122;3457;74463;79506;134;277;277;0,1379419211176448;0,05697381915010842;0;0,08693038535961911;0;0,7175161098580968;0;0;6,377645145308889E-4
198500;14,209;-34,0;-1;-1;8799;13749;17122;3586;74463;80573;134;277;277;0,13288400466809897;0,05758879119584104;0;0,08143902135569019;0;0,7280881827803699;0;0;0
200000;14,275;-34,0;-1;-1;8973;13831;17122;3701;74463;81702;134;277;277;0,13108862654432235;0,058878608606698225;0;0,07808859016379358;0;0,7319441746851858;0;0;0
201500;14,342;-25,0;-1;-1;9153;13905;17122;3815;74463;82834;134;277;277;0,11246873499861279;0,05250694248901927;0,10653739336589753;0,06541359013180706;0;0,6630733390146634;0;0;0
203000;14,415;-33,0;-1;-1;9325;13972;17282;3917;74463;83833;134;277;277;0;0,038491859862544345;0,08281250901442481;0,045324826896673595;0,3389479078902053;0,4942957928627334;1,2710347341838614E-4;0;0
204500;14,485;-34,0;-1;-1;9325;14032;17405;3987;74976;84567;134;277;277;0;0,0365968711737661;0,07839142801834978;0,04165902247786024;0,3278371017515943;0,5151330121483852;0;3,8256443004424225E-4;0
206000;14,556;-39,0;-1;-1;9325;14084;17539;4037;75469;85336;134;279;277;0;0,05334150925379743;0,11331401582858186;0,05933510455673693;0;0,7727935734769494;0;5,586089108110779E-4;6,571879731233052E-4
207500;14,632;-38,0;-1;-1;9325;14166;17703;4123;75469;86503;134;280;277;0;0,05099808629420977;0,10759829820873233;0,05445899271603958;0;0,7869446227810184;0;0;0
209000;14,718;-38,0;-1;-1;9328;14249;17873;4209;75472;87678;137;282;277;0,09615655226842723;0,04400819695457115;0,09224686137292672;0,04518889662605206;0;0,7223994927780228;0;0;0
210500;14,788;-29,0;-1;-1;9458;14308;18027;4271;75472;88773;137;282;277;0,11241636650061344;0,0517322328395914;0;0,046371810208385045;0;0,7894795904514101;0;0;0
212000;14,858;-42,0;-1;-1;9618;14402;18027;4333;75472;89957;137;282;277;0,0735498862783338;0,03866726501908489;0;0,030568037123597742;0,29674380963485675;0,5604710019441269;0;0;0
213500;14,928;-27,0;-1;-1;9719;14469;18027;4375;75953;90766;137;282;277;0,10140425574848205;0,05417899963243743;0;0,04223716029711434;0;0,8018803312242853;0;2,992530976808756E-4;0
215000;14,998;-28,0;-1;-1;9884;14542;18027;4437;75953;91966;137;282;277;0,09946407212662439;0,05493895025368439;0;0,04180675212746907;0;0,8036268825523281;1,633429398940803E-4;0;0
216500;15,068;-41,0;-1;-1;10030;14614;18027;4501;75953;93183;138;282;277;0;0,050770361654840446;0,09090772715190013;0,037696896165426354;0;0,8199050596368748;1,5249726150008632E-4;0;5,674581294582013E-4
218000;15,14;-44,0;-1;-1;10030;14688;18170;4557;75953;94409;138;282;278;0;0,051118545724551843;0,09104550154814058;0,037169128493929546;0;0,8200880123866184;0;0;5,78811846759543E-4
219500;15,208;-44,0;-1;-1;10030;14761;18321;4605;75953;95637;138;282;278;0;0,05201076763799921;0,09209835843828158;0,03730908929074537;0;0,8185817846329738;0;0;0
221000;15,273;-36,0;-1;-1;10030;14825;18454;4671;75953;96874;138;282;278;0;0,035422437543654046;0,06241160877133308;0,02474817948829832;0,2944946207801816;0,5829231534165329;0;0;0
222500;15,342;-40,0;-1;-1;10030;14880;18551;4728;76388;97730;138;282;278;0,06267420693346702;0,03725375303982458;0;0,03231547979697616;0,2847472805036175;0,582806443828441;0;2,028358976736076E-4;0
224000;15,418;-31,0;-1;-1;10140;14928;18551;4762;76795;98629;138;284;278;0,08368012317252177;0,050739131432814354;0;0,04356239902887795;0;0,8215945188113474;1,4715639137325345E-4;2,766711630652169E-4;0
225500;15,505;-38,0;-1;-1;10274;15018;18552;4827;76799;99854;139;288;284;0,08151107311397143;0,05560570328632403;0;0,0423430697110215;0;0,8198491863927718;1,477879739569302E-4;0;5,431795219541469E-4
227000;15,575;-32,0;-1;-1;10396;15128;18552;4894;76799;101054;139;288;285;0,07733890566309666;0,0646383953752517;0;0,039962759983534026;0;0,8175283073173497;0;0;5,316316607679246E-4
228500;15,646;-21,0;-1;-1;10506;15227;18552;4944;76799;102294;139;288;286;0;0,0637162697649618;0,0809592437903944;0,039008841014292;0;0,8163156454303517;0;0;0
230000;15,715;-38,0;-1;-1;10506;15315;18679;5018;76799;103505;139;288;286;0;0,04465909264916919;0,056747527000159476;0,03648724694361216;0,2711342339228203;0,590971899484239;0;0;0
231500;15,786;-40,0;-1;-1;10506;15383;18754;5059;77200;104420;139;288;286;0;0;0,06092630641352324;0,036180580036448244;0,28102229242255944;0,6217368995178315;0;1,3392160963753377E-4;0
233000;15,857;-34,0;-1;-1;10506;15383;18838;5119;77611;105364;139;289;286;0;0;0,08564313488197861;0,062284138008468305;0;0,8517536268407062;1,4127230779358593E-4;1,77827961053368E-4;0
234500;15,939;-30,0;-1;-1;10506;15383;18964;5193;77611;106664;139;289;286;0,06454713923485306;0;0,07943742300005699;0,05289104481310551;0;0,8026672992690131;0;0;4,5709368297108723E-4
236000;16,009;-32,0;-1;-1;10586;15383;19089;5259;77611;107892;139;289;287;0,07436364423246684;0;0;0,052988106915260506;0;0,8721737409541113;0;0;4,7450789816148804E-4
237500;16,078;-32,0;-1;-1;10690;15383;19089;5330;77611;109217;139;289;287;0,06719068499396466;0,051122403232921325;0;0,047374952208279315;0;0,8343119595648348;0;0;0
239000;16,16;-27,0;-1;-1;10787;15445;19089;5400;77611;110488;139;289;287;0,048973490963145565;0,03782424150907502;0;0,031101518771244317;0,2393447522730934;0,6427559964834417;0;0;0
240500;16,232;-36,0;-1;-1;10860;15492;19089;5432;77993;111454;139;289;287;0,062042361033242226;0,04840715776014959;0;0,03951701374331517;0;0,8498854859818014;0;1,4798148149167354E-4;0
242000;16,308;-31,0;-1;-1;10989;15561;19092;5486;77996;112712;143;292;293;0,06417792270284058;0;0,06949310950201297;0,03648310068520716;0;0,8295981538090379;1,086911937062575E-4;1,3902210719501573E-4;0
243500;16,383;-36,0;-1;-1;11077;15561;19194;5553;77996;113955;143;292;293;0,061190480075385426;0;0,06691267601112896;0,03441925124923878;0;0,8370863817495706;0;0;3,9121091467628216E-4
245000;16,453;-36,0;-1;-1;11171;15561;19289;5600;77996;115218;143;292;294;0;0;0,07029000405224939;0,035732391999477975;0;0,8935622902566662;0;0;4,153136916065068E-4
246500;16,523;-30,0;-1;-1;11171;15561;19403;5648;77996;116555;143;292;295;0;0;0,06326998707268025;0,041793033546678036;0;0,8949369793806418;0;0;0
247500;16,569;-41,0;-1;-1;11171;15561;19473;5684;77996;117449;143;292;295;0;0,03242267385149182;0,047133309468095935;0,030856911089001154;0,20915080131243793;0,6804363042789732;0;0;0
249000;16,642;-28,0;-1;-1;11171;15608;19551;5745;78344;118415;143;292;295;0;0,040771150854039415;0,05917528658518577;0,037973406568006456;0;0,8619536973787282;0;1,2645861404002258E-4;0
250500;16,714;-38,0;-1;-1;11171;15671;19645;5818;78344;119685;143;292;295;0,05161462863038145;0,03749449898201724;0,054396380572444655;0,04389324672445722;0;0,8126012450906994;0;0;0
252000;16,787;-38,0;-1;-1;11247;15728;19737;5881;78344;120897;143;292;295;0;0,040177796303346815;0,05822492044769429;0,04607081830440856;0;0,8550606282603428;9,99466853623875E-5;0;3,6588999884514645E-4
253500;16,864;-37,0;-1;-1;11247;15783;19815;5948;78344;122197;143;292;295;0;0,037920017387526;0,054958153682020845;0,0424869680721345;0;0,8646348608583186;0;0;0
255000;16,932;-24,0;-1;-1;11247;15841;19897;6008;78344;123497;143;292;295;0;0,03738228414687892;0,054172178008534265;0,04111945373419136;0;0,8673260841103956;0;0;0
256500;16,998;-37,0;-1;-1;11247;15877;19990;6073;78344;124803;143;292;295;0;0,04004753548688153;0,05263954691573688;0,03924195253089151;0;0,8680709650664902;0;0;0
258000;17,069;-41,0;-1;-1;11250;15946;20060;6134;78345;126115;149;295;298;0;0,03198876659769103;0,04221652711798699;0,030861676999481526;0,20242190769184198;0,6924150756094694;0;9,604598352910318E-5;0
259500;17,142;-42,0;-1;-1;11250;15989;20123;6191;78654;127143;149;295;298;0,03932799666265201;0,030068459664311167;0,03968391067429385;0,028468057271478286;0,19183526275952442;0,6706163129677403;0;0;0
261000;17,213;-44,0;-1;-1;11304;16043;20193;6228;78945;128137;149;295;298;0,048774851479725954;0,03742772559486461;0,049460880909436886;0,03519165280848291;0;0,828816297164439;0;0;3,285920430506412E-4
262500;17,284;-36,0;-1;-1;11383;16117;20273;6280;78945;129351;149;295;299;0;0,03825047342851461;0,05075091001763522;0,03563657567974795;0;0,8750222029063557;0;0;3,398379677465724E-4
264000;17,354;-36,0;-1;-1;11383;16179;20351;6320;78945;130668;149;295;302;0;0,04030743353640076;0,0535606562917907;0;0;0,9056766610004934;9,535580431234022E-5;0;3,598933670028027E-4
265500;17,424;-39,0;-1;-1;11383;16244;20435;6320;78945;132018;149;295;303;0;0,04448519816753043;0,05409989021819204;0;0;0,9014149116142774;0;0;0
266500;17,468;-39,0;-1;-1;11383;16291;20480;6320;78945;132926;149;295;303;0;0,03526777234254055;0,04300797461541316;0;0,21521339612034485;0,7065108569217013;0;0;0
268000;17,534;-40,0;-1;-1;11383;16348;20560;6320;79272;133962;149;295;303;0,041983074935279446;0,03397433403125014;0,041430781261729006;0;0,20679471830948457;0,6757161209482437;0;1,0097051401303983E-4;0
269500;17,604;-40,0;-1;-1;11456;16402;20626;6320;79572;134969;149;295;303;0,0424902915183966;0,034679268916275235;0;0,03055672722550535;0,2107238410284251;0,6815498713113978;0;0;0
271000;17,673;-40,0;-1;-1;11525;16456;20626;6371;79897;135970;149;295;303;0;0,036547690491591865;0;0,03178370118957174;0,2215129315664296;0,7098419420731338;0;0;3,1373467927310665E-4
272500;17,742;-26,0;-1;-1;11525;16509;20626;6414;80245;137026;149;295;303;0;0,03784606393054504;0;0,02986619469121911;0,2196047205039416;0,7126830208742942;0;0;0
274000;17,81;-36,0;-1;-1;11527;16572;20631;6461;80570;138101;152;297;307;0;0,037625407789544985;0;0,0294147877102959;0,21814025202423531;0,7148195524759239;0;0;0
275500;17,877;-35,0;-1;-1;11527;16633;20631;6507;80903;139161;152;297;307;0;0,03481930552141032;0,040619330528831696;0,026962381728090005;0,2040163149835974;0,6935826672380706;0;0;0
277000;17,947;-39,0;-1;-1;11527;16683;20686;6537;81240;140189;152;297;307;0,046572069368523095;0,04014998880268289;0,0496682329154096;0,03095409830301518;0;0,8326556106103693;0;0;0
278500;18,016;-26,0;-1;-1;11609;16756;20758;6573;81240;141426;152;297;307;0;0,04136253979565643;0,05138010228045036;0,031783329484629495;0;0,8754740284392638;0;0;0
280000;18,086;-31,0;-1;-1;11609;16826;20831;6621;81240;142735;152;297;307;0;0,0397471919290467;0,04953451646879084;0,03028235090445528;0;0,8799863418773167;0;1,1787787143489611E-4;3,317209489555985E-4
281500;18,159;-42,0;-1;-1;11609;16885;20908;6664;81240;144056;152;297;307;0;0,03922802743553314;0,04894842908329952;0,029638255923668092;0;0,8821852875574993;0;0;0
283000;18,229;-36,0;-1;-1;11609;16943;20989;6708;81240;145373;152;297;307;0;0,030650955259728482;0,04068290109441929;0,02295291291999188;0,18983585427837718;0,7158773764474832;0;0;0
284500;18,301;-35,0;-1;-1;11609;17008;21038;6751;81521;146435;152;297;307;0;0,036531871733567034;0,048757126010785676;0,027160435961826004;0;0,8875505662938213;0;0;0
286000;18,384;-41,0;-1;-1;11609;17070;21114;6794;81521;147754;152;297;307;0,04050500490029361;0,03616316043099903;0,047129096927604676;0,02447932219245334;0;0,8517234155486494;0;0;0
287500;18,456;-42,0;-1;-1;11670;17128;21185;6829;81521;149029;152;297;307;0,272196810880164;0,24424472653595408;0,3189902046908797;0,1645682578930023;0;0;0;0;0
289000;18,523;-32,0;-1;-1;12065;17489;21729;7029;81521;149029;152;297;307;0,27522920679573337;0,23931538523564436;0,3519789385534342;0,13347646941518795;0;0;0;0;0
290500;18,592;-32,0;-1;-1;12479;17852;22243;7252;81524;149034;155;298;313;0,2692112353309067;0,2422461108830764;0,35592748267952945;0,13076188560775276;0;0;0;0;0,00185328549873473
292000;18,661;-26,0;-1;-1;12886;18223;22788;7425;81524;149034;155;298;317;0;0,12258927437489367;0,200633627613398;0,05597319734912098;0,6199606149807109;0;0;0;8,432856818765179E-4
293500;18,734;-35,0;-1;-1;12886;18387;23101;7496;82473;149034;155;298;320;0;0;0,0634986029830792;0,016125740439355322;0,18364441868158327;0,7367312378959823;0;0;0
295000;18,804;-38,0;-1;-1;12886;18387;23182;7523;82775;150124;155;298;320;0;0;0,06369630717679331;0,01616061632906421;0,18391518075943278;0,7362278957347097;0;0;0
296500;18,874;-38,0;-1;-1;12886;18387;23279;7546;83056;151223;155;298;320;0;0;0,06417512757037624;0,016321970658774533;0,18549838768708918;0,7340045140837601;0;0;0
298000;18,943;-39,0;-1;-1;12886;18387;23368;7571;83341;152324;155;298;320;0,03257787410201959;0;0,06295355953126738;0,015231478595854265;0,17301132216004994;0,7162257656108089;0;0;0
299500;19,017;-39,0;-1;-1;12931;18387;23470;7593;83595;153401;155;298;320;0,03381773573793455;0,03615764566595423;0;0,015833857769239484;0,17969550101943707;0,7342407783018382;0;0;2,544815055965541E-4
301000;19,093;-33,0;-1;-1;12976;18453;23470;7625;83844;154509;155;298;320;0,03327891115950761;0,03841989550449058;0;0,015550523899872812;0,17708117124406703;0,735669498192062;0;0;0
302500;19,169;-39,0;-1;-1;13026;18514;23470;7650;84098;155619;155;298;320;0,039879069241958956;0,04611605713292239;0;0,018667158876935323;0;0,8953377147481834;0;0;0
304000;19,241;-19,0;-1;-1;13091;18578;23470;7673;84098;156967;155;298;320;0,03981482888284032;0,04623858343909092;0;0,018762157206442923;0;0,8951844304716258;0;0;0
305500;19,311;-33,0;-1;-1;13141;18644;23470;7701;84098;158323;155;298;320;0,036375950999470434;0,042270090424119375;0,0738868328341986;0,017158023490997397;0;0,8303091022512142;0;0;0
307000;19,387;-38,0;-1;-1;13188;18705;23585;7733;84102;159582;159;301;323;0,03677885443953909;0;0,07833912218087566;0,017313069326492448;0;0,8675689540530929;0;0;0
308500;19,457;-28,0;-1;-1;13241;18705;23709;7756;84102;160882;159;301;323;0,03003447854102642;0;0,06383181581553671;0,014186482299353554;0,16872190821318997;0,7229827063740419;0;0;2,4260875685139452E-4
310000;19,533;-34,0;-1;-1;13288;18705;23803;7777;84326;161996;159;301;323;0,02916484973019122;0;0,061985222946182694;0,01381834702758999;0,16817453676986285;0,7268570435261733;0;0;0
311500;19,605;-33,0;-1;-1;13331;18705;23886;7796;84558;163119;159;301;323;0,030129144256566476;0;0;0,014315740999634445;0,17600709152123378;0,7795480232225653;0;0;0
313000;19,675;-32,0;-1;-1;13380;18705;23886;7821;84807;164296;159;301;323;0,027591096855967497;0,03358953365331831;0;0,013131172838103024;0,16715117050039371;0,7585370261522174;0;0;0
314500;19,749;-31,0;-1;-1;13415;18752;23886;7840;85056;165446;159;301;323;0,033077977288035056;0,04026802355182862;0;0,01575134095083412;0;0,9109026582093023;0;0;0
316000;19,818;-34,0;-1;-1;13470;18811;23886;7866;85056;166806;159;301;323;0,03205774455312361;0,03911291994386031;0;0,015300472483581223;0;0,9135288630194348;0;0;0
317500;19,887;-32,0;-1;-1;13501;18875;23886;7888;85056;168189;159;301;323;0,028664415104858305;0,0348435637598382;0,06340945572126316;0,013661092201619585;0;0,8594214732124208;0;0;0
319000;19,96;-37,0;-1;-1;13548;18934;23978;7916;85056;169463;159;301;323;0,028669276750792966;0,034883413566018685;0;0,01366895117906281;0;0,9225285425054226;0;0;2,4981599870291244E-4
320500;20,035;-31,0;-1;-1;13591;18983;23978;7939;85056;170848;159;301;323;0,02362095171271042;0,02878409222878522;0;0,014281467134481904;0,1487977257744998;0,7845157631495226;0;0;0
322000;20,108;-41,0;-1;-1;13630;19031;23978;7957;85252;172047;159;301;323;0,027458325085314785;0,0389111672924504;0;0,01663690440679412;0;0,9169936032154407;0;0;0
323500;20,18;-36,0;-1;-1;13677;19100;23980;7983;85253;173416;162;303;327;0,026549558515469064;0,037576997285924785;0;0,016092583957610006;0;0,9197808602409963;0;0;0
325000;20,25;-32,0;-1;-1;13719;19154;23980;8000;85253;174803;162;303;327;0,025965756593838273;0,03676714213237813;0;0,015786458734266942;0;0,9214806425395167;0;0;0
326500;20,32;-36,0;-1;-1;13753;19202;23980;8019;85253;176202;162;303;327;0,024637446625493904;0,03486575552537216;0,05712602249226885;0,014986064145577616;0;0,8683847112112875;0;0;0
328000;20,391;-35,0;-1;-1;13784;19254;24059;8041;85253;177518;162;303;327;0,025160749216093566;0;0,06113682862860874;0,01909729737489918;0;0,8946051247803986;0;0;0
329500;20,46;-32,0;-1;-1;13832;19254;24151;8070;85253;178849;162;303;327;0,021212630845928216;0;0,054117364506221795;0,01610056526057616;0,13984116940532748;0,7687282699819463;0;0;0
331000;20,53;-28,0;-1;-1;13869;19254;24237;8090;85447;180012;162;303;327;0,024168588324896538;0;0,06454204772279948;0,018348297017196605;0;0,892716306417867;0;0;2,2476051724035993E-4
332500;20,601;-37,0;-1;-1;13902;19254;24351;8111;85447;181344;162;303;327;0,02422795159611961;0;0,06431714610684681;0,018376113779113055;0;0,8930787885179204;0;0;0
334000;20,67;-41,0;-1;-1;13945;19254;24437;8137;85447;182689;162;303;327;0,023535551004105808;0,034457325468863924;0,062471369466642133;0,017848730252003283;0;0,8616870238083848;0;0;0
335500;20,742;-33,0;-1;-1;13967;19303;24533;8161;85447;183998;162;303;327;0,024092990212818487;0;0,06663113019843331;0,018195820737076256;0;0,8910800588516719;0;0;0
337000;20,82;-34,0;-1;-1;14009;19303;24646;8189;85447;185315;162;303;327;0,023789250925113567;0;0,06869477629005515;0,017945434216718268;0;0,8895705385681131;0;0;0
338500;20,889;-37,0;-1;-1;14040;19303;24740;8222;85447;186657;162;303;327;0,023922534109145088;0;0,06881146540295956;0,017947319942695186;0;0,8893186805452001;0;0;0
340000;20,962;-37,0;-1;-1;14085;19306;24852;8247;85451;187985;167;304;332;0,02070219180611366;0;0,05907067054100511;0,015538907307958493;0,14486294378249517;0,7598252865624276;0;0;0
341500;21,035;-38,0;-1;-1;14110;19306;24948;8271;85676;189115;167;304;332;0;0;0,06173668589764749;0,015531398508670694;0,14997110576190045;0,7727608098317813;0;0;0
343000;21,107;-41,0;-1;-1;14110;19306;25030;8298;85899;190283;167;304;332;0;0,029722953280519306;0,06079155315224443;0,01460253422068823;0,146114434653775;0,7487685246927731;0;0;0
344500;21,177;-28,0;-1;-1;14110;19360;25120;8322;86126;191388;167;304;332;0;0,03416436956336711;0,07302991551787795;0,01678945700349622;0;0,8757934020511663;0;0;2,228558640924091E-4
346000;21,247;-39,0;-1;-1;14110;19413;25238;8351;86126;192688;167;304;332;0;0,03290268896682946;0,07002360393196336;0,016128082873487902;0;0,8809456242277194;0;0;0
347500;21,318;-34,0;-1;-1;14110;19457;25339;8375;86126;194019;167;304;332;0,02141018926006357;0,03143794447178387;0,06661439661329642;0,015384044049959227;0;0,8651534256048969;0;0;0
349000;21,389;-30,0;-1;-1;14132;19501;25437;8402;86126;195328;167;304;332;0,020809042833982685;0,03277636081759383;0,06726224475724474;0;0;0,8791523515911788;0;0;0
350500;21,458;-37,0;-1;-1;14164;19548;25543;8402;86126;196643;167;304;332;0,018005044378580887;0,02834162645373301;0,05794383673804786;0;0,13367764953695532;0,762031842892683;0;0;0
352000;21,531;-34,0;-1;-1;14189;19596;25629;8402;86332;197778;167;304;332;0,018302728420194363;0;0,06129753742770047;0;0,13866574711546273;0,7817339870366424;0;0;0
353500;21,602;-23,0;-1;-1;14215;19596;25714;8402;86524;198975;167;304;332;0,01982570648037913;0;0,06193229957336832;0;0,13594912504709114;0,7822928688991614;0;0;0
355000;21,673;-15,0;-1;-1;14246;19596;25802;8402;86729;200151;167;304;332;0,019148631606493383;0;0,06226233253029597;0,01259445080785227;0,1311950448340538;0,7747995402213047;0;0;0
356500;21,746;-30,0;-1;-1;14286;19602;25902;8434;86907;201321;167;306;335;0;0;0,06381246708719934;0,015257825591791974;0,13232130601960654;0,7886084013014022;0;0;0
358000;21,814;-41,0;-1;-1;14286;19602;25983;8458;87099;202524;167;306;335;0;0,026308128020598807;0,061414405599328814;0,014686268249786789;0,1275942841698379;0,7698313561676127;0;0;1,6555779283502182E-4
359500;21,886;-42,0;-1;-1;14286;19634;26076;8480;87285;203690;167;306;336;0;0,1145774162637712;0,266137364030031;0,06377382365124513;0,5547880338175799;0;0;0;7,233622373727795E-4
361000;21,955;-34,0;-1;-1;14286;19804;26465;8579;88125;203690;167;306;338;0;0,16106764379634325;0;0,09417846903002376;0,744753887173633;0;0;0;0
362000;21,999;-37,0;-1;-1;14286;19976;26465;8665;88867;203690;167;306;338;0,09037805890384167;0,150985962108133;0;0,09926580348555707;0,6593701755024682;0;0;0;0
363500;22,064;-37,0;-1;-1;14416;20226;26465;8804;89848;203690;167;306;338;0,09109589012725373;0,1503902849684111;0;0,09790433401449583;0,6606094908898392;0;0;0;0
365000;22,132;-36,0;-1;-1;14550;20459;26465;8955;90830;203690;167;306;338;0,017870224619087896;0,031144693642590895;0;0,03149817188924494;0,1389019139206914;0,7805849959283849;0;0;0
366500;22,201;-31,0;-1;-1;14581;20499;26465;9014;91057;204833;167;306;338;0,019170623539928426;0,03342614536232647;0,06776124294318592;0,03332967216815447;0;0,8461288121376802;0;0;1,8350384872457964E-4
368000;22,273;-35,0;-1;-1;14609;20549;26554;9066;91057;206113;167;306;339;0,020333238041583462;0,035381902141615476;0;0,03492207136870829;0;0,9091674948289823;0;0;1,9529361911051007E-4
369500;22,344;-32,0;-1;-1;14646;20596;26554;9116;91057;207479;167;306;339;0,019870134523035765;0,03459837159275934;0;0,03380909657566871;0;0,9117223973085362;0;0;0
371000;22,41;-36,0;-1;-1;14668;20649;26554;9176;91057;208844;167;306;339;0,019955276438181308;0,03463090557794068;0;0,03344802965315025;0;0,9119657883307277;0;0;0
372500;22,478;-33,0;-1;-1;14712;20703;26557;9229;91063;210201;170;309;345;0,016987005296809563;0,02950584735123321;0;0,02822785702290756;0,13688469857842972;0,78839459175062;0;0;0
374000;22,55;-39,0;-1;-1;14742;20748;26557;9271;91268;211379;170;309;345;0,021840269959949112;0,034088779714657;0;0,03238032874169444;0;0,9116906215836995;0;0;0
375500;22,627;-37,0;-1;-1;14768;20792;26557;9324;91268;212756;170;309;345;0,019165977027684782;0,029876334802904428;0,06270366581757175;0,03829540551497893;0;0,8497896836524604;0;0;1,6893318439957454E-4
377000;22,7;-40,0;-1;-1;14786;20831;26648;9394;91268;214038;170;309;345;0,01930341362074484;0,030029251704578836;0,06278248803723015;0,03783100403414721;0;0,850053842603299;0;0;0
378500;22,772;-28,0;-1;-1;14809;20872;26740;9447;91268;215329;170;309;345;0,020002061297274835;0,031065709364721573;0;0,03868730676528148;0;0,9102449225727222;0;0;0
380000;22,838;-31,0;-1;-1;14846;20919;26740;9498;91268;216694;170;309;345;0,019716247040105394;0,030636017373158974;0;0,0378160314358804;0;0,9118317041508553;0;0;0
381500;22,905;-39,0;-1;-1;14873;20969;26740;9543;91268;218072;170;309;345;0,017172237227838852;0,02662909793295092;0;0,03262846610642786;0,12768723410013352;0,7958829646326488;0;0;0
383000;22,974;-40,0;-1;-1;14899;21016;26740;9599;91451;219260;170;309;345;0,084377598088556;0,13061635840401406;0;0,1580996852118241;0,6269063582956058;0;0;0;0
384500;23,041;-26,0;-1;-1;15037;21203;26740;9869;92356;219260;170;309;345;0,0650597950332311;0,10076829150424121;0,22078242785892077;0,11505536023419534;0,4977257800450207;0;0;0;6,08345324390993E-4
386000;23,113;-31,0;-1;-1;15137;21360;27069;10062;93077;219260;170;309;345;0,06476430497481095;0,09999450868423167;0,21679433449816027;0,10995781751502423;0,5084890343277728;0;0;0;0
387500;23,18;-31,0;-1;-1;15230;21526;27382;10222;93845;219260;170;309;345;0,07330379244098925;0,11254039869790611;0,24219319344388412;0;0,5719626154172205;0;0;0;0
389000;23,248;-32,0;-1;-1;15341;21690;27747;10224;94716;219262;175;311;347;0,0191009742107857;0,0255016125644319;0,050692091091825854;0;0,12320058770768505;0,7815047344252716;0;0;0
390500;23,314;-34,0;-1;-1;15367;21726;27819;10224;94882;220462;175;311;347;0,02190511998244393;0,029237615279631764;0,058013914026183146;0;0;0,8908433507117413;0;0;0
392000;23,379;-37,0;-1;-1;15408;21761;27901;10224;94882;221804;175;311;347;0,02200398325277567;0,029452423874224514;0,05826997306740184;0;0;0,8902736198055979;0;0;0
393500;23,448;-38,0;-1;-1;15444;21802;27997;10224;94882;223131;175;311;347;0,021524027851567998;0,028848344539620475;0,05925576980052947;0,030149012671909392;0;0,8602228451363727;0;0;0
395000;23,519;-39,0;-1;-1;15476;21845;28080;10262;94882;224435;175;311;347;0,154109065698185;0,20655217415450008;0,4233248389861909;0,21473307838782263;0;0;0;0;0,0012808427733015735
396500;23,588;-39,0;-1;-1;15691;22167;28707;10597;94882;224435;175;311;348;0,09498132744598071;0,1267880911214531;0;0,12442764526012964;0,652980815050358;0;0;0;8,221211220785556E-4
398000;23,658;-31,0;-1;-1;15834;22338;28707;10835;95827;224435;175;311;351;0,09946573057733028;0;0;0,1906873227331579;0,7098469466895118;0;0;0;0
399000;23,702;-31,0;-1;-1;15930;22338;28707;11014;96552;224435;175;311;351;0,10044384500520229;0;0;0,18616693557095332;0,7133892194238444;0;0;0;0
400000;23,746;-25,0;-1;-1;16031;22338;28707;11204;97261;224435;175;311;351;0,019916042525074052;0;0;0,05334970071441319;0,13044542071602727;0,7962888360444855;0;0;0
401500;23,814;-38,0;-1;-1;16067;22338;28707;11288;97431;225645;175;311;351;0,018783269690624188;0;0,04935893679979804;0,049451281513143173;0,12447684658425102;0,7579296654121837;0;0;0
403000;23,885;-33,0;-1;-1;16099;22338;28785;11358;97632;226764;175;311;351;0,02057919162155782;0,026354787390387248;0,0540014189952078;0,053453211843470017;0;0,8454372582649109;0;0;1,7413188446633243E-4
404500;24,006;-34,0;-1;-1;16137;22373;28870;11431;97635;228048;177;314;355;0,02357605209529265;0,029353134438690125;0;0,054890880010890944;0;0,8919991930705664;0;0;1,8074038455981578E-4
406000;24,1;-36,0;-1;-1;16179;22416;28870;11529;97635;229364;177;314;356;0,02404323345755878;0;0;0,06158744090742422;0;0,9143693256350169;0;0;0
407000;24,145;-43,0;-1;-1;16193;22416;28870;11589;97635;230290;177;314;356;0,024062739381478872;0;0;0,06074955617425825;0;0,9151877044442629;0;0;0
408000;24,19;-22,0;-1;-1;16219;22416;28870;11643;97635;231210;177;314;356;0,02069540555156825;0;0;0,0578944741903952;0,12760264533334864;0,793807474924688;0;0;0
409500;24,259;-36,0;-1;-1;16266;22416;28870;11717;97831;232393;177;314;356;0,02350864458604898;0;0,047754414878985234;0,05403737471950638;0,12080628404622906;0,7538932817692303;0;0;0
411000;24,331;-39,0;-1;-1;16302;22416;28934;11792;98015;233534;177;314;356;0,023667502394402698;0,02516410743842879;0,05013041784217215;0;0,12421711295345536;0,776664982469016;0;0;1,5587690252487119E-4
412500;24,407;-40,0;-1;-1;16332;22440;29002;11792;98221;234706;177;314;356;0,023834545343764096;0,02540554834681686;0,050439959409450785;0;0,12498830606498186;0,7753316408349865;0;0;0
414000;24,478;-28,0;-1;-1;16353;22483;29077;11792;98422;235866;177;314;356;0,0250206646307608;0,02660891341359176;0;0;0,1335242269733741;0,8148461949822733;0;0;0
415500;24,548;-35,0;-1;-1;16394;22516;29077;11792;98601;237113;177;314;356;0,024934135828316873;0,026602129028022302;0;0;0,13334212284135993;0,815121612302301;0;0;0
417000;24,618;-35,0;-1;-1;16433;22555;29077;11792;98799;238337;177;314;356;0,02312779482012724;0,026356709017674337;0;0,0537819392871846;0,1237830373471685;0,7729505195278453;0;0;0
418500;24,693;-36,0;-1;-1;16468;22594;29077;11865;98989;239500;177;314;356;0,024027107628754815;0,0274172098261766;0;0;0,12994567070047364;0,8186100118445949;0;0;0
420000;24,767;-39,0;-1;-1;16504;22646;29080;11869;99175;240734;181;316;359;0,022926639101617793;0,026140321018770153;0,049781635707387396;0;0,12407771210315677;0,7769172594185084;0;0;1,5643265055954227E-4
421500;24,842;-32,0;-1;-1;16540;22686;29160;11869;99358;241895;181;316;359;0,022641105935167407;0,025842004566494475;0,04909465004297124;0;0,1263271474364468;0,7760950920189199;0;0;0
423000;24,914;-33,0;-1;-1;16577;22724;29228;11869;99549;243061;181;316;359;0,10102268106136822;0,11552461852846836;0,21915781031536777;0;0,5642948900947957;0;0;0;0
424500;24,984;-31,0;-1;-1;16754;22927;29529;11869;100368;243061;181;316;359;0,12242492222107286;0,1352157622901519;0,20463709898212776;0;0,5377222165066476;0;0;0;0
426000;25,055;-25,0;-1;-1;16929;23128;29810;11869;101211;243061;181;316;359;0,10606508730518545;0,11239634330638551;0,17059918451219896;0,15998608198520492;0,45095330289102514;0;0;0;0
427500;25,129;-29,0;-1;-1;17096;23284;30063;12119;101885;243061;181;316;359;0,12489069400861962;0,13364692203523815;0;0,1999264628250785;0,5415359211310636;0;0;0;0
429000;25,201;-26,0;-1;-1;17291;23479;30063;12410;102704;243061;181;316;359;0,03148367298783658;0,03596565611954428;0;0,048286036834013724;0,14432753382539876;0,7399371002332067;0;0;0
430500;25,274;-30,0;-1;-1;17335;23532;30063;12480;102911;244187;181;316;359;0,03567807816464162;0,04312950980308721;0;0,060194666806519546;0;0,8608251392410822;0;0;1,7260598466961794E-4
432000;25,346;-35,0;-1;-1;17381;23592;30063;12577;102911;245484;181;316;359;0,035761051973386755;0,04322565156394636;0;0,059302157539751;0;0,8617111389229158;0;0;0
433500;25,417;-35,0;-1;-1;17433;23647;30063;12673;102911;246781;181;316;359;0,033923843998693054;0,04107796606874565;0,05854113979696159;0,055385559632917115;0;0,8110714905026826;0;0;0
435000;25,49;-39,0;-1;-1;17480;23707;30147;12736;102911;248027;181;316;359;0,035133794022764286;0,044966865474795496;0,06303568560500203;0;0;0,8568636548974381;0;0;0
436500;25,564;-16,0;-1;-1;17521;23772;30257;12737;102913;249318;184;320;371;0,030213197239285436;0,03861085996250522;0,05404587710114587;0;0,1435925850744338;0,7335374806226298;0;0;0
438000;25,657;-39,0;-1;-1;17559;23836;30333;12737;103100;250456;185;320;389;0,031382262822429605;0,04224521874420042;0;0;0,15345681532214192;0,7729157031112279;0;0;0
439500;25,729;-40,0;-1;-1;17609;23898;30333;12737;103318;251626;185;320;389;0,03147090639500467;0,04238833014709098;0;0;0,15424050296416691;0,7719002604937374;0;0;0
441000;25,804;-31,0;-1;-1;17651;23965;30335;12738;103551;252786;186;321;410;0,0321886185768999;0,04003246770593107;0;0,04980389475562115;0,14598370593867543;0,7319913130228723;0;0;0
442500;25,878;-35,0;-1;-1;17698;24011;30335;12828;103774;253880;186;321;410;0,03757580031521985;0,04684144533389234;0;0,0572672673413859;0;0,8559896367913267;0;0;0,0023258502181752647
444000;25,954;-37,0;-1;-1;17745;24083;30335;12924;103774;255163;186;321;412;0,1811625564990005;0,22557505585047818;0,3105164368278168;0,27148524290419057;0;0;0;0;0,011260707918513897
445500;26,029;-29,0;-1;-1;18007;24415;30782;13365;103775;255167;186;322;448;0,18439212963852245;0;0,38229623677262203;0,4223050094657967;0;0;0;0;0,01100662412305874
447000;26,099;-31,0;-1;-1;18315;24415;31398;13924;103775;255167;186;322;465;0,20111598839529418;0;0,39883257030589825;0,38876810123684385;0;0;0;0;0,011283340061963656
448500;26,167;-25,0;-1;-1;18607;24415;32000;14517;103775;255167;186;322;478;0,11297182258045216;0;0,2058850663235641;0,228160048602873;0,44780414582547573;0;0;0;0,005178916667634882
450000;26,237;-24,0;-1;-1;18763;24415;32295;14893;104444;255167;186;322;482;0,036087047081082985;0;0;0,08788115861590483;0,1493071283626906;0,7250414255520086;0;0;0,0016832403883130043
451500;26,312;-35,0;-1;-1;18829;24416;32295;15001;104639;256298;186;323;502;0,042898925585634164;0,042762179200261236;0;0,09605390027538144;0;0,8164824072946472;0;0;0,0018025876440759523
453000;26,386;-36,0;-1;-1;18898;24476;32295;15128;104639;257541;186;323;503;0,04656349200094663;0,04659134040126436;0;0;0;0,9048683564804337;0;0;0,0019768111173552078
454500;26,458;-42,0;-1;-1;18972;24542;32295;15128;104639;258899;186;323;505;0,046245900491803;0,046453815166401916;0;0;0;0,9053195547308484;0;0;0,001980729610946799
456000;26,529;-32,0;-1;-1;19045;24614;32295;15128;104639;260253;186;323;506;0,042191883907889575;0,042503997161902986;0,07532606769787777;0;0;0,8381515985821942;0;0;0,0018264526501354866
457500;26,604;-35,0;-1;-1;19118;24683;32384;15128;104639;261521;186;323;507;0,04041555628902365;0,03811102894936565;0;0;0,1537204483034674;0,766102969103914;0;0;0,0016499973542295097
459000;26,681;-32,0;-1;-1;19168;24756;32386;15129;104877;262661;187;323;527;0,03826016616761512;0;0;0,0823638342493777;0,1483267293518241;0,729541453765599;0;0;0,0015078164655842614
460500;26,755;-33,0;-1;-1;19226;24756;32386;15259;105095;263754;187;323;528;0,1420288309411965;0;0;0,2997825782555024;0,5525436986414347;0;0;0;0,005644892161866227
462000;26,826;-28,0;-1;-1;19429;24756;32386;15714;105927;263754;187;323;538;0,1361783066065992;0;0;0,31406041757844705;0,5442817815702704;0;0;0;0,005479494244683446
463500;26,895;-28,0;-1;-1;19627;24756;32386;16184;106751;263754;187;323;546;0,13833528386316135;0;0;0,2983512013794658;0,5576559853374065;0;0;0;0,005657529419966435
465000;26,966;-30,0;-1;-1;19832;24756;32386;16650;107571;263754;187;323;555;0,09821876599898913;0,0967466904182594;0,17328306313976177;0,23118825631888268;0,39676603082179507;0;0;0;0,003797193302311992
466500;27,041;-29,0;-1;-1;19987;24896;32646;17037;108117;263754;187;323;567;0;0,036186047899314455;0,06429709809604178;0,09657677174362868;0,13857499763982883;0,6630980560333326;0;0;0,0012670285878535455
468000;27,122;-39,0;-1;-1;19987;24960;32753;17182;108316;264740;189;324;602;0;0,04168936624436382;0,073991240648864;0,10898629444265441;0;0,7739700082785151;0;0;0,0013630903856025895
469500;27,194;-33,0;-1;-1;19987;25024;32851;17333;108316;265924;189;324;605;0;0,04558060228285443;0,08089094864615778;0;0;0,8720339397621448;0;0;0,001494509308842934
471000;27,264;-34,0;-1;-1;19987;25083;32997;17333;108316;267217;189;324;607;0;0,04583276738429668;0,0808927541093504;0;0;0,8717659854397647;0;0;0,001508493066588126
472500;27,336;-36,0;-1;-1;19987;25148;33126;17333;108316;268520;189;324;610;0,040732423042263474;0,04338905010290118;0,07633468026092498;0;0;0,8381122038099944;0;0;0,001431642783915967
474000;27,409;-33,0;-1;-1;20049;25208;33228;17333;108316;269795;189;324;611;0,03887904727507246;0,038811381490156005;0;0;0,15407135660751603;0,7669499287999711;0;0;0,0012882858272845086
475500;27,483;-36,0;-1;-1;20104;25272;33228;17333;108552;270940;189;324;611;0,034605028623120065;0,03639696994236311;0;0,091436619300699;0,13740472128239917;0,7001566608514187;0;0;0
477000;27,556;-36,0;-1;-1;20153;25321;33228;17472;108727;272028;189;324;611;0,03931002247187876;0,043576941457858925;0;0,10183401592778965;0;0,8152790201424727;0;0;0
478500;27,631;-37,0;-1;-1;20209;25384;33230;17633;108728;273253;189;326;629;0,03855771740375109;0,04278542432245581;0;0,09761430973139586;0;0,8210425485423971;0;0;0
480000;27,703;-28,0;-1;-1;20263;25460;33230;17789;108728;274467;189;326;629;0,03560186868929133;0,041509624391498974;0,06472715764807713;0,0941729785438219;0;0,7639883707273106;0;0;0
481500;27,776;-37,0;-1;-1;20316;25516;33312;17935;108728;275630;189;326;629;0,038962081442170206;0,04780949684757327;0,0709220922015371;0;0;0,8410066909860401;0;0;0,001299638522679283
483000;27,858;-37,0;-1;-1;20371;25588;33423;17935;108728;276888;189;326;633;0,03474960073013119;0,04261407299192469;0;0;0,14346031616964977;0,7780161564048325;0;0;0,0011598537034618233
484500;27,958;-34,0;-1;-1;20432;25648;33423;17935;108922;278069;189;326;637;0,03961194424913594;0,04866461028863306;0;0;0;0,9103987781486174;0;0;0,0013246673136136015
486000;28,099;-37,0;-1;-1;20486;25731;33423;17935;108922;279431;189;326;638;0,04014353541689525;0,05168867923857089;0;0;0;0,9068159929397723;0;0;0,0013517924047616744
487500;28,229;-27,0;-1;-1;20548;25820;33423;17935;108922;280778;189;326;640;0,036435959562836594;0,04621765305781106;0;0,09808121168296555;0;0,8180298895632019;0;0;0,001235286133185037
489000;28,382;-36,0;-1;-1;20619;25888;33423;18083;108922;281990;189;326;641;0,03809428110522552;0,04844954298722126;0,07209886151997294;0;0;0,8400525602599812;0;0;0,0013047541275990557
490500;28,52;-36,0;-1;-1;20675;25956;33531;18083;108923;283260;190;326;661;0,04098647629637914;0;0,07752320083649807;0;0;0,8801329518098167;0;0;0,0013573710573061032
492000;28,671;-38,0;-1;-1;20744;25956;33629;18083;108923;284592;190;326;662;0,03517709182197997;0;0,0666895603898096;0;0,15323889635150975;0,7437174085957559;0;0;0,0011770428409446799
493500;28,81;-32,0;-1;-1;20804;25956;33735;18083;109147;285700;190;326;664;0,037951803469543854;0;0;0;0,16721046216957505;0,7935602761126225;0;0;0,001277458248258508
495000;28,961;-28,0;-1;-1;20866;25956;33735;18083;109390;286893;190;326;666;0,03827587476506899;0;0;0;0,16687965016736195;0,7935475465693824;0;0;0,0012969284981866086
496500;29,034;-29,0;-1;-1;20917;25956;33735;18083;109631;288099;190;326;668;0,032725208814386494;0,043306990961879996;0;0,09083278428100866;0,14406495239271158;0,6879562714794324;0;0;0,0011137920705808673
498000;29,112;-35,0;-1;-1;20962;26044;33735;18209;109826;289143;190;326;670;0,03815145924624733;0,05027130425934358;0;0,1041278945798462;0;0,8061467325568631;0;0;0,0013026093576999085
499500;29,185;-36,0;-1;-1;21029;26121;33735;18346;109826;290360;190;326;672;0,14273683894589576;0,18821799570690775;0,28071651915477475;0,38342037677695623;0;0;0;0;0,004908269415465597
501000;29,256;-31,0;-1;-1;21237;26363;34161;18966;109826;290360;190;326;676;0,14887446421431136;0;0,31107618920554386;0,5348113515478856;0;0;0;0;0,0052379950322589755
502500;29,326;-37,0;-1;-1;21495;26363;34600;19767;109826;290360;190;326;678;0,16005488484524538;0;0,2934179207905443;0,5414131184167217;0;0;0;0;0,005114075947488618
504000;29,399;-37,0;-1;-1;21739;26363;35053;20567;109830;290363;190;328;702;0,09746010024127488;0;0,17797271216344954;0,2982157854629648;0,4232808797203171;0;0;0;0,0030705224119936033
505500;29,47;-31,0;-1;-1;21903;26363;35327;20992;110463;290363;190;328;706;0,03979889909810154;0;0,06410084137713368;0;0,15585632727417284;0,7391205631589615;0;0;0,001123369091630555
507000;29,541;-31,0;-1;-1;21968;26363;35438;20992;110696;291453;190;328;707;0,04060604377972978;0,04624061436305334;0;0;0,15951442603819127;0,7524829006900886;0;0;0,001156015128936974
508500;29,614;-32,0;-1;-1;22039;26433;35438;20992;110943;292565;190;328;707;0,040616906331672926;0,046332009755380786;0;0;0,16152910758561995;0,7515219763273263;0;0;0
510000;29,683;-32,0;-1;-1;22111;26509;35438;20992;111191;293669;190;328;707;0,04063710731739659;0,046417074431636174;0;0;0,16223782019437685;0,7507079980565903;0;0;0
511500;29,752;-36,0;-1;-1;22174;26582;35438;20992;111442;294782;190;328;707;0,03664644719214388;0,0418622161076504;0;0,09837806989490117;0,1466182627626884;0,6764950040426161;0;0;0
513000;29,823;-36,0;-1;-1;22231;26664;35438;21147;111658;295772;190;328;707;0,03810382307328043;0,04344551215392186;0,06392095248419281;0;0,15278037443770073;0,7017493378509041;0;0;0
514500;29,893;-36,0;-1;-1;22288;26729;35517;21147;111877;296852;190;328;707;0,0407354956572335;0,0464737537009855;0;0;0,16371374585044576;0,7478568730458581;0;0;0,001220131745477243
516000;29,964;-36,0;-1;-1;22357;26794;35517;21147;112129;297962;190;328;711;0,042768775874864294;0;0;0;0,17239107655569189;0,7835567168575078;0;0;0,0012834307119361128
517500;30,034;-27,0;-1;-1;22417;26794;35517;21147;112375;299153;190;328;714;0,04267801207474444;0;0;0;0,1738537584908199;0,7821843783423313;0;0;0,0012838510921043694
519000;30,108;-29,0;-1;-1;22485;26794;35517;21148;112637;300325;191;328;735;0,04261526745718749;0;0;0;0,17406685264185232;0,7820769998008182;0;0;0,0012408801001419036
520500;30,178;-38,0;-1;-1;22536;26794;35517;21148;112890;301521;191;328;735;0,03786759052031758;0;0;0,1046810063134918;0,15470667473442562;0,7016332136077215;0;0;0,0011115148240434078
522000;30,25;-38,0;-1;-1;22589;26794;35517;21310;113147;302548;191;328;736;0,09227762921802565;0,10999731512894732;0,16341599778202182;0,25194033207626804;0,3796260052716041;0;0;0;0,002742720523132939
523500;30,323;-25,0;-1;-1;22744;26963;35759;21678;113710;302548;191;328;739;0,12723326208717106;0,14999447704212332;0,21943276190355526;0;0,49972046376012746;0;0;0;0,003619035207022859
525000;30,404;-30,0;-1;-1;22944;27171;36105;21678;114446;302548;191;328;749;0,16027129943147875;0,18963529741622137;0;0;0,6454925713504657;0;0;0;0,0046008318018341526
526500;30,474;-30,0;-1;-1;23173;27430;36105;21678;115452;302548;191;328;755;0,15979977745789703;0,1893392184826838;0;0;0,6461825766145931;0;0;0;0,004678427444826112
528000;30,544;-18,0;-1;-1;23410;27723;36105;21678;116415;302548;191;328;762;0,04074973526462879;0,045405672651648035;0;0;0,15884499750201392;0,7538535828983068;0;0;0,0011460116834023882
529500;30,615;-30,0;-1;-1;23474;27796;36105;21678;116666;303658;191;328;764;0,0424102047828937;0,04726853926228565;0;0,10962662106043634;0;0,799495376240651;0;0;0,001199258653733306
531000;30,685;-32,0;-1;-1;23534;27868;36105;21835;116666;304868;191;328;765;0,04611001645875618;0,04841628422814054;0,07667158518452015;0;0;0,8275653785968847;0;0;0,0012367355316982975
532500;30,758;-36,0;-1;-1;23615;27941;36231;21835;116666;306086;191;328;767;0,052660111439360925;0,05229066909266312;0;0;0;0,8937060395733301;0;0;0,001343179894645987
534000;30,829;-37,0;-1;-1;23697;28026;36231;21835;116666;307418;191;328;768;0,05268278995638732;0,052377318969388305;0;0;0;0,893582319695903;0;0;0,0013575713783214034
535500;30,902;-37,0;-1;-1;23776;28097;36231;21837;116668;308768;191;329;790;0,044338496551548354;0,04418819359957335;0;0;0,16066321637553263;0,7497028391862357;0;0;0,0011072542871100586
537000;30,975;-38,0;-1;-1;23844;28158;36231;21837;116920;309886;191;329;791;0,1767725616878218;0,17656474031508188;0;0;0,6422113933064687;0;0;0;0,004451304690627628
538500;31,045;-30,0;-1;-1;24100;28389;36231;21837;117931;309886;191;329;793;0,12575387942788874;0,13143706544999384;0;0,2905046784816992;0,44921692011741254;0;0;0;0,0030874565230056598
540000;31,12;-35,0;-1;-1;24275;28587;36231;22271;118619;309886;191;329;798;0;0,11611421824066477;0,17159767263295642;0,3071110948717646;0,4025376498483776;0;0;0;0,002639364406236702
541500;31,193;-39,0;-1;-1;24275;28769;36477;22724;119235;309886;191;329;801;0;0,1728865882260262;0,24407082649028816;0;0,5792295512674362;0;0;0;0,003813034016249446
543000;31,266;-21,0;-1;-1;24275;29000;36842;22724;120137;309886;191;329;803;0;0,04643196502033532;0,06945777483344868;0;0,16368575422307238;0,7193752729077381;0;0;0,0010492330154056805
544500;31,34;-40,0;-1;-1;24275;29074;36937;22724;120380;310974;191;329;803;0;0,04580735794655085;0,06854464782205923;0;0,16306266993160531;0,7225853242997846;0;0;0
546000;31,411;-40,0;-1;-1;24275;29137;37040;22724;120623;312065;191;329;803;0,04035219964367541;0,04337986016406314;0,06481067880077764;0;0,1557413003954058;0,6957159609960781;0;0;0
547500;31,485;-25,0;-1;-1;24340;29188;37122;22724;120873;313117;191;329;803;0,03796538918513871;0,04095188136081999;0;0,10331371312442746;0,14925851315400654;0,6685105031756073;0;0;0
549000;31,558;-30,0;-1;-1;24405;29257;37122;22894;121091;314095;191;329;803;0,04216822577516739;0,04553287512858659;0;0;0,167640460986056;0,74465843811019;0;0;0
550500;31,628;-33,0;-1;-1;24470;29327;37122;22894;121339;315212;191;329;803;0,042054388528651836;0,045452716997341804;0;0;0,16759720889154162;0,7438265059781329;0;0;0,0010691796043318812
552000;31,706;-30,0;-1;-1;24523;29408;37122;22894;121588;316326;193;331;831;0;0,051304547119990926;0;0;0,1760717673503401;0,7715705028004071;0;0;0,0010531827292618763
553500;31,779;-39,0;-1;-1;24523;29472;37122;22894;121845;317502;193;331;834;0;0,04752423272262243;0,06703223321177348;0;0,1642871407949626;0,7201783251076666;0;0;9,78068162975068E-4
555000;31,852;-43,0;-1;-1;24523;29540;37231;22894;122075;318594;193;331;835;0;0,16890220188942137;0,23801152240158893;0;0,5895865105622088;0;0;0;0,0034997651467809465
556500;31,924;-43,0;-1;-1;24523;29789;37559;22894;122993;318594;193;331;840;0;0,11982782647537868;0,16915188556380276;0,2886125255187469;0,41987439224248196;0;0;0;0,0025333701995898217
558000;31,998;-23,0;-1;-1;24523;29990;37812;23296;123634;318594;193;331;843;0,12835841210136467;0,14780114870996183;0,2065739003985835;0;0,5142226234485745;0;0;0;0,0030439153415155033
559500;32,07;-31,0;-1;-1;24744;30205;38146;23296;124361;318594;193;331;846;0,1643396621563126;0,18799613693080242;0;0;0,6438881526442557;0;0;0;0,0037760482686294136
561000;32,144;-25,0;-1;-1;24977;30486;38146;23296;125345;318594;193;331;848;0,04399273519529629;0,04758247806901703;0;0;0,17150629071383972;0,73593566824876;0;0;9,828277730868434E-4
562500;32,216;-35,0;-1;-1;25049;30567;38146;23296;125613;319671;193;331;850;0,05551606356839267;0,05683867078440221;0;0;0;0,8864645920883083;0;0;0,001180673558896702
564000;32,289;-35,0;-1;-1;25129;30651;38146;23296;125613;321005;193;331;852;0,055682733163944516;0,05710548162170136;0;0;0;0,8860183574091787;0;0;0,0011934278051754954
565500;32,358;-36,0;-1;-1;25209;30748;38146;23296;125613;322327;193;331;853;0,05155151405715776;0,05287167539645;0,07487694467744403;0;0;0,8195845730611598;0;0;0,0011152928077884138
567000;32,429;-36,0;-1;-1;25298;30836;38248;23296;125613;323547;193;331;854;0,1693921057379163;0,17413360952800483;0,24696277525567153;0,40580882939908447;0;0;0;0;0,003702680079322807
568500;32,502;-29,0;-1;-1;25552;31095;38638;23884;125615;323556;194;331;881;0,14069584429888587;0,14225326521807624;0,21566022330026782;0;0,49868010224028547;0;0;0;0,002710564942484458
570000;32,573;-29,0;-1;-1;25774;31308;38950;23884;126360;323556;194;331;889;0,14016928408617446;0,14258663934322036;0,21576592648775528;0;0,5014781500828499;0;0;0;0
571500;32,643;-27,0;-1;-1;26001;31502;39250;23884;127139;323556;194;331;889;0,1474396746931818;0,13614805080263068;0,2183365818032471;0;0,4980756927009405;0;0;0;0
573000;32,714;-27,0;-1;-1;26215;31702;39567;23884;127908;323556;194;331;889;0,04702249487062365;0,04369783430827362;0,06985042312946102;0;0,15996481889255001;0,6794644287990917;0;0;0
574500;32,786;-36,0;-1;-1;26269;31765;39677;23884;128130;324607;194;331;889;0,05567796257364471;0,051749686882141974;0,08258197689161761;0;0;0,8099903736525957;0;0;0
576000;32,856;-34,0;-1;-1;26349;31850;39795;23884;128130;325824;194;331;889;0,05486986981122871;0,051064958379708786;0,0814768181127516;0;0;0,8115454616085771;0;0;0,001042892087733841
577500;32,929;-35,0;-1;-1;26421;31926;39938;23884;128130;327030;194;331;892;0,05672927421579228;0;0,08664701601251468;0;0;0,8555413050652874;0;0;0,0010824047064056288
579000;33,001;-30,0;-1;-1;26509;31926;40061;23884;128130;328318;194;331;893;0,04957391037800379;0;0,07816196813047714;0,11425563911268984;0;0,7570531791273564;0;0;9,553032514730325E-4
580500;33,072;-35,0;-1;-1;26582;31926;40161;24066;128130;329462;194;331;894;0,04588899693628649;0;0,07247788496335557;0;0,16280977163201704;0,717931966988452;0;0;8,913794798888144E-4
582000;33,493;-41,0;-1;-1;26648;31926;40294;24066;128386;330506;194;331;895;0,16143265828190723;0;0,26211976271075477;0;0,5732852703041046;0;0;0;0,003162308703233421
583500;33,562;-29,0;-1;-1;26866;31926;40677;24066;129280;330506;194;331;900;0,13274502692576756;0,13088636853592894;0,21515841600339916;0;0,5185623604252048;0;0;0;0,002647828109699683
585000;33,648;-21,0;-1;-1;27051;32133;41019;24068;130041;330513;197;333;928;0,16675502555213154;0,16460705762825284;0;0;0,6588696966297661;0;0;0;0,009768220189849436
586500;33,719;-32,0;-1;-1;27306;32385;41019;24068;131026;330513;197;333;936;0,16810198197645412;0,158432956386286;0;0;0,66392961186541;0;0;0;0,009535449771849827
588000;33,788;-26,0;-1;-1;27551;32636;41019;24068;132013;330513;197;333;953;0,04689023514114072;0,04628435812398192;0;0;0,19169382921863148;0,7124624671545096;0;0;0,002669110361736262
589500;33,864;-33,0;-1;-1;27617;32707;41019;24068;132291;331592;197;333;959;0,05788378324806358;0,057174445491208425;0;0;0;0,8816499684378029;0;0;0,003291802822925121
591000;33,935;-34,0;-1;-1;27714;32799;41019;24068;132291;332900;197;333;962;0,05273689003136151;0,05222329477798024;0,0878837755149419;0;0;0,8041331196038439;0;0;0,0030229200718723155
592500;34,009;-35,0;-1;-1;27807;32875;41150;24068;132291;334098;197;333;964;0,16070163360142564;0,15968650551865768;0,26813087596236657;0,40218799999195787;0;0;0;0;0,009292984925592182
594000;34,081;-35,0;-1;-1;28045;33116;41575;24652;132291;334098;197;333;976;0;0,19624471501789795;0,32709924849299216;0,4651588709254174;0;0;0;0;0,011497165563692473
595500;34,151;-42,0;-1;-1;28045;33428;42047;25347;132291;334098;197;333;997;0;0,10066457992610224;0,17208291440070558;0,27222742262417593;0,44913440492081463;0;0;0;0,005890678128201632
597000;34,233;-42,0;-1;-1;28045;33587;42294;25774;132952;334098;197;333;1003;0;0,1025458065195539;0,17494205327792758;0,2652907706875002;0,4572213695150183;0;0;0;0
598500;34,307;-44,0;-1;-1;28045;33742;42569;26184;133612;334098;197;333;1003;0;0,04101234953258714;0,06405664868919603;0,09307989568091823;0,16803425545536704;0,6338168506419315;0;0;0
600000;34,382;-44,0;-1;-1;28045;33801;42666;26311;133852;335075;197;333;1003;0,04673219498162974;0,04719170874643885;0,07360910688983897;0,10584301409767785;0;0,7266239752844146;0;0;0
601500;34,456;-44,0;-1;-1;28116;33867;42779;26458;133854;336182;197;333;1022;0,0523444851782497;0,05296442336788498;0,0824855046717053;0;0;0,81220558678216;0;0;0
603000;34,525;-44,0;-1;-1;28208;33957;42902;26458;133854;337377;197;333;1022;0,05219332953242718;0,05292270220969507;0,08243152708226803;0;0;0,8095507707183658;0;0;0,002901670457243826
604500;34,597;-29,0;-1;-1;28273;34038;43036;26458;133854;338595;197;333;1024;0,054235780860156534;0;0,08799266980331656;0;0;0,8547411974112203;0;0;0,003030351925306526
606000;34,668;-33,0;-1;-1;28332;34038;43171;26458;133854;339900;197;333;1025;0,04378007697745768;0;0,07120971095839823;0;0,1884717374778316;0,6940648275395963;0;0;0,0024736470467161325
607500;34,739;-35,0;-1;-1;28387;34038;43267;26458;134128;340970;197;333;1030;0,047985054424668556;0;0,07804379989145213;0,11167319136353565;0;0,7595873682242014;0;0;0,0027105860961423897
609000;34,809;-36,0;-1;-1;28470;34038;43393;26638;134128;342076;197;333;1035;0,0535748491596813;0;0,08722807003627904;0;0;0,8561631871742658;0;0;0,0030338936297738413
610500;34,878;-38,0;-1;-1;28555;34038;43537;26638;134128;343341;197;333;1041;0,050704778537375525;0,05348402033843012;0,082545659732201;0;0;0,8103900211780369;0;0;0,002875520213956439
612000;34,951;-37,0;-1;-1;28640;34110;43663;26638;134128;344554;197;333;1045;0,05417941662920686;0,05732047733676378;0;0;0;0,8854152141147533;0;0;0,0030848919192759503
613500;35,022;-33,0;-1;-1;28716;34185;43663;26638;134128;345899;197;333;1049;0,053607629065758694;0,05681441948448217;0;0;0;0,8865147350129047;0;0;0,003063216436854587
615000;35,092;-35,0;-1;-1;28802;34272;43663;26638;134128;347222;197;333;1053;0,04248684000327139;0,045096951253847335;0;0;0,1921894561371333;0,7177876459915918;0;0;0,002439106614156034
616500;35,166;-29,0;-1;-1;28865;34352;43663;26638;134400;348304;197;333;1056;0,03880579192029175;0;0;0,09339435181450288;0,18478222928878688;0,6807817930498116;0;0;0,0022358339266067948
618000;35,242;-31,0;-1;-1;28926;34352;43664;26757;134645;349382;197;333;1079;0,03902663667155975;0;0,06583578112871558;0;0,1874410744722951;0,7055058382176503;0;0;0,0021906695097793742
619500;35,313;-26,0;-1;-1;28987;34352;43754;26757;134944;350428;197;333;1083;0,04343136215900027;0;0;0;0,20260309007539576;0,7516441809652895;0;0;0,0023213668003145864
621000;35,385;-36,0;-1;-1;29066;34352;43754;26757;135259;351527;197;333;1090;0,04487914296860727;0;0;0;0,2037421227244873;0,7490998297711341;0;0;0,002278904535771244
622500;35,454;-16,0;-1;-1;29132;34352;43754;26757;135543;352675;197;333;1092;0,0442117256171985;0,041689207607380915;0;0;0,1912137060888082;0,7207371174272669;0;0;0,002148243259345498
624000;35,526;-37,0;-1;-1;29205;34417;43754;26757;135832;353743;197;333;1097;0,053543169506404455;0,050589517518554325;0;0;0;0,8932624116545566;0;0;0,0026049013204846503
625500;35,597;-34,0;-1;-1;29285;34494;43754;26757;135832;355080;197;333;1103;0,05209657443243862;0,04930607322452563;0;0;0;0,8960601992317647;0;0;0,0025371531112709247
627000;35,667;-28,0;-1;-1;29369;34591;43754;26757;135832;356398;197;333;1104;0,045432102087414106;0,04095778771526443;0,0657657129585371;0,09362973006568359;0;0,7520893981011879;0;0;0,002125269071912788
628500;35,742;-31,0;-1;-1;29430;34650;43844;26887;135832;357555;197;333;1107;0,0488858811321343;0,04597969631488868;0,07081605287529741;0;0;0,8320247487216903;0;0;0,002293620955989493
630000;35,814;-30,0;-1;-1;29501;34711;43942;26887;135832;358825;197;333;1107;0,03938748684527934;0,03866206912366001;0,057118691617715336;0;0,1681193713852199;0,6967123810281255;0;0;0
631500;35,887;-36,0;-1;-1;29554;34766;44036;26887;136076;359879;197;333;1107;0,041659403441999615;0,04092650665762514;0;0;0,17912763500148016;0,7382864548988951;0;0;0
633000;35,958;-31,0;-1;-1;29625;34826;44036;26887;136338;360986;197;333;1107;0,04303133170281968;0,04038430611548508;0;0;0,17919609097540004;0,7373882712062951;0;0;0
634500;36,034;-27,0;-1;-1;29692;34888;44037;26888;136601;362096;197;333;1124;0,04456892557549403;0,041581380784806554;0;0;0,17845467001252152;0,735395023627178;0;0;0
636000;36,108;-31,0;-1;-1;29758;34940;44037;26888;136864;363216;197;333;1155;0,043804299958233456;0,04262918274063552;0;0;0,1768283086678993;0,7312968744036961;0;0;0,005441334229535697
637500;36,185;-35,0;-1;-1;29824;35022;44037;26888;137141;364283;197;333;1163;0;0,043060456054375605;0,05786568439755722;0;0,1743987756275663;0,7194072384053313;0;0;0,005267845515169571
639000;36,262;-39,0;-1;-1;29824;35081;44120;26888;137391;365387;198;333;1189;0;0,04655986714155813;0,06255089442289889;0,08986670870504056;0;0,7955025165910486;0;0;0,005520013139453848
640500;36,338;-43,0;-1;-1;29824;35159;44222;27013;137391;366577;198;333;1194;0;0,22380231529546002;0,3007143324732148;0,44892462609499245;0;0;0;0;0,02655872613633283
642000;36,407;-43,0;-1;-1;29824;35519;44677;27659;137391;366577;198;333;1233;0;0,22914414817584958;0,3078199131962906;0,43645148780290344;0;0;0;0;0,026584450824956297
643500;36,478;-29,0;-1;-1;29824;35837;45163;28313;137391;366583;199;334;1295;0,18391270599239742;0,17268704981695643;0,2660350874514088;0,35846247060420144;0;0;0;0;0,018902686135035873
645000;36,548;-29,0;-1;-1;30119;36066;45561;28865;137391;366583;199;334;1321;0,10533105151637122;0,10007641137868162;0,15320869043063512;0,19824394888072744;0,4431398977935846;0;0;0;0
646500;36,622;-32,0;-1;-1;30273;36220;45789;29135;138085;366583;199;334;1321;0,040524720181274454;0,036848143365357196;0,06119474698993075;0;0,16845800994242616;0,6929743795210114;0;0;0
648000;36,695;-35,0;-1;-1;30334;36265;45887;29135;138335;367629;199;334;1321;0,05002590206905256;0,04525892822957058;0,07411662519075672;0;0;0,8305985445106201;0;0;0
649500;36,767;-38,0;-1;-1;30426;36336;45982;29138;138335;368873;199;334;1341;0,0506950266073498;0,0439792679946833;0,07599145649523074;0;0;0,8293342489027362;0;0;0
651000;36,837;-30,0;-1;-1;30503;36409;46082;29138;138335;370123;199;334;1341;0,051787742405755004;0,043017995117230305;0,07434487037355798;0;0;0,8263570633694368;0;0;0,004492328734020059
652500;36,913;-27,0;-1;-1;30572;36482;46199;29138;138335;371358;199;334;1347;0,04878427455294539;0;0,0719048263895175;0,07774955555816199;0;0,7973295718295338;0;0;0,004231771669841202
654000;36,988;-35,0;-1;-1;30647;36482;46313;29261;138335;372538;199;334;1355;0,04710610036339463;0;0,06356098507122761;0;0,1630453654390857;0,722556052681406;0;0;0,0037314964448859475
655500;37,062;-36,0;-1;-1;30729;36482;46407;29261;138609;373581;199;334;1362;0,049432958968605646;0;0;0;0,1727425444620577;0,7739079821411976;0;0;0,003916514428138973
657000;37,137;-30,0;-1;-1;30795;36482;46408;29262;138862;374760;199;334;1392;0,05112206173872357;0;0;0;0,17364549973225316;0,7714763867546776;0;0;0,0037560517743458603
658500;37,208;-34,0;-1;-1;30858;36482;46408;29262;139155;375899;199;334;1397;0,04923055953912873;0,037050676018469834;0;0;0,16837969436376296;0,741718349866321;0;0;0,0036207202123173963
660000;37,281;-34,0;-1;-1;30923;36531;46408;29262;139410;377025;199;334;1402;0,05879648496476039;0,04437068320415109;0;0;0;0,892504333632828;0;0;0,004328498198260539
661500;37,353;-36,0;-1;-1;31031;36585;46408;29262;139410;378355;199;334;1410;0,04969856590399556;0,03777535155730383;0,06662371093003427;0,07200272636460497;0;0,7702332403783898;0;0;0,003666404865671605
663000;37,429;-35,0;-1;-1;31108;36636;46501;29364;139410;379529;199;334;1413;0,05293279306478303;0,041961625139510295;0,0730136497470491;0;0;0,8281683486915808;0;0;0,003923583357076783
664500;37,502;-37,0;-1;-1;31184;36699;46602;29364;139410;380786;199;334;1416;0,30763581303508747;0,2444626675381558;0,42498887218732534;0;0;0;0;0;0,02291264723943157
666000;37,574;-25,0;-1;-1;31618;37093;47245;29364;139410;380792;199;334;1471;0,17167495379580588;0,11559374035323798;0,21044293341761042;0;0,49260861001280953;0;0;0;0,00967976242053637
667500;37,645;-27,0;-1;-1;31869;37277;47579;29364;140122;380792;199;334;1490;0,2216974777129296;0,1448121040841843;0;0;0,6214600752042126;0;0;0;0,01203034299867343
669000;37,717;-29,0;-1;-1;32180;37491;47579;29364;141082;380792;199;334;1505;0,21604216591938888;0,14837233353952464;0;0;0,6237010039052076;0;0;0;0,01188449663587878
670500;37,788;-30,0;-1;-1;32528;37683;47579;29364;142028;380792;199;334;1519;0,054748631609040595;0,0383166141542601;0;0;0,16808059456340307;0,7357861816282281;0;0;0,0030679780450680637
672000;37,86;-32,0;-1;-1;32618;37734;47579;29364;142283;381891;199;334;1524;0,1637840947664265;0,11520408266149716;0;0,2071377371235526;0,5046650598503118;0;0;0;0,009209025598211953
673500;37,936;-29,0;-1;-1;32860;37895;47579;29680;143046;381891;199;334;1542;0,1502912928649847;0;0,1896107376188387;0,18875745152870513;0,4631942879245443;0;0;0;0,008146230062927095
675000;38,008;-27,0;-1;-1;33094;37895;47867;29941;143749;381891;199;334;1556;0,17889429259134604;0;0;0,24418754686922162;0,5671542815196208;0;0;0;0,00976387901981155
676500;38,081;-32,0;-1;-1;33358;37895;47868;30282;144627;381899;200;334;1593;0,1774073961718448;0;0;0,23893984632223456;0,5741540543332498;0;0;0;0,009498703172670729
678000;38,157;-32,0;-1;-1;33635;37895;47868;30629;145479;381907;200;334;1635;0,17732632140175852;0;0;0,2347055079531205;0,5786898787360644;0;0;0;0,00927829190905659
679500;38,226;-26,0;-1;-1;33922;37895;47868;30982;146331;381907;200;334;1643;0,04865365713790178;0,03567354328539653;0;0,06395090084001194;0,1571743991320544;0,6920524791333816;0;0;0,0024950204712536504
681000;38,303;-31,0;-1;-1;34008;37957;47868;31064;146561;382943;200;334;1682;0,15718611082127346;0,11561966747346274;0;0,20645974878118792;0,5129708825386046;0;0;0;0,00776359038547127
682500;38,373;-31,0;-1;-1;34239;38125;47868;31362;147349;382943;200;334;1697;0,14282638921925964;0;0,19580261426292098;0,18560651184234847;0,4686728053121371;0;0;0;0,007091679363333825
684000;38,444;-27,0;-1;-1;34439;38125;48159;31661;148048;382943;200;334;1708;0,18656946170124025;0;0,24077990047254755;0;0,5643081255907839;0;0;0;0,008342512235428406
685500;38,515;-30,0;-1;-1;34681;38126;48549;31661;148902;382946;201;335;1739;0,18545744489574367;0;0,23898773255583344;0;0,5673620763930929;0;0;0;0,008192746155330059
687000;38,584;-32,0;-1;-1;34964;38126;48884;31661;149772;382946;201;335;1751;0,1873495077938011;0;0,23678414636266368;0;0,5680787725923278;0;0;0;0,007787573251207356
688500;38,655;-23,0;-1;-1;35267;38126;49252;31661;150594;382946;201;335;1758;0,1663892498218978;0,10906975420976195;0,21345578334348256;0;0,5042766228575432;0;0;0;0,006808589767314586
690000;38,728;-33,0;-1;-1;35515;38292;49563;31661;151354;382946;201;335;1773;0,05184558433263179;0,03691543027465263;0;0,