Iteration;Time;BestFitness;LastCalledHeur;IsRelay;NumOfMoves-LLH0;NumOfMoves-LLH1;NumOfMoves-LLH2;NumOfMoves-LLH3;NumOfMoves-LLH4;NumOfMoves-LLH5;NumOfMoves-LLH6;NumOfMoves-LLH7;NumOfMoves-LLH8;LAProb-LLH0;LAProb-LLH1;LAProb-LLH2;LAProb-LLH3;LAProb-LLH4;LAProb-LLH5;LAProb-LLH6;LAProb-LLH7;LAProb-LLH8;
2000;0,969;-30,0;-1;-1;317;69;354;768;265;85;67;56;98;0,13552248627995842;0;0,18668708515371718;0,5112171058000252;0,15766296353434478;0;0;0,008910359231954436;0
3500;1,197;-26,0;-1;-1;450;69;796;1409;539;85;67;66;98;0,11535102194379512;0;0,4709978579266438;0,22524757901996642;0,18840354110959462;0;0;0;0
5000;1,383;-34,0;-1;-1;584;76;1452;1724;944;89;71;70;103;0,05717788839623075;0;0,6342542727645037;0,23331219602644562;0,07525564281281978;0;0;0;0
6500;1,565;-21,0;-1;-1;823;76;2194;2074;1113;89;71;70;103;0,08979328356238954;0;0,46126161432789725;0,15787215438982352;0,29107294771988973;0;0;0;0
8000;1,754;-28,0;-1;-1;984;76;2797;2293;1630;89;71;70;103;0,05941887603412804;0,33082520272093835;0,2706851248925115;0,09014978397390808;0,21720217688619042;0,015334867077562313;0,003792625054161194;0;0,01259134336060012
10000;2,008;-31,0;-1;-1;1125;219;3637;2525;2218;130;89;72;132;0,18571063786883943;0;0,751619130589949;0;0;0,02867734995155389;0,007045464254991475;0,0026724411878181428;0,02427497614684797
11500;2,17;-26,0;-1;-1;1397;219;4660;2525;2218;170;97;75;286;0;0;0,7177400585725761;0;0;0,03033369299552528;0,008070864367694655;0,0033227298706416837;0,24053265419356254
13000;2,324;-33,0;-1;-1;1397;219;5860;2525;2218;215;106;82;525;0;0;0,9594797689866181;0;0;0,030351692892596926;0,010168538120784968;0;0
14000;2,436;-33,0;-1;-1;1397;219;6812;2525;2218;249;120;82;525;0;0;0,9510164768611223;0;0;0,04374150198015365;0,005242021158724072;0;0
15000;2,543;-37,0;-1;-1;1400;221;7764;2528;2220;293;129;83;527;0;0;0,30279914595951507;0,1821480506598661;0,5041642830835328;0,010888520297085983;0;0;0
16500;2,695;-37,0;-1;-1;1400;221;8339;2861;2791;314;129;83;527;0,16946012281185083;0,04832956911424289;0,30695927866836165;0,19522554771441003;0,267901360984957;0,012124120706177825;0;0;0
18000;2,861;-29,0;-1;-1;1645;289;8729;3123;3310;330;129;83;527;0,19103642007639438;0,041052788227027424;0,2929900797626036;0;0,384820589339053;0,011100616250176549;0;0,002663176813699336;0,07633632953104563
20000;2,993;-29,0;-1;-1;1900;351;9210;3123;4179;342;129;90;841;0;0,02811418516217946;0,2510057897179381;0;0,7107873654561849;0,008133651109253426;0;0,001959008554444221;0
21500;3,088;-35,0;-1;-1;1900;395;9579;3123;5251;354;129;93;841;0;0,03487806068434669;0;0;0,9528730374552251;0,010488022244468431;0,0017608796159598592;0;0
23000;3,201;-36,0;-1;-1;1902;440;9581;3124;6701;367;134;95;847;0;0,023975605997661652;0;0;0,9581984515857257;0,015243465407227418;0,002582477009385199;0;0
24500;3,317;-38,0;-1;-1;1902;487;9581;3124;8120;396;139;95;847;0;0,01520233890003571;0;0,2633962149379378;0,7068938710182512;0,014507575143775221;0;0;0
26000;3,405;-38,0;-1;-1;1902;508;9581;3547;9157;415;139;95;847;0,26843994090403145;0;0;0,22192054582621873;0,49605074160691537;0,013588771662834419;0;0;0
27500;3,48;-38,0;-1;-1;2290;508;9581;3902;9894;435;139;95;847;0,11407949884248142;0;0,29648951836490095;0,10746076679562776;0,22454904666472073;0,006938502899417761;0;0,0022322646127853982;0,24825040182006583
29500;3,603;-29,0;-1;-1;2559;508;10175;4095;10415;448;139;98;1254;0,19531583795257487;0;0,424077838104759;0;0,36768771328461913;0,009724715009768847;0;0,003193895648278143;0
31000;3,685;-31,0;-1;-1;2839;508;10821;4095;10973;460;139;102;1254;0,3096521161204977;0;0;0;0,6689525453165683;0,01755315241869809;0,003842186144235804;0;0
32500;3,77;-31,0;-1;-1;3293;510;10824;4099;11986;494;144;105;1260;0,29450103710844555;0,026801132891660404;0;0;0,6544937002755229;0,019625925037533493;0,004578204686837673;0;0
34000;3,856;-31,0;-1;-1;3754;557;10824;4099;12942;522;152;105;1260;0,3000896177896632;0,03215150484935419;0;0;0,6449432614085364;0,022815615952446223;0;0;0
35500;3,927;-30,0;-1;-1;3994;636;10824;4099;14092;553;152;105;1260;0,12050112791460837;0,041470535842598064;0;0,18900783640535143;0,6396815153346653;0,009338984502776884;0;0;0
37000;4,019;-24,0;-1;-1;4111;686;10824;4324;15190;563;152;105;1260;0;0,01694299421223033;0,21111957082838032;0,09341292206798554;0,6729860309425193;0,003908932897599649;0;0,0016295490512848569;0
38500;4,09;-30,0;-1;-1;4111;709;11133;4452;16222;568;152;108;1260;0;0,015225969626502371;0,20288873172750538;0;0,6430266449593661;0,0035500402334406847;0;0,0014748006084165685;0,13383381284476895
40000;4,163;-35,0;-1;-1;4111;731;11417;4452;17241;570;152;109;1432;0;0,016625994233787893;0,23704890826720043;0;0,7412959297476239;0,003946442846516802;0,0010827249048709848;0;0
41500;4,233;-35,0;-1;-1;4111;763;11793;4452;18326;576;153;109;1432;0;0;0,259903795332256;0;0,7343371060204552;0,004508308493196705;0,0012507901540921257;0;0
43000;4,307;-35,0;-1;-1;4115;766;12176;4452;19440;587;156;112;1435;0,038743123972848424;0;0,22704507170360327;0;0,7313283486442658;0,0028834556792826636;0;0;0
44500;4,377;-33,0;-1;-1;4177;766;12509;4452;20543;589;156;112;1435;0,02967238196255197;0;0,1701757500883627;0,055925038204630254;0,7419681741773156;0,002258655567139409;0;0;0
46000;4,456;-34,0;-1;-1;4224;766;12755;4542;21658;591;156;112;1435;0,1158252460441663;0;0,6540049054923424;0,21731047503170742;0;0,008956579571054562;0;0,0039027938607292477;0
47500;4,526;-34,0;-1;-1;4373;766;13565;4833;21658;836;156;117;1435;0,022711942393098525;0,005860069260141419;0;0,037054200003362896;0;0,933793655152548;0;5,801331908491765E-4;0
49000;4,612;-40,0;-1;-1;4394;775;13565;4870;21658;2268;156;118;1435;0,34427410894925015;0,08883236150871185;0;0,5609848575973747;0;0;0,005908671944663391;0;0
50500;4,694;-32,0;-1;-1;4769;951;13565;5817;21658;2268;158;118;1435;0,14334929300740168;0,07226594719119386;0;0,5229430158660081;0;0;0,0022935771637571578;0;0,25914816677163915
52000;4,766;-28,0;-1;-1;4967;1060;13565;6570;21658;2268;161;118;1872;0;0,01748889628696345;0;0,17523705009759086;0,6530080673822145;0;0;0;0,15426598623323126
53500;4,836;-36,0;-1;-1;4967;1087;13565;6861;22660;2268;161;118;2052;0;0,013356672504462415;0,1315015657581483;0,16425901043625366;0,5922347395046074;0;0;0;0,09864801179652821
55000;4,911;-39,0;-1;-1;4970;1113;13779;7129;23509;2270;166;120;2209;0;0,010375922876118543;0,10152985855155679;0,13817261011726803;0;0,6831993485677789;0;5,69090052456788E-4;0,06615316983482086
56500;4,984;-40,0;-1;-1;4970;1131;13949;7368;23509;3242;166;121;2309;0;0,03399614450701887;0,3302304836028119;0,4355218883482094;0;0;0;0,0018897190816222857;0,19836176446033743
58000;5,065;-40,0;-1;-1;4970;1174;14484;7994;23509;3242;166;128;2598;0,09494599442830681;0,04115408821806733;0,3873243077944628;0,4750123970221815;0;0;0,0015632125369816018;0;0
59500;5,143;-34,0;-1;-1;5063;1237;15035;8786;23509;3242;167;128;2598;0;0,05055387266696271;0,3097594284267405;0,6386873308135855;0;0;9,993680927113282E-4;0;0
61000;5,245;-37,0;-1;-1;5063;1310;15506;9740;23509;3242;169;128;2598;0;0,0223633272900538;0,1407367777158978;0,28588221559752625;0,5510176793965222;0;0;0;0
62500;5,322;-41,0;-1;-1;5063;1338;15728;10154;24345;3242;169;128;2598;0;0,022968326287607553;0,14318945499749122;0,27482848479292094;0,5590137339219803;0;0;0;0
64000;5,407;-41,0;-1;-1;5063;1373;15964;10561;25167;3242;169;128;2598;0;0,015134169421397765;0,09487021290109436;0,16331558806735194;0,3428011277540938;0,34242531729105713;0;5,182000817624287E-4;0,040935384483242514
66000;5,52;-41,0;-1;-1;5063;1383;16075;10767;25557;4480;169;128;2643;0;0,006597519927471635;0,04117110394228027;0;0,15604164704880233;0,7791775506019964;0;0;0,017012178479449275
67500;5,603;-34,0;-1;-1;5063;1395;16161;10767;25838;5577;169;128;2667;0,006036283469862348;0,004469812689848428;0;0;0,10682572599618376;0,8713237429614897;1,0235430093613868E-4;0;0,01124208058167952
69000;5,69;-35,0;-1;-1;5078;1406;16163;10772;26042;6833;173;130;2695;0,04782318047664067;0,03536395131699157;0;0;0,8296269051289517;0;7,973754781598102E-4;0;0,08638858759925627
70500;5,767;-28,0;-1;-1;5161;1480;16163;10772;27268;6833;174;130;2811;0,06027837380498206;0,06052480551711817;0;0;0,8791968206778998;0;0;0;0
71500;5,81;-28,0;-1;-1;5217;1540;16163;10772;28152;6833;174;130;2811;0,04573043496462604;0,04464107930332173;0;0,2882267232136509;0,6214017625184014;0;0;0;0
73000;5,876;-31,0;-1;-1;5277;1597;16163;11240;29067;6833;174;130;2811;0,03776056096996702;0,035952159062025896;0,14361279085668813;0,24444921954173277;0,5374201134168622;0;0;8,05156152723946E-4;0
74500;5,949;-35,0;-1;-1;5345;1658;16388;11601;29852;6833;174;130;2811;0,014189746452611882;0,010199706018183432;0,04163719698030528;0,06805271094515178;0,1539019576551417;0,7120186819486058;0;0;0
76000;6,02;-36,0;-1;-1;5365;1680;16467;11726;30100;7839;174;130;2811;0,04738013382803498;0,03369555985983063;0,1386814648740353;0,2240287269933798;0,5051969442942922;0;5,154650689095523E-4;0;0,050501705081517655
78000;6,114;-27,0;-1;-1;5468;1755;16757;12157;31116;7839;175;130;2895;0;0,03613256099699307;0;0,30444465353615546;0,6055363527486124;0;5,830334928652555E-4;0;0,053303399225373894
79500;6,189;-39,0;-1;-1;5468;1817;16757;12629;32019;7839;176;130;2957;0;0,05316537985125612;0;0,3230829502739547;0,6237516698747891;0;0;0;0
80500;6,234;-39,0;-1;-1;5468;1881;16757;12951;32633;7839;176;130;2957;0;0,05361352803772512;0;0,32389030943704267;0,6224961625252322;0;0;0;0
81500;6,279;-39,0;-1;-1;5468;1941;16757;13280;33244;7839;176;130;2957;0;0,05421104630400207;0;0,32446662426553585;0,6213223294304621;0;0;0;0
82500;6,325;-40,0;-1;-1;5471;1990;16759;13586;33895;7840;176;134;2960;0,016396074075746683;0,016203736152580944;0,04813881001855505;0,09581744825440233;0,18785758414194223;0,6352984283405154;0;2,879190162574065E-4;0
84500;6,422;-40,0;-1;-1;5503;2034;16866;13805;34346;8985;176;136;2960;0,025460420661089632;0,024618068389569543;0;0;0,2832661345702576;0,640895171388374;2,8863972547382146E-4;4,4895718100781935E-4;0,025022608084227526
86500;6,518;-34,0;-1;-1;5544;2075;16866;13805;34815;10395;176;137;2998;0,02362649345033772;0,02249364367773993;0;0;0;0,9310857326366372;0;0;0,022794130235285242
88000;6,592;-38,0;-1;-1;5603;2106;16866;13805;34815;11773;176;137;3030;0,03113302224031261;0,029604701983601142;0;0;0;0,9094081403145059;0;0;0,029854135461580354
89500;6,658;-38,0;-1;-1;5653;2161;16866;13805;34815;13113;176;137;3085;0,04204660993013898;0,039061005223807156;0;0;0;0,8797366839301777;0;0;0,03915570091587627
91000;6,733;-36,0;-1;-1;5705;2202;16866;13805;34815;14469;176;137;3136;0,027620128920787673;0,019950508946762778;0;0,13316916407745283;0;0,7995473141971478;0;0;0,019712883857848935
92500;6,8;-34,0;-1;-1;5752;2237;16866;14000;34815;15657;176;137;3171;0,01736469463108616;0,01983531959129232;0,04370767433047909;0;0,16453043406089504;0,742064243143721;0;2,625027860260334E-4;0,012235131456500185
94500;6,896;0,0;-1;-1;5788;2267;16948;14000;35104;17201;176;137;3190;0,021484822261583082;0,024334363150616465;0,05423358175608764;0;0;0,8846402377286271;2,1260908357829356E-4;0;0,015094386019507425
96000;6,966;-40,0;-1;-1;5801;2288;16991;14000;35104;18613;176;137;3201;0,01273802663633628;0,021704358614891787;0,032125260579958174;0;0;0,9245235726466119;0;0;0,008908781522201868
97500;7,034;-36,0;-1;-1;5823;2307;17029;14000;35104;20023;176;137;3212;0,011611185874785681;0,019650026745131652;0;0;0;0,9606336354908952;0;0;0,008105151889187555
99000;7,099;-35,0;-1;-1;5833;2323;17029;14000;35104;21488;176;137;3221;0,008207366534837125;0,013786405893121382;0;0;0;0,9722983151676153;0;0;0,005707912404426198
100500;7,168;-38,0;-1;-1;5848;2347;17033;14003;35106;22949;176;138;3237;0,007966273766343528;0,010552968062057787;0;0,03120639211175052;0;0,9458871487302396;0;0;0,004387217329608469
102000;7,288;-40,0;-1;-1;5858;2365;17033;14045;35106;24372;176;138;3244;0,06935019248881988;0,09098276900566801;0;0,27077899664058946;0,5299169112580537;0;0;8,664409811149686E-4;0,038104689625754015
103500;7,445;-29,0;-1;-1;5936;2526;17033;14480;35891;24372;176;139;3284;0,05708677150873665;0,10076274529810852;0,1196983921104102;0,24845149970898836;0,4427775586544502;0;0;0;0,03122303271930616
105000;7,566;-31,0;-1;-1;6024;2640;17229;14832;36594;24372;176;139;3331;0,07924956879655091;0,10216784142505209;0,17933447948660813;0;0,5955363617228879;0;6,812873889793904E-4;0;0,04303046117992177
106500;7,702;-27,0;-1;-1;6170;2785;17475;14832;37394;24372;177;139;3493;0,09513388237470288;0;0,1896855350630303;0;0,5558297620875807;0;6,892601374644736E-4;0;0,15866156033722154
108000;7,84;-27,0;-1;-1;6296;2785;17747;14832;38194;24372;178;139;3794;0;0;0,022503124243949697;0;0,05914047735438922;0,8971007577702667;0;0;0,02125564063139446
109500;7,973;-39,0;-1;-1;6296;2785;17780;14832;38291;25716;178;139;3820;0;0;0,025797820136765102;0;0,06755753684709319;0,8826423216714842;0;0;0,024002321344657625
111000;8,164;-39,0;-1;-1;6296;2785;17811;14832;38382;27048;178;139;3866;0;0;0,026766876534962732;0,04374555319464516;0,06985809952169177;0,8254747619860755;0;0;0,03415470876262472
112500;8,347;-34,0;-1;-1;6296;2785;17851;14887;38488;28310;178;139;3903;0;0,010810258679835098;0,02350915366109045;0;0,05901255878848113;0,8791092195907686;0;8,145867034073703E-5;0,02747735060948395
114000;8,533;-33,0;-1;-1;6296;2807;17891;14887;38573;29627;178;139;3939;0,009350205560668576;0,011123056588860867;0,024617896950654566;0;0,058194137147438985;0,8750894434603916;8,135627195795194E-5;0;0,02154390402002717
116000;8,683;-31,0;-1;-1;6317;2834;17948;14887;38688;31364;178;139;3982;0,009039997685520766;0,010654714757887186;0,0253744096486069;0;0;0,9269706051081429;0;0;0,027960272799842267
117500;8,774;-35,0;-1;-1;6333;2855;17991;14891;38692;32751;179;142;4025;0,008179216784028855;0,009570799509950437;0,02295946541007576;0;0;0,959290518295945;0;0;0
119000;8,864;-35,0;-1;-1;6343;2867;18028;14891;38692;34192;179;142;4025;0,008068904267074814;0,009405208610939722;0,022601442971129454;0;0;0,959924444150856;0;0;0
120500;8,977;-31,0;-1;-1;6351;2890;18053;14891;38692;35636;179;142;4025;0,0069502543293561755;0,008007881786987024;0,01945672572954856;0,028237893564501255;0;0,937347244589607;0;0;0
122000;9,116;-34,0;-1;-1;6360;2905;18094;14936;38692;37026;179;142;4025;0,0646667927547436;0,07404103756178185;0,18040926936940913;0,2615258021342626;0,4193570981798028;0;0;0;0
123500;9,279;-30,0;-1;-1;6448;3008;18365;15321;39345;37026;179;142;4025;0;0,048646288537066776;0,17535633219635466;0,21929269480305055;0,38211239802142755;0;5,100515406791251E-4;0;0,17408223490142133
125000;9,442;-33,0;-1;-1;6448;3093;18656;15658;39894;37026;179;142;4263;0;0,04685528054971796;0,19875641587542683;0,212011310415614;0,39266420052037543;0;0;5,374639483589715E-4;0,1491753286905067
126500;9,58;-37,0;-1;-1;6448;3177;18975;15977;40546;37026;179;142;4389;0;0,04963230624149066;0,21219311718329342;0,22372800386622255;0,43877316302016034;0;0;0;0,07567340968883304
128000;9,725;-37,0;-1;-1;6448;3259;19294;16319;41196;37026;179;142;4496;0;0,00588539414532928;0,023799537870223098;0,026504716014403653;0,049923248740137434;0,8938871032299065;0;0;0
129500;9,86;-40,0;-1;-1;6448;3270;19335;16356;41268;38365;179;142;4496;0,05805016258972333;0,052193772790775084;0,21134539808877212;0,2352756869626524;0,4431349795680772;0;0;0;0
131000;9,995;-40,0;-1;-1;6535;3337;19651;16705;41949;38365;179;142;4496;0,08106323666668858;0,07218607956366233;0,27853749759583646;0;0,5682131861738127;0;0;0;0
132500;10,075;-40,0;-1;-1;6666;3455;20075;16705;42776;38365;179;142;4496;0,08312873261797459;0,07261245255188518;0,2842357228601766;0;0,5600230919699636;0;0;0;0
134000;10,14;-32,0;-1;-1;6785;3564;20541;16708;43589;38367;181;148;4501;0,08120110985675306;0,08012710528431036;0,26545984713632564;0;0,49115010737787607;0;7,907639947801511E-4;0;0,08127106634995472
135500;10,209;-32,0;-1;-1;6897;3700;20948;16708;44311;38367;183;148;4622;0,08943415941891515;0,08538435298623841;0,28972040151751294;0;0,5345742548110773;0;8,86831266256067E-4;0;0
137000;10,273;-34,0;-1;-1;7043;3816;21380;16708;45115;38367;185;148;4622;0,009803196411739374;0;0,02914774981949879;0,030253038847392954;0,05482283779626817;0,8759731771251007;0;0;0
138500;10,336;-26,0;-1;-1;7057;3816;21421;16755;45206;39674;185;148;4622;0,07913633714914259;0;0,23525007419730232;0,24369893920015256;0,44191464945340253;0;0;0;0
140000;10,397;-30,0;-1;-1;7158;3816;21785;17096;45900;39674;185;148;4622;0,07802528711020018;0;0,24308484735602753;0,23688635469477348;0,4420035108389988;0;0;0;0
141500;10,461;-33,0;-1;-1;7289;3816;22135;17457;46558;39674;185;148;4622;0,07689416434651473;0;0,24025895517206206;0,2479516517273991;0,43489522875402403;0;0;0;0
143000;10,529;-33,0;-1;-1;7388;3816;22495;17793;47263;39674;185;148;4622;0,06855688013443463;0,05859494530877468;0,21289760084667242;0,21822345369989174;0,37785141737231376;0;6,361445724127162E-4;0;0,06323955806550001
145000;10,617;-30,0;-1;-1;7521;3931;22922;18223;48026;39674;187;148;4752;0;0,09281820348625909;0;0,3079594618621841;0,5012374680085413;0;7,6306822370824E-4;0;0,09722179841930727
146500;10,684;-35,0;-1;-1;7521;4082;22922;18716;48739;39674;187;148;4895;0;0,1445605931499681;0;0,31246884497362615;0,45650622187020345;0;0;0;0,08646434000620223
148000;10,748;-35,0;-1;-1;7521;4285;22922;19168;49452;39674;187;148;5027;0;0,015968169576513706;0;0,035804991799346916;0,053031840158366414;0,8853219268600007;0;0;0,009873071605772336
149500;10,813;-41,0;-1;-1;7521;4316;22922;19221;49532;40998;187;148;5039;0;0,01687921314259137;0;0,03814311836605088;0;0,9344484106559676;0;0;0,010529257835390066
151000;10,88;-41,0;-1;-1;7523;4342;22925;19280;49535;42412;193;148;5057;0,010384206824762066;0,017496815989174935;0,03211598759688072;0,03972717855728151;0;0,8893183748295993;0;0;0,010957436202301487
152500;10,949;-37,0;-1;-1;7544;4361;22973;19343;49535;43749;193;148;5069;0,010035971320772184;0,01686703946569327;0,03108171592330178;0;0;0,9313237547353096;9,261063110553953E-5;0;0,01059890792381762
154000;11,016;-44,0;-1;-1;7552;4388;23025;19343;49535;45151;193;148;5080;0,010196677388526133;0,01696639835405041;0,03148451842253462;0;0;0,9306128214158179;0;0;0,01073958441907093
155500;11,084;-40,0;-1;-1;7569;4412;23055;19343;49535;46566;193;148;5094;0,008643332531492796;0,014298524976208567;0;0;0,05002777280461433;0,9179410137219071;0;0;0,009089355965777205
157000;11,154;-41,0;-1;-1;7583;4431;23055;19343;49629;47909;193;148;5124;0,10563874781869864;0,1739418329630611;0;0;0,6104034316014516;0;0;0;0,11001598761678877
158500;11,22;-35,0;-1;-1;7740;4713;23055;19343;50571;47909;193;148;5243;0,07571948520529499;0,12362437676534381;0;0,25349986441945843;0,48221135120911585;0;0;0;0,06494492240078696
160000;11,29;-30,0;-1;-1;7855;4876;23055;19743;51303;47909;193;148;5333;0,08628611427941704;0;0;0,3038079527091809;0,548355252085966;0;0;0;0,06155068092543605
161500;11,354;-28,0;-1;-1;7970;4876;23055;20237;52107;47909;193;148;5420;0,061926764789776996;0;0,14874639673692372;0,2819983713829289;0,46298597061543467;0;4,4810032621768643E-4;0;0,043894396148718
163000;11,432;-32,0;-1;-1;8072;4876;23248;20613;52866;47909;193;148;5490;0,014490678063527968;0;0,025260746478536548;0,049360248503661414;0,08436023595263091;0,8191541545821448;0;0;0,007373936419498382
164500;11,5;-35,0;-1;-1;8089;4876;23285;20668;52991;49163;193;148;5502;0,013940591465883624;0;0,024330325702772163;0;0,08267416992020792;0,8719625414144605;0;0;0,0070923714966757865
166000;11,566;-33,0;-1;-1;8109;4876;23319;20668;53125;50454;193;148;5523;0,01339777821198424;0,013604163941460313;0,02342530380026264;0;0;0,9427815540056609;0;0;0,006791200040631773
167500;11,636;-12,0;-1;-1;8132;4901;23355;20672;53128;51870;195;151;5535;0,013722776632965443;0,013870684505832615;0;0;0;0,9632652506668442;0;0;0,009141288194357765
169000;11,716;-31,0;-1;-1;8152;4927;23355;20672;53128;53313;195;151;5546;0,01166790351547645;0,011722432889931331;0;0;0;0,9688319824720437;0;0;0,0077776811225486004
170500;11,782;-36,0;-1;-1;8164;4942;23355;20672;53128;54774;195;151;5558;0,010217645934476384;0,01023194832083172;0;0,03736056015484413;0;0,935392420190652;0;0;0,006797425399195776
172000;11,85;-36,0;-1;-1;8174;4951;23355;20731;53128;56183;195;151;5571;0,009497581887480013;0,009497032574587644;0;0;0,058323384809773435;0,9163309264220726;5,16856029927098E-5;0;0,006299388703093666
173500;11,923;-33,0;-1;-1;8184;4963;23355;20731;53221;57557;195;151;5582;0,00858725779179747;0,008564885081255478;0,01526066996031066;0;0,05260054206708093;0,9093015567913207;0;0;0,005685088308234688
175000;11,992;-29,0;-1;-1;8200;4978;23373;20731;53290;58931;195;151;5590;0,01034177375662063;0,008819110187634899;0,015786164753980435;0;0;0,9591815566776388;0;0;0,005871394624125269
176500;12,059;-28,0;-1;-1;8224;4994;23395;20731;53290;60363;195;151;5596;0,010013999536983747;0,008537105761186325;0;0;0;0,975741050804538;0;0;0,005707843897292029
178000;12,134;-38,0;-1;-1;8228;5012;23395;20731;53290;61832;195;151;5605;0,010294095941941615;0,011068208843590504;0;0;0;0,972785679525154;0;0;0,005852015689313852
179500;12,203;-37,0;-1;-1;8239;5033;23395;20731;53290;63292;195;151;5613;0,009598385274264603;0,010255416038402411;0;0,0304477572508399;0;0,9442456481566681;0;0;0,005452793279824889
181000;12,271;-37,0;-1;-1;8251;5058;23395;20787;53290;64687;195;151;5625;0,009044581722481427;0,009593321967483642;0;0;0,04812630664529474;0,9281068657202572;0;0;0,005128923944482957
182500;12,345;-37,0;-1;-1;8262;5072;23395;20787;53363;66082;195;151;5632;0,010617240660902963;0,009675706097065124;0,014173844255253299;0;0;0,9603441097571668;0;0;0,005189099229611778
184000;12,423;-31,0;-1;-1;8273;5103;23423;20790;53363;67520;198;152;5642;0,010518828446990265;0;0,014051978820664309;0;0;0,9702488893391398;4,2738386117128243E-5;0;0,005137565007088587
185500;12,498;-41,0;-1;-1;8292;5116;23449;20791;53363;68972;199;155;5654;0,3531346263903972;0;0,47297952445642494;0;0;0;0,001434216485379567;0;0,17245163266779828
187000;12,564;-25,0;-1;-1;8802;5116;24144;20791;53363;68972;202;155;5946;0,3503054079382821;0;0,4569553988872854;0;0;0;0;0;0,1927391931744325
188000;12,61;-26,0;-1;-1;9131;5128;24606;20793;53365;68975;202;158;6156;0,32758887575161627;0;0,44434235350841916;0;0;0;0;0;0,22806877073996443
189000;12,653;-26,0;-1;-1;9446;5128;25056;20793;53365;68975;202;158;6391;0,07916459933382615;0,08197641745780214;0,11120032084324241;0,2515568630370316;0,42183273964915574;0;0;0;0,05426905967894189
190500;12,721;-33,0;-1;-1;9584;5241;25223;21160;54000;68975;202;158;6471;0,0096983483409349;0,008621530961194416;0,012081089108997365;0;0,04784286059877411;0,9159518664297719;0;0;0,0058043045603273806
192000;12,79;-33,0;-1;-1;9607;5275;25236;21164;54063;70360;203;159;6477;0,010751745554295106;0,0094783668420547;0,013454198433344507;0;0;0,9598139010596904;4,443845418752275E-5;0;0,00645734965642772
193500;12,857;-36,0;-1;-1;9632;5285;25254;21164;54063;71799;204;159;6484;0,26690260546417716;0,23575023268693024;0,3354210112907665;0;0;0;0,0011027535154083748;0;0,16082339704271784
195000;12,927;-24,0;-1;-1;10044;5640;25753;21164;54063;71799;205;159;6717;0;0,32930660952763674;0,43371073630481993;0;0;0;0;0;0,23698265416754336
196000;12,97;-36,0;-1;-1;10044;5984;26227;21164;54063;71799;205;159;6899;0;0,359874029149786;0,45874891410799645;0;0;0;0;0;0,18137705674221755
197000;13,014;-36,0;-1;-1;10044;6350;26676;21164;54065;71803;207;159;7089;0;0,13642591379720034;0,1896690390885355;0;0,6010262787695836;0;0;0;0,07287876834468048
198500;13,081;-40,0;-1;-1;10044;6554;26988;21164;54939;71803;207;159;7199;0;0,01115372373123407;0,017047670527267033;0;0,05260778284586898;0,9130175062514638;0;0;0,006173316644166003
200000;13,15;-42,0;-1;-1;10044;6565;27010;21164;55003;73192;207;159;7213;0,07688514285672192;0,08815850708366253;0,13504775413257555;0,23473217089476034;0,4160738359169315;0;3,433786418089529E-4;0;0,04875921047353914
202000;13,244;-42,0;-1;-1;10194;6749;27282;21627;55843;73192;208;159;7303;0,12318023772881985;0,13690840050639919;0;0;0,660947502680612;0;5,670778292364091E-4;0;0,07839678125493248
203500;13,312;-14,0;-1;-1;10398;6933;27282;21627;56846;73192;209;159;7411;0,3657276728296345;0,39914314206467666;0;0;0;0;0;0;0,2351291851056889
204500;13,358;-27,0;-1;-1;10760;7327;27282;21628;56846;73201;214;161;7660;0,38845640889071753;0,3752574312798311;0;0;0;0;0;0;0,2362861598294514
205500;13,403;-30,0;-1;-1;11156;7732;27282;21628;56846;73201;214;161;7859;0,3959861126322487;0,3868688878242787;0;0;0;0;0;0;0,21714499954347255
206500;13,446;-30,0;-1;-1;11577;8104;27282;21628;56846;73201;214;161;8066;0,011214715971633697;0,010660529532506452;0,018355997957208173;0;0;0,9534879761089473;0;0;0,006280780429704472
208000;13,512;-37,0;-1;-1;11593;8115;27309;21628;56846;74641;214;161;8072;0,11160199519004445;0,10608294364866354;0,1828781896052818;0;0,5363745102222415;0;4,5784480444398766E-4;0;0,06260451652932493
209500;13,578;-37,0;-1;-1;11752;8298;27562;21628;57671;74641;214;161;8152;0,13767669688456904;0,12782119707103462;0;0;0,6567475307925507;0;0;0;0,0777545752518457
211000;13,642;-37,0;-1;-1;11964;8505;27562;21628;58622;74641;214;161;8282;0,13828004396720806;0,12594132701457061;0;0;0,657638605232773;0;0;0;0,07814002378544838
212500;13,763;-27,0;-1;-1;12201;8684;27562;21630;59605;74647;216;163;8400;0,1027528032219691;0,08251089220986388;0;0,28563141702771855;0,48353192637396036;0;0;0;0,04557296116648819
214000;13,891;-27,0;-1;-1;12368;8792;27562;22100;60290;74647;216;163;8470;0,20046003473566448;0,16136163631056188;0;0,548132013471499;0;0;0;0;0,09004631548227476
215500;14,018;-29,0;-1;-1;12636;9030;27562;22975;60290;74647;216;163;8589;0,150379752817337;0,10836869880505348;0,263863022873667;0,4169239894666416;0;0;0;0;0,06046453603730093
217000;14,154;-29,0;-1;-1;12825;9192;28007;23585;60290;74647;216;163;8683;0,008577144959145582;0,007058490297991974;0,016707524077699626;0,025356037114893624;0;0,9422553042246367;4,549932563254912E-5;0;0
218500;14,295;-39,0;-1;-1;12833;9206;28036;23626;60290;76055;216;163;8683;0,008658041184401449;0,0071072788222501316;0,01684632448455831;0,025516005659258652;0;0,9418723498495315;0;0;0
220000;14,425;-37,0;-1;-1;12844;9220;28073;23661;60290;77458;216;163;8683;0,008346897126880182;0,006839740127942569;0;0,024555786815722052;0,04561763683063309;0,9146399390988221;0;0;0
221500;14,573;-26,0;-1;-1;12851;9231;28073;23707;60363;78821;216;163;8683;0,09557030406232105;0,07818425240627519;0;0,2950764710203612;0,5311689725110426;0;0;0;0
223000;14,708;-29,0;-1;-1;13004;9371;28073;24157;61139;78828;218;167;8684;0,09971051246571506;0,06391842129684258;0;0,2979389042919458;0,4954863145345548;0;0;0;0,042945847410941845
224500;14,817;-31,0;-1;-1;13140;9476;28073;24604;61894;78828;218;167;8741;0,09631625209313054;0,07333970277846456;0;0,3014559962421112;0,5288880488862938;0;0;0;0
226000;14,881;-27,0;-1;-1;13313;9574;28073;25025;62702;78828;218;167;8741;0,09688964287993615;0,07008911534346161;0,1462663412269668;0,2398751288750661;0,4468797716745693;0;0;0;0
227500;14,947;-28,0;-1;-1;13461;9675;28291;25374;63386;78828;218;167;8741;0,01152927897078942;0,008347850995808193;0,017567636176262755;0,029764092585793024;0;0,932742465282844;4,867598850262394E-5;0;0
229000;15,018;-36,0;-1;-1;13483;9685;28314;25422;63386;80225;218;167;8741;0,011506359266239037;0,00834608337457933;0,01758502189031673;0,02970609826745173;0;0,9328564372014132;0;0;0
230500;15,085;-41,0;-1;-1;13498;9697;28338;25478;63386;81618;218;167;8741;0,17152739292956357;0,12436473539099169;0,2623965647356427;0,44171130694380206;0;0;0;0;0
232000;15,147;-41,0;-1;-1;13756;9878;28730;26147;63386;81618;218;167;8741;0,16236989724493817;0,11770060082861024;0,2522831245464974;0,41102143657650886;0;0;0;0;0,05662494080344541
233500;15,21;-25,0;-1;-1;13992;10048;29127;26744;63386;81618;218;167;8841;0;0,06619050100789571;0,15028988962633097;0,28869076880078326;0,4625311204442348;0;0;0;0,032297720120755234
235000;15,279;-37,0;-1;-1;13992;10149;29376;27196;64058;81625;223;168;8883;0;0,1261945089494988;0,26923557175814;0,5513285948294365;0;0;0;0;0,05324132446292471
236500;15,342;-39,0;-1;-1;13992;10351;29810;27979;64058;81625;223;168;8964;0;0,008538164880348365;0,01934876648227405;0,03646272882540238;0;0,9319451500330069;0;0;0,0037051897789682838
238000;15,418;-40,0;-1;-1;13992;10361;29845;28032;64058;83019;223;168;8972;0;0,12564695355833305;0,2846028183945857;0,5352033025686561;0;0;0;0;0,05454692547842499
239500;15,481;-46,0;-1;-1;13992;10618;30277;28766;64058;83019;223;168;9049;0,1350713241257402;0,15500943043683127;0,24235637781557592;0,4219241238921095;0;0;6,099341992320731E-4;0;0,04502880953051116
241000;15,547;-46,0;-1;-1;14197;10840;30641;29401;64058;83019;223;168;9123;0,17970074467339875;0,20418185202706238;0;0,5548026274835077;0;0;0;0;0,0613147758160311
242500;15,614;-17,0;-1;-1;14490;11140;30641;30208;64058;83019;223;168;9223;0,08541093491487999;0,1092082347807351;0;0,3067536970617898;0,46878452203694815;0;0;0;0,029842611205646956
244000;15,68;-34,0;-1;-1;14646;11294;30641;30642;64785;83019;223;168;9252;0,1358201227139469;0,1807601876355392;0;0;0,6442919876235158;0;0;0;0,03912770202699803
245500;15,744;-34,0;-1;-1;14866;11533;30641;30642;65776;83019;223;168;9302;0,011770921591923871;0,015391367977242094;0;0;0,055592716955817405;0,9137700090501686;0;0;0,003474984424847884
247000;15,811;-33,0;-1;-1;14887;11549;30641;30642;65854;84402;223;168;9304;0,011994404540196334;0,015684852961271846;0,0199257793016977;0;0;0,9488423082154083;0;0;0,003552654981425884
248500;15,881;-37,0;-1;-1;14908;11597;30671;30642;65855;85823;227;171;9310;0,01190048392859952;0;0,01979553152230613;0;0;0,9647716920939648;0;0;0,0035322924551295437
250000;16,03;-32,0;-1;-1;14928;11597;30695;30642;65855;87272;227;171;9317;0,011679247436005057;0;0,019455827562886198;0,03827215108750096;0;0,9271198989194358;0;0;0,0034728749941720137
251500;16,162;-36,0;-1;-1;14944;11597;30729;30699;65855;88660;227;171;9322;0,1604158172142573;0;0,26728493526723474;0,5245029677541051;0;0;0;0;0,04779627976440288
253000;16,279;-24,0;-1;-1;15191;11597;31080;31529;65855;88660;227;171;9394;0,10053688565528471;0;0,14472903437847134;0,338068336521618;0,38762977025685413;0;0;0;0,029035973187771725
254500;16,356;-31,0;-1;-1;15343;11597;31273;32043;66447;88660;227;171;9443;0,10888133227750471;0,10730082763931936;0;0,35249398200260285;0,4023641424311753;0;0;0;0,028959715649397737
256000;16,423;-27,0;-1;-1;15479;11799;31273;32537;67072;88660;227;171;9486;0;0,14094130931858187;0;0,3778438973155865;0,44391069343530193;0;0;0;0,03730409993052981
257500;16,488;-37,0;-1;-1;15479;11993;31273;33128;67727;88660;227;171;9546;0;0,01752140385292637;0;0,053957921850176796;0,06000067849955803;0,86375018093462;0;0;0,004769814862718843
259000;16,556;-44,0;-1;-1;15479;12015;31273;33204;67834;89944;227;171;9557;0;0,12766622058871413;0;0,39269670215249325;0,44479669163596947;0;0;0;0,034840385622823156
260500;16,623;-44,0;-1;-1;15479;12177;31273;33804;68526;89944;227;171;9603;0;0,11109827871586181;0,13010134657471623;0,3375732226860478;0,39010422977140646;0;0;0;0,031122922251967697
262000;16,691;-44,0;-1;-1;15479;12325;31473;34310;69133;89944;227;171;9642;0,09507051963445849;0,10349500602782129;0,12339340405054303;0,3119388029873918;0,3661022672997853;0;0;0;0
263500;16,761;-31,0;-1;-1;15631;12491;31656;34806;69650;89947;230;173;9643;0,1133600596168022;0,11421599736971638;0;0,3627256894249813;0,4096982535885001;0;0;0;0
265000;16,825;-30,0;-1;-1;15796;12670;31656;35354;70258;89947;230;173;9643;0,11164698652532506;0,11407572705449846;0;0,3794253137112129;0,39485197270896355;0;0;0;0
266500;16,891;-31,0;-1;-1;15970;12835;31656;35956;70817;89947;230;173;9643;0,017950000306599472;0,01821200535699476;0;0,06162893819306657;0,06382626972584703;0,8383827864174922;0;0;0
268000;16,957;-34,0;-1;-1;15997;12862;31656;36051;70919;91196;230;173;9643;0,10807317941296854;0,10949021224062647;0;0,3700170947238789;0,3843771392221435;0;0;0;0,02804237440038263
269500;17,023;-34,0;-1;-1;16142;13016;31656;36597;71527;91196;230;173;9690;0,09736011006921201;0,1113764591405474;0,10148640575463401;0,3300844514914697;0,35969257354413686;0;0;0;0
271000;17,089;-30,0;-1;-1;16289;13195;31798;37091;72065;91196;230;173;9690;0,10115491158618845;0;0,10673395062665261;0,3821628627818452;0,40994827500531367;0;0;0;0
272500;17,151;-29,0;-1;-1;16441;13195;31976;37630;72696;91196;230;173;9690;0,11203452474414913;0;0,10553117655826247;0,3747461736286915;0,4076881250688968;0;0;0;0
274000;17,214;-23,0;-1;-1;16603;13195;32116;38204;73320;91196;230;173;9690;0,11972444765076232;0;0,09755865378938999;0,39990289501221427;0,38281400354763345;0;0;0;0
275500;17,277;-35,0;-1;-1;16806;13195;32253;38814;73870;91196;230;173;9690;0,1416273348993194;0;0,09098018579151648;0,4086036448184654;0,3587888344906987;0;0;0;0
277000;17,34;-29,0;-1;-1;17010;13195;32399;39450;74384;91196;230;173;9690;0,033732457346772285;0,0197176788088235;0,019190447961940908;0,08326274771700046;0,08057432683581008;0,7592125377675767;0;0;0,004309803562076135
279000;17,434;-33,0;-1;-1;17081;13237;32438;39615;74524;92736;230;173;9693;0,04011990835666912;0,024348495198691138;0,021475385590255164;0;0;0,9092217435893508;0;0;0,004834467265033724
280500;17,504;-20,0;-1;-1;17139;13283;32468;39616;74532;94114;231;174;9699;0;0,021186712322445338;0,019617152465364985;0;0;0,9549553099610901;0;0;0,004240825251099487
282000;17,572;-39,0;-1;-1;17139;13349;32503;39616;74541;95526;233;174;9708;0;0,02056801657646128;0,019262359561289886;0;0;0,9560035168889153;0;0;0,004166106973333641
283500;17,637;-38,0;-1;-1;17139;13376;32540;39616;74541;96953;233;174;9717;0;0,019562892340008176;0,018371878529988523;0;0;0,9580899534460386;0;0;0,003975275683964561
285000;17,704;-39,0;-1;-1;17139;13427;32564;39616;74549;98394;234;174;9721;0;0,017417695868497552;0,016493120358465743;0,06867550091145959;0,06681235269460875;0,8270290800441217;0;0;0,0035722501228468077
286500;17,772;-32,0;-1;-1;17139;13459;32578;39721;74638;99649;234;174;9726;0,030371337247039547;0,017768312424708065;0,016922010990637518;0;0,06934702225111111;0,8619264321410863;0;0;0,003664884945417336
288000;17,84;-39,0;-1;-1;17186;13485;32617;39721;74747;100924;234;174;9730;0,03309435360023588;0,01939191280613098;0,018520267302371402;0;0;0,9249743135679946;0;0;0,004019152723267213
289500;17,909;-36,0;-1;-1;17225;13523;32652;39722;74757;102317;234;175;9740;0,03461078115081014;0,0209350278408256;0;0;0;0,9405132011352685;0;0;0,00394098987309586
291000;17,974;-31,0;-1;-1;17266;13559;32652;39722;74757;103737;234;175;9743;0,0322980600669071;0,019513240307280584;0;0;0;0,9444898181858813;0;0;0,0036988814399309916
292500;18,038;-24,0;-1;-1;17311;13583;32652;39722;74757;105163;234;175;9748;0,031610756289679694;0,021124558976030466;0;0;0;0,9436241711717105;0;0;0,003640513562579293
294000;18,102;-35,0;-1;-1;17366;13609;32652;39722;74757;106571;234;175;9759;0,027729254660933837;0,018580585277360492;0;0,06178338001964715;0,060918699851601;0,8277785189972593;0;0;0,0032095611931981876
295500;18,171;-37,0;-1;-1;17420;13650;32652;39825;74844;107805;234;175;9762;0,14785569465127926;0,09906661682725841;0,07988401960395514;0,32966424121914767;0,3262892903349076;0;0;0;0,017240137363451948
297000;18,238;-30,0;-1;-1;17667;13805;32755;40322;75312;107805;234;175;9792;0,2224492221248879;0,15442112145469614;0,11570886429352063;0,47747343284913685;0;0;0;0;0,029947359277758302
298500;18,303;-30,0;-1;-1;18022;14028;32924;41027;75312;107805;234;175;9840;0,2275734101981091;0,1593023998033954;0,12321720808937228;0,4899069819091232;0;0;0;0;0
300000;18,366;-27,0;-1;-1;18404;14292;33089;41716;75312;107805;234;175;9840;0,27116051162352117;0,17199215165285703;0,10920505632113689;0,447642280402485;0;0;0;0;0
301500;18,428;-33,0;-1;-1;18812;14519;33280;42390;75312;107805;234;175;9840;0,03765836111820837;0,02423634603559114;0,01650028460975778;0,06291056799211545;0;0,8586944402443273;0;0;0
303000;18,498;-39,0;-1;-1;18878;14581;33301;42483;75318;109084;235;175;9840;0,036729094760637175;0,023575280475623413;0,016226299051121697;0;0,0628617329983254;0,8606075927142923;0;0;0
304500;18,565;-40,0;-1;-1;18941;14614;33319;42483;75416;110372;235;175;9840;0,03716811048908816;0,023921213679601858;0,016553122827519615;0;0;0,918292287524039;0;0;0,004065265479751358
306000;18,633;-36,0;-1;-1;18989;14656;33338;42483;75416;111755;235;175;9848;0;0,024324055833948772;0,017641847313169527;0;0;0,9538745098781612;0;0;0,004159586974720373
307500;18,698;-40,0;-1;-1;18989;14701;33370;42483;75416;113169;235;175;9857;0;0,024709093127315455;0,018034585404969144;0;0;0,9530031274496745;0;0;0,00425319401804085
309000;18,764;-41,0;-1;-1;18989;14752;33393;42483;75416;114591;235;175;9861;0;0,023712899097972934;0,017452891749404034;0,06404270844385156;0;0,8906720451414655;0;0;0,004119455567306021
310500;18,833;-43,0;-1;-1;18989;14777;33419;42580;75416;115936;235;175;9868;0;0,2170209170583389;0,16021810769616734;0,5849389753800299;0;0;0;0;0,037821999865463904
312000;18,9;-43,0;-1;-1;18990;15106;33665;43462;75421;115942;236;176;9924;0,18260637651458367;0,10760982560896311;0,08305220100072354;0,2906991253622645;0,3163428388760128;0;0;0;0,019689632637452468
313500;18,969;-28,0;-1;-1;19316;15255;33755;43880;75907;115942;236;176;9955;0,3000179561292465;0,14809924409489414;0,10692154719699548;0;0,4196465862605419;0;0;0;0,025314666318321955
315000;19,037;-25,0;-1;-1;19804;15516;33901;43880;76487;115942;236;176;9980;0,35429742063646613;0,18465974940378163;0;0;0,4354461967664663;0;0;0;0,025596633193286002
316500;19,103;-28,0;-1;-1;20299;15770;33901;43880;77190;115942;236;176;10028;0,058616891309773274;0,02667863291339333;0;0;0,07256252979009331;0,8375899147256781;0;0;0,004552031261061965
318000;19,171;-30,0;-1;-1;20386;15805;33901;43880;77280;117221;236;176;10037;0,062459404728291396;0,028583050099767242;0;0;0;0,9040581710903156;0;0;0,004899374081625834
319500;19,237;-39,0;-1;-1;20471;15844;33901;43880;77280;118592;236;176;10042;0,05878540670963907;0,027023544338768433;0;0,0595008226860075;0;0,8500301257942995;0;0;0,004660100471285355
321000;19,305;-34,0;-1;-1;20564;15888;33901;43974;77280;119858;236;176;10045;0;0,027727141461456477;0,017316191871760655;0,06116206074234338;0;0,8889764806218401;0;0;0,0048181253025994025
322500;19,376;-37,0;-1;-1;20564;15956;33937;44055;77288;121178;238;176;10054;0;0,24817428628126653;0,15662559359935432;0,5516010952593238;0;0;0;0;0,0435990248600552
324000;19,441;-37,0;-1;-1;20564;16317;34176;44881;77288;121178;238;176;10128;0;0,1408486645792178;0,09340761549510491;0,3169123066714734;0,4228673605783408;0;0;0;0,025964052675863103
325500;19,509;-39,0;-1;-1;20564;16552;34306;45336;77933;121178;238;176;10163;0;0,17181549329300286;0,0896119333136184;0,3173417181461468;0,42123085524723186;0;0;0;0
327000;19,575;-39,0;-1;-1;20564;16815;34443;45807;78562;121178;238;176;10163;0,2405403772140477;0,12826080959348238;0,06933485705161818;0,24052477713274423;0,32133917900810754;0;0;0;0
328500;19,641;-24,0;-1;-1;20905;16998;34544;46145;79099;121178;238;176;10163;0;0,03152137365769224;0,016859811829390257;0,059761780029087955;0,07613116580805078;0,8157258686757788;0;0;0
330000;19,708;-41,0;-1;-1;20905;17056;34567;46225;79206;122410;238;176;10163;0;0,03247358409801255;0,018216016318541476;0;0,08099306255046243;0,8683173370329835;0;0;0
331500;19,775;-41,0;-1;-1;20905;17104;34593;46225;79319;123723;238;176;10163;0;0,03308107084124689;0,01869113283170126;0;0,08288469322438202;0,86062090924024;0;0;0,004722193862429965
333000;19,843;-36,0;-1;-1;20905;17151;34619;46225;79439;125022;238;176;10171;0;0,035432723755432195;0,020154176135365683;0;0;0,9393212415128058;0;0;0,005091858596396442
334500;19,913;-38,0;-1;-1;20906;17221;34657;46226;79447;126422;238;176;10179;0;0,03596663958247666;0,020654405438119763;0;0;0,9381551548069861;0;0;0,005223800172417418
336000;19,979;-24,0;-1;-1;20906;17285;34690;46226;79447;127818;238;176;10186;0,06031479550016461;0,03169590321417799;0,01836495455227054;0,06294581042178331;0;0,82203019777157;0;0;0,004648338540033534
337500;20,049;-38,0;-1;-1;20976;17337;34710;46328;79447;129064;238;176;10196;0;0,033341431961909834;0,019467573083767713;0,06804427464610435;0;0,8742242937415885;0;0;0,0049224265666296075
339000;20,116;-38,0;-1;-1;20976;17384;34738;46425;79447;130385;238;176;10203;0;0,03144991577002001;0,018477552634161353;0,06431805672081833;0,08236787377840053;0,8033866010965998;0;0;0
340500;20,184;-40,0;-1;-1;20976;17429;34756;46534;79579;131581;238;176;10203;0;0;0,018637403271575623;0,0661153574439119;0,08491138333471866;0,8303358559497939;0;0;0
342000;20,253;-42,0;-1;-1;20976;17429;34788;46622;79716;132824;238;176;10203;0;0;0,01901475529728079;0,06888385115985189;0,08636382106284256;0,8257375724800247;0;0;0
343500;20,326;-38,0;-1;-1;20976;17429;34810;46727;79844;134069;238;176;10203;0;0;0,01852181113326063;0,06674730419557551;0,08384127000727706;0,8308896146638868;0;0;0
345000;20,393;-39,0;-1;-1;20976;17429;34825;46812;79961;135352;238;176;10203;0;0;0,01856860382672745;0,06410611267697457;0,0826848720007292;0,8300895452761844;0;0;0,004550866219384447
346500;20,46;-38,0;-1;-1;20976;17429;34862;46916;80073;136593;238;176;10209;0,05670561013748195;0,029342296543443936;0,01789746022972223;0,06154030191038184;0;0,8301223367105769;0;0;0,004391994468393159
348000;20,532;-35,0;-1;-1;21056;17478;34885;47008;80081;137863;238;176;10216;0;0,029820473462735576;0,018314413649442342;0,06425006726214315;0;0,8831207854780587;0;0;0,004494260147620307
349500;20,598;-30,0;-1;-1;21056;17514;34922;47103;80081;139187;238;176;10224;0;0,030903090887663544;0,019049190399501228;0;0;0,9453696196041427;0;0;0,0046780991086925895
351000;20,663;-37,0;-1;-1;21056;17573;34943;47103;80081;140600;238;176;10231;0;0,0355771221784194;0,01914309490592921;0;0;0,9405788770224454;0;0;0,004700905893206108
352500;20,729;-41,0;-1;-1;21056;17630;34964;47103;80081;142015;238;176;10238;0;0,032926626569356056;0,017866774497860095;0;0,0799652253813224;0,8648543617831349;0;0;0,004387011768326472
354000;20,796;-42,0;-1;-1;21056;17691;34990;47103;80198;143308;238;176;10241;0;0,24242420078813612;0,13267997499803477;0;0,592273873945087;0;0;0;0,03262195026874203
355500;20,865;-42,0;-1;-1;21056;18036;35196;47103;81086;143308;238;176;10302;0;0,15982609413334153;0,09110136868454366;0,32614942555005944;0,40044157903379535;0;0;0;0,022481532598260138
357000;20,933;-42,0;-1;-1;21056;18299;35325;47590;81679;143308;238;176;10330;0;0,1608473561969878;0,09492107227769497;0,3324076823892798;0,4118238891360373;0;0;0;0
358500;20,998;-31,0;-1;-1;21056;18534;35475;48093;82291;143308;238;176;10330;0,2223573203273076;0,11958540663510718;0,07023984928656538;0,2674078374787601;0,32040958627225974;0;0;0;0
360000;21,064;-27,0;-1;-1;21388;18702;35575;48501;82783;143308;238;176;10330;0,052989849350464406;0;0,01715250151323241;0,0677503382493974;0,07642107112331671;0,7856862397635891;0;0;0
361500;21,129;-29,0;-1;-1;21476;18702;35598;48611;82896;144474;238;176;10330;0,055942434449040644;0;0,0182952060864489;0,07189830978418925;0;0,8538640496803213;0;0;0
363000;21,196;-21,0;-1;-1;21555;18711;35626;48728;82911;145751;238;176;10330;0,055145844512697;0;0,01819026897479526;0,07111750817532424;0;0,8512807695951734;0;0;0,004265608742010053
364500;21,265;-36,0;-1;-1;21639;18718;35642;48833;82929;147044;238;176;10333;0,05867866964395069;0;0,018612306444987604;0;0;0,9183420928134205;0;0;0,004366931097641248
366000;21,331;-38,0;-1;-1;21734;18718;35665;48833;82929;148418;238;176;10341;0,057486319221637466;0,029749430830663722;0,018439715801036132;0;0;0,8899991853037003;0;0;0,004325348842962278
367500;21,401;-34,0;-1;-1;21834;18780;35693;48833;82950;149730;238;176;10347;0,05664320430943632;0;0,01750845199974113;0;0,07912735566343633;0,842611518486774;0;0;0,0041094695406124196
369000;21,468;-36,0;-1;-1;21922;18780;35718;48833;83057;151007;238;176;10350;0,3579782460720136;0;0,11176429450475792;0;0,5039942030337293;0;0;0;0,026263256389499116
370500;21,533;-29,0;-1;-1;22445;18780;35885;48833;83835;151007;238;176;10382;0,23248032049916845;0;0,07965219888702987;0,3034401475369941;0,3663316781116005;0;0;0;0,018095654965206976
372000;21,602;-30,0;-1;-1;22784;18796;36006;49285;84396;151018;238;176;10416;0,35819857301180485;0;0,1270729915526302;0,485861129629619;0;0;0;0;0,028867305805945997
373500;21,666;-22,0;-1;-1;23308;18796;36213;50010;84396;151018;238;176;10460;0,3530578958253963;0;0,1254898934909565;0,4876989964492203;0;0;0;0;0,033753214234426766
375000;21,73;-29,0;-1;-1;23823;18796;36411;50758;84396;151018;238;176;10499;0,04664249285189136;0,028257858892437582;0,01749724299920264;0,06895504924661115;0;0,8339216660624071;0;0;0,004725689947450083
376500;21,798;-39,0;-1;-1;23902;18837;36441;50857;84396;152263;238;176;10505;0,05440074593018743;0,030095598577874253;0,018726188640782307;0;0;0,8917164101083129;0;0;0,005061056742843014
378000;21,865;-22,0;-1;-1;23986;18876;36479;50857;84407;153608;238;176;10513;0;0,028754622815374643;0,01795736432883494;0;0,08426633676203096;0,8641647750023254;0;0;0,004856901091434112
379500;21,967;-33,0;-1;-1;23986;18929;36499;50857;84533;154935;238;176;10518;0;0,030916116188311717;0,019441211951334025;0;0;0,9443827212730788;0;0;0,005259950587275612
381000;22,032;-33,0;-1;-1;23986;18976;36526;50857;84533;156351;238;176;10528;0;0,02839937755605146;0,01796047735931177;0;0;0,948783673458652;0;0;0,004856471625984836
382500;22,099;-37,0;-1;-1;23986;19033;36551;50857;84545;157782;238;176;10534;0;0,027598185409058427;0,016415786431424807;0,0648986569696841;0;0,886647162742073;0;0;0,004440208447759771
384000;22,169;-37,0;-1;-1;23986;19082;36578;50970;84545;159090;238;176;10537;0,04551523657539809;0;0,015686166101234796;0,06308227053220883;0;0,8714683768162705;0;0;0,004247949974887801
385500;22,236;-35,0;-1;-1;24064;19082;36609;51046;84545;160402;238;176;10540;0,04963833221456576;0;0,016463710234349282;0;0;0,9294323425416103;0;0;0,004465615009474504
387000;22,305;-31,0;-1;-1;24148;19099;36635;51046;84558;161787;238;176;10545;0,04355159733302811;0;0,014574090113269624;0;0,06871624310464991;0,8692021458974382;0;0;0,003955923551614099
388500;22,371;-32,0;-1;-1;24218;19099;36653;51046;84662;163089;238;176;10551;0;0;0,014360186592578894;0;0,07000675828054191;0,9117357046505622;0;0;0,0038973504763170404
390000;22,437;-30,0;-1;-1;24218;19099;36672;51046;84772;164456;238;176;10555;0;0,022577955068410652;0,013460501337715137;0;0,06622430693777956;0,894082391794106;0;0;0,003654844861988524
391500;22,504;-31,0;-1;-1;24218;19128;36693;51046;84887;165788;238;176;10558;0;0,02258636399792861;0,013511459437599996;0,054491624882463015;0;0,9057388932537186;0;0;0,0036716584282897834
393000;22,573;-39,0;-1;-1;24218;19176;36720;51131;84894;167148;238;176;10562;0;0,02567464582386135;0,014435720046206975;0;0;0,9559632823351274;0;0;0,003926351794804239
394500;22,648;-40,0;-1;-1;24218;19222;36743;51131;84894;168574;238;176;10567;0,040802498147195033;0,024177486169201578;0,01367295548681285;0;0;0,9176264467056306;0;0;0,0037206134911600187
396000;22,715;-32,0;-1;-1;24265;19263;36759;51131;84894;169963;238;176;10574;0;0,02480511814634214;0,014107036600901155;0;0;0,9572511008665778;0;0;0,0038367443861788836
397500;22,78;-38,0;-1;-1;24265;19298;36777;51131;84894;171402;238;176;10582;0;0,02240323311209424;0,012797189698586063;0;0,0631070456531264;0,8982143419986645;0;0;0,0034781895375288105
399000;22,846;-19,0;-1;-1;24265;19326;36804;51131;84994;172745;238;176;10584;0;0,023045150809134062;0,013199293540535013;0;0;0,9601628646404798;0;0;0,0035926910098510096
400500;22,914;-41,0;-1;-1;24265;19379;36817;51131;85003;174190;239;176;10589;0;0,022579539349226307;0,012192999533992699;0,049322293142332954;0;0,912587105086437;0;0;0,0033180628880110923
402000;22,981;-38,0;-1;-1;24265;19422;36829;51206;85003;175555;239;176;10594;0;0,023100250593439803;0,012551515533658283;0;0;0,9609339148053356;0;0;0,0034143190675661986
403500;23,045;-36,0;-1;-1;24265;19445;36846;51206;85003;177009;239;176;10600;0,03553760577202338;0,021844968124225646;0,011897821705593739;0;0;0,9274835701557601;0;0;0,003236034242397164
405000;23,112;-37,0;-1;-1;24311;19478;36866;51206;85003;178403;239;176;10607;0;0,022222684944204058;0,012149992434228403;0;0;0,9623237656386131;0;0;0,0033035569829544917
406500;23,177;-32,0;-1;-1;24311;19514;36883;51206;85003;179844;239;176;10613;0;0,020597369460637855;0,011311669950023825;0;0,05592963008445213;0,909086447822596;0;0;0,0030748826822901395
408000;23,243;-35,0;-1;-1;24311;19546;36905;51206;85076;181214;239;176;10616;0;0;0,011572059232806523;0;0,05782778606676489;0,9274517892877565;0;0;0,0031483654126720968
409500;23,309;-29,0;-1;-1;24311;19565;36925;51206;85155;182613;239;176;10625;0;0;0,011505143549286763;0;0,057406858537247744;0,9279602784244717;0;0;0,003127719488993731
411000;23,373;-37,0;-1;-1;24311;19565;36946;51206;85252;183991;239;176;10629;0;0;0,011079730432889772;0,04498739480959535;0,05517289484558303;0,8857461494545502;0;0;0,0030138304573814824
412500;23,444;-38,0;-1;-1;24311;19565;36959;51295;85331;185306;239;176;10633;0;0;0,010916018575460108;0,04812214188514386;0,05488632788574729;0,8860755116536487;0;0;0
414000;23,509;-38,0;-1;-1;24311;19565;36966;51368;85397;186660;239;176;10633;0,02961910744660242;0,017963573478441276;0,009894766482795424;0,04438965270376022;0,05024275864883742;0,8478901412395633;0;0;0
415500;23,578;-34,0;-1;-1;24363;19593;36978;51440;85475;187918;239;176;10633;0,032469485414488825;0,018854745983451174;0,010424212902447326;0,04660031013500949;0;0,8916512455646032;0;0;0
417000;23,645;-20,0;-1;-1;24411;19620;36988;51512;85475;189261;239;176;10633;0,033618855890733906;0,01955527837713085;0,01085252448270358;0;0;0,9359733412494317;0;0;0
418500;23,71;-31,0;-1;-1;24481;19644;37001;51512;85475;190654;239;176;10633;0,03375180040514522;0,01885981430803291;0,010496220102988308;0;0;0,9340278192838506;0;0;0,002864345899983131
420000;23,778;-32,0;-1;-1;24536;19693;37021;51513;85479;192042;239;176;10636;0,03321908736791065;0;0,010384745311460108;0;0;0,9535601507320379;0;0;0,0028360165885913734
421500;23,842;-37,0;-1;-1;24595;19693;37034;51513;85479;193469;239;176;10637;0,03101088138578068;0;0,009753371771624664;0;0,0495801691945135;0,9069899548820188;0;0;0,002665622766062302
423000;23,91;-35,0;-1;-1;24636;19693;37044;51513;85549;194843;239;176;10642;0,030873937478842522;0;0,009753950383082214;0,043588846220377994;0;0,9131185084057107;0;0;0,00266475751198653
424500;23,976;-28,0;-1;-1;24678;19693;37052;51587;85549;196216;239;176;10645;0,030853462862687798;0;0,009366724852158944;0,04350825644965334;0;0,9162715558354999;0;0;0
426000;24,04;-31,0;-1;-1;24726;19693;37069;51653;85549;197585;239;176;10645;0,029762755662175427;0,016226611347216396;0,0090764359050157;0,04293973611269718;0;0,9019944609728953;0;0;0
427500;24,106;-36,0;-1;-1;24771;19712;37082;51705;85549;198956;239;176;10645;0,3003586116547936;0,16413971463714033;0,0920188648729369;0,4434828088351292;0;0;0;0;0
429000;24,169;-30,0;-1;-1;25213;19950;37208;52399;85549;198956;239;176;10645;0,2920809621773704;0,16542853286163392;0,0893027374052583;0,4531877675557373;0;0;0;0;0
430500;24,234;-28,0;-1;-1;25673;20191;37333;53073;85549;198956;239;176;10645;0,1955981182090735;0,10777376865374226;0,06411377389610358;0,30668794626997875;0,309171303656005;0;0;0;0,01665508931509709
432000;24,304;-29,0;-1;-1;25950;20370;37419;53568;86008;198963;240;176;10672;0,2854230386308034;0,1647261742227864;0,09135201553300634;0;0,43561945757827025;0;0;0;0,022879314035133727
433500;24,371;-33,0;-1;-1;26355;20623;37561;53568;86677;198963;240;176;10703;0,0315347878607202;0;0,010027090039598037;0;0,047714039770940415;0,908207870643098;0;0;0,0025162116856434057
435000;24,438;-40,0;-1;-1;26395;20623;37574;53568;86746;200341;240;176;10703;0,03123644011748601;0;0,009969907297580486;0;0,047362924688063406;0,9114307278968701;0;0;0
436500;24,504;-38,0;-1;-1;26451;20623;37593;53568;86813;201699;240;176;10703;0,030573252751605058;0;0,009810996576305525;0;0,04655106293696464;0,9130646877351247;0;0;0
438000;24,569;-33,0;-1;-1;26496;20623;37601;53568;86884;203075;240;176;10703;0,029066132040695025;0;0,009371475495054333;0,04455386280380706;0,04437439726178022;0,8726341323986634;0;0;0
439500;24,636;-34,0;-1;-1;26551;20623;37616;53616;86959;204382;240;176;10703;0,20136038783640017;0,1149377334144799;0,06528742325914427;0,30981591391508145;0,30859854157489414;0;0;0;0
441000;24,702;-30,0;-1;-1;26832;20804;37730;54040;87459;204382;240;176;10703;0;0,14936716835374456;0,07642750657836316;0,3714240323375737;0,38337115056953763;0;0;0;0,01941014216078085
442500;24,77;-33,0;-1;-1;26832;21023;37836;54639;88008;204382;240;176;10730;0;0,2329575595541122;0,12230512808625395;0,6136616919933555;0;0;0;0;0,03107562036627836
444000;24,837;-37,0;-1;-1;26832;21383;38016;55552;88008;204382;240;176;10777;0;0,2505302355494748;0,12140041298893879;0,59719831676052;0;0;0;0;0,03087103470106635
445500;24,904;-37,0;-1;-1;26832;21771;38185;56458;88019;204386;240;176;10822;0;0,019228773608735955;0,009724816761046837;0,04602786763897982;0;0,9225434503516171;0;0;0,002475091639620301
447000;24,974;-37,0;-1;-1;26832;21799;38202;56520;88019;205775;240;176;10826;0,03145586334557379;0,019914227600604257;0,01010423251826943;0;0;0,9359532787113346;0;0;0,002572397824217929
448500;25,04;-41,0;-1;-1;26883;21825;38220;56520;88019;207176;240;176;10830;0,27174246421311543;0,17234905094004935;0,08768904184556278;0;0,44588733786475265;0;0;0;0,02233210513651992
450000;25,106;-41,0;-1;-1;27317;22067;38371;56520;88662;207176;240;176;10860;0,29323905780403375;0,18831334610122827;0;0;0,49337962876138985;0;0;0;0,02506796733334815
451500;25,171;-30,0;-1;-1;27754;22340;38371;56520;89415;207176;240;176;10897;0,29829067345470256;0,17792851045701327;0;0;0,49940493120214946;0;0;0;0,024375884886134572
453000;25,236;-23,0;-1;-1;28219;22604;38371;56520;90148;207176;240;176;10935;0,19605334682498987;0,11845073089885938;0;0,317116123817904;0,3517105984628636;0;0;0;0,016669199995383088
454500;25,303;-36,0;-1;-1;28491;22837;38371;56968;90664;207176;240;176;10966;0;0,02081763057958898;0;0,04553392674700917;0,05043682345819132;0,8808234852447547;0;0;0,0023881339704557546
456000;25,372;-40,0;-1;-1;28491;22870;38371;57035;90727;208509;240;176;10970;0;0,1689660495381378;0,07405091594581799;0,3501443582180198;0,3884202682329092;0;0;0;0,01841840806511514
457500;25,44;-42,0;-1;-1;28491;23141;38487;57554;91296;208509;240;176;10995;0;0,2544502976751773;0,1148708249158532;0;0,6020458654063224;0;0;0;0,02863301200264699
459000;25,508;-43,0;-1;-1;28491;23547;38659;57554;92175;208509;240;176;11038;0;0,2592673820450164;0,11581092995209884;0;0,5960025430504557;0;0;0;0,028919144952429022
460500;25,578;-43,0;-1;-1;28491;23919;38830;57554;93109;208514;242;176;11081;0,25947465594116675;0,18877466091509154;0,0876338558663677;0;0,442191694179323;0;0;0;0,021925133098050876
462000;25,646;-43,0;-1;-1;28874;24201;38963;57554;93785;208514;242;176;11107;0,2817635468626785;0,20455324108697553;0;0;0,48904617862558536;0;0;0;0,024637033424760608
463500;25,711;-26,0;-1;-1;29342;24458;38963;57554;94520;208514;242;176;11147;0,028261069908012606;0,01846535667338008;0;0,043814085979497666;0,04604190013276836;0,8611415841208655;0;0;0,0022760031854757177
465000;25,781;-39,0;-1;-1;29383;24486;38963;57606;94605;209807;242;176;11148;0,02953036094007166;0,019306110825805124;0;0,04584714805098178;0;0,9029278661609869;0;0;0,00238851402215464
466500;25,848;-33,0;-1;-1;29439;24524;38963;57675;94605;211141;242;176;11151;0,030835541170408022;0,01939759019080772;0;0;0;0,9473563481019607;0;0;0,0024105205368234904
468000;25,914;-28,0;-1;-1;29495;24545;38963;57675;94605;212561;242;176;11154;0,03007740942842771;0,01898335484762278;0,009529465682896405;0;0;0,9390452976137827;0;0;0,0023644724272703877
469500;25,981;-35,0;-1;-1;29538;24575;38981;57675;94605;213966;242;176;11158;0;0,01934803988649733;0,009740364809971772;0;0;0,9684939034038994;0;0;0,0024176918996314076
471000;26,047;-38,0;-1;-1;29538;24613;38994;57675;94605;215411;242;176;11162;0;0,01863648492243567;0,009421745795829531;0;0,04728587478479712;0,9223171339543885;0;0;0,002338760542549201
472500;26,114;-40,0;-1;-1;29538;24639;39005;57675;94672;216802;242;176;11167;0;0,017489976427551554;0,008867318077343925;0,042221066490940436;0,04491812133449511;0,886503517669669;0;0;0
474000;26,183;-45,0;-1;-1;29538;24667;39011;57724;94746;218145;242;176;11167;0;0,018460846580935424;0,009390519103894109;0,04460264966739022;0;0,9275459846477804;0;0;0
475500;26,25;-45,0;-1;-1;29538;24691;39022;57794;94746;219540;242;176;11167;0,029365464465350346;0,01825620836638164;0,009310599938513034;0,04407888594295101;0;0,898988841286804;0;0;0
477000;26,321;-38,0;-1;-1;29581;24727;39033;57867;94756;220890;243;177;11167;0,030431471086356646;0,01891529641258735;0,009686867187720301;0;0;0,9409663653133358;0;0;0
478500;26,386;-38,0;-1;-1;29635;24755;39048;57867;94756;222293;243;177;11167;0,030829888469222272;0,01920123383822288;0,00985941156356151;0;0;0,9376545164363516;0;0;0,002454949692641903
480000;26,454;-39,0;-1;-1;29677;24779;39063;57867;94756;223711;243;177;11168;0;0,01857780234343777;0,009559474875072438;0;0,04844961247323507;0,9210304192929102;0;0;0,002382691015344595
481500;26,522;-43,0;-1;-1;29677;24805;39074;57867;94823;225099;243;177;11176;0;0,2350102815348899;0,12125453558518651;0;0,6135452517917611;0;0;0;0,03018993108816253
483000;26,588;-33,0;-1;-1;29677;25148;39260;57867;95757;225099;243;177;11213;0;0,15302677338176257;0,0814073953030307;0,35067269774288445;0,3965956178935189;0;0;0;0,01829751567880334
484500;26,656;-40,0;-1;-1;29677;25397;39380;58399;96331;225099;243;177;11238;0;0;0,09523560844820049;0,4096058376240437;0,4737078586745512;0;0;0;0,021450695253204668
486000;26,722;-30,0;-1;-1;29677;25397;39525;59016;97042;225099;243;177;11265;0,2104755931205256;0;0,07539252715604357;0,3365037049042199;0,36116958541817423;0;0;0;0,016458589401036543
487500;26,789;-21,0;-1;-1;29990;25397;39637;59525;97579;225099;243;177;11294;0;0;0,010422275416337973;0,04735936485072765;0,04996800547867595;0,8895841277447477;0;0;0,0026662265095106657
489000;26,856;-35,0;-1;-1;29990;25397;39654;59586;97657;226437;243;177;11300;0;0;0,010976516087590074;0,049770589859214766;0;0,9364454888740162;0;0;0,002807405179178824
490500;26,922;-36,0;-1;-1;29990;25397;39664;59668;97657;227842;243;177;11303;0;0,01979623697509803;0,010956508753131644;0,04949477687484873;0;0,916950212135779;0;0;0,0028022652611426023
492000;26,998;-37,0;-1;-1;29990;25432;39676;59744;97657;229213;243;177;11309;0;0,23813413478661397;0,13230603644722244;0,5957375417355888;0;0;0;0;0,03382228703057473
493500;27,066;-38,0;-1;-1;29990;25808;39879;60640;97663;229220;243;177;11351;0;0,23582159990714627;0,14005931054347628;0,589386080791993;0;0;0;0;0,03473300875738453
495000;27,131;-38,0;-1;-1;29990;26164;40094;61505;97663;229220;243;177;11415;0,18785779653525161;0,11333488077055083;0,0692689063519971;0,2826478684917457;0,3297295432118284;0;0;0;0,017161004638626434
496500;27,199;-38,0;-1;-1;30266;26365;40196;61931;98136;229220;243;177;11437;0,2003516268086453;0,12125750438496488;0;0,3033967671385432;0,356270405874188;0;0;0;0,018723695793658554
498000;27,265;-31,0;-1;-1;30574;26528;40196;62393;98676;229220;243;177;11464;0,028407434240728648;0;0;0,046530899751509196;0,05192139257237834;0,8705225326657858;0;0;0,002617740769598051
499500;27,333;-38,0;-1;-1;30620;26528;40196;62454;98762;230526;243;177;11465;0,029776654450237548;0;0;0,04885866851137979;0;0,9186076366751882;0;0;0,002757040363194515
501000;27,399;-31,0;-1;-1;30660;26528;40196;62517;98762;231919;243;177;11469;0,029913546735261275;0;0;0,04913303957105107;0;0,9181744155455351;0;0;0,0027789981481525275
502500;27,464;-32,0;-1;-1;30710;26528;40196;62597;98762;233280;243;177;11478;0,029932315164117568;0;0,011348466734204324;0,049214945493340566;0;0,9067153845888984;0;0;0,0027888880194390695
504000;27,531;-33,0;-1;-1;30747;26528;40212;62670;98762;234649;243;177;11483;0,029852594139978882;0,017897494649943568;0,011742239197917928;0;0;0,9377185782759812;0;0;0,0027890937361784718
505500;27,599;-32,0;-1;-1;30789;26553;40239;62670;98762;236047;243;177;11491;0;0,017286252667180722;0,011357440035626064;0;0,053648478895815636;0,9150106515127296;0;0;0,002697176888648095
507000;27,668;-29,0;-1;-1;30789;26578;40255;62670;98841;237421;243;177;11497;0;0,017790043101622324;0,0117131942647176;0;0;0,9677156436406525;0;0;0,00278111899300749
508500;27,734;-41,0;-1;-1;30789;26605;40275;62670;98841;238873;243;177;11498;0;0,017707541703847602;0,011683486716629311;0;0;0,9678314375063233;0;0;0,0027775340731997
510000;27,803;-36,0;-1;-1;30789;26637;40296;62670;98848;240331;244;177;11503;0;0,017554038469874578;0,011026652346672402;0,04632987493839669;0;0,9224669664895775;0;0;0,0026224677554787254
511500;27,871;-16,0;-1;-1;30789;26664;40311;62735;98848;241723;244;177;11504;0,266300956260194;0,16605662726759426;0,10454752652865332;0,438208926565351;0;0;0;0;0,024885963378207407
513000;27,936;-30,0;-1;-1;31168;26905;40456;63430;98848;241723;244;177;11544;0,3053893372607142;0;0,1184058377465782;0,5480195135358562;0;0;0;0;0,028185311456851447
514500;27,999;-24,0;-1;-1;31609;26905;40644;64259;98848;241723;244;177;11586;0,19047398229565365;0;0,07582118965670871;0,3592147867021044;0,3541470487779799;0;0;0;0,020342992567553137
516000;28,063;-27,0;-1;-1;31906;26905;40735;64825;99372;241723;244;177;11608;0,30995015305793333;0;0,11714519875901735;0;0,5414551777420347;0;0;0;0,031449470441014635
517500;28,128;-30,0;-1;-1;32371;26905;40911;64825;100174;241723;244;177;11665;0,029127223391693473;0;0,01097050305799418;0;0,05056343411097545;0,9063988651881719;0;0;0,0029399742511650047
519000;28,195;-27,0;-1;-1;32417;26905;40927;64825;100247;243083;244;177;11670;0,031144236131480783;0,017625006945953307;0,011349623914215996;0;0;0,9368396456308111;0;0;0,003041487377538799
520500;28,263;-33,0;-1;-1;32454;26936;40943;64825;100247;244498;244;177;11671;0;0,017810027779153716;0,011501024218145571;0;0;0,9676042131695402;0;0;0,003084734833160535
522000;28,328;-38,0;-1;-1;32454;26968;40960;64825;100247;245945;244;177;11675;0;0,017017427347668614;0,011021313312317859;0,0518226928319704;0;0,9171816298914782;0;0;0,002956936616565033
523500;28,395;-28,0;-1;-1;32454;26992;40978;64917;100247;247308;244;177;11678;0;0,017924812484574518;0,01162843212585228;0;0;0,9673247406030234;0;0;0,0031220147865497947
525000;28,46;-35,0;-1;-1;32454;27020;40990;64917;100247;248765;244;177;11681;0;0,017036672054841186;0,011081701999934286;0;0,05119094583754418;0,9177150789848686;0;0;0,00297560112281162
526500;28,531;-37,0;-1;-1;32454;27085;41007;64917;100328;250133;246;177;11684;0,029082240162167813;0;0,010945008849415464;0;0,049327199452564;0,9078015879395502;0;0;0,0028439635963024698
528000;28,598;-31,0;-1;-1;32494;27085;41035;64917;100404;251486;246;177;11687;0;0;0,01163905376006806;0;0,05123087374595654;0,93420078837888;0;0;0,002929284115095622
529500;28,664;-42,0;-1;-1;32494;27085;41057;64917;100475;252888;246;177;11692;0;0;0,011714793379952439;0;0,05257902892664101;0,9327567334333461;0;0;0,002949444260060609
531000;28,731;-35,0;-1;-1;32494;27085;41078;64917;100543;254293;246;177;11698;0;0;0,011020786837351037;0,04860198744658067;0,04992329977082925;0,8876789544203032;0;0;0,002774971524935769
532500;28,798;-38,0;-1;-1;32494;27085;41090;64987;100621;255629;246;177;11702;0;0,12373757362778483;0,0861500261685554;0,37886732700753906;0,3895529267747075;0;0;0;0,021692146421413202
534000;28,866;-41,0;-1;-1;32494;27288;41227;65539;101204;255629;246;177;11727;0;0,20870029327814277;0,14020302520964964;0,615682695673114;0;0;0;0;0,035413985839093644
535500;28,929;-41,0;-1;-1;32494;27582;41444;66469;101204;255629;246;177;11786;0,27415255743270517;0,15194058617390593;0,10413412706219657;0,4434635861985534;0;0;0;0;0,026309143132638907
537000;28,995;-23,0;-1;-1;32902;27800;41577;67168;101204;255629;246;177;11828;0,30939645459878123;0,1699351663848969;0;0,492246882480697;0;0;0;0;0,028421496535624792
538500;29,058;-26,0;-1;-1;33375;28039;41577;67911;101204;255629;246;177;11873;0,031183544803810203;0,01621165099784946;0;0,046615475391565804;0;0,9032320489014672;0;0;0,0027572799053073287
540000;29,126;-39,0;-1;-1;33427;28057;41577;67986;101204;256982;246;177;11875;0;0,016004703135376847;0;0,046727388675975604;0,04997583066477447;0,8845646300887684;0;0;0,002727447435104679
541500;29,194;-39,0;-1;-1;33427;28081;41577;68060;101278;258307;246;177;11878;0;0;0;0,048132590241387684;0,05153971272734636;0,8975096897881145;0;0;0,0028180072431513675
543000;29,265;-38,0;-1;-1;33427;28105;41577;68121;101379;259657;246;177;11884;0;0;0,011077974823479735;0,047082396312370024;0,05091204212121796;0,8881663825470596;0;0;0,0027612041958725185
544500;29,333;-36,0;-1;-1;33427;28105;41593;68192;101457;260986;246;177;11890;0;0;0,011506784698320595;0;0,05333814551094266;0,9322875543182202;0;0;0,0028675154725164888
546000;29,401;-43,0;-1;-1;33427;28105;41608;68192;101533;262393;246;177;11892;0,031600368051699135;0;0,011223685610722688;0;0,05247160255942777;0,9019055964548748;0;0;0,0027987473232756457
547500;29,468;-31,0;-1;-1;33478;28105;41625;68192;101615;263742;246;177;11893;0,03259864839918185;0,016981000789668896;0,011622610558226075;0;0;0,9358966905061428;0;0;0,002901049746780438
549000;29,535;-22,0;-1;-1;33532;28129;41638;68192;101615;265146;246;177;11898;0,03413699373280027;0,01721564981964475;0;0;0;0,9457008891951171;0;0;0,0029464672524380326
550500;29,602;-37,0;-1;-1;33580;28157;41638;68192;101615;266566;246;177;11902;0,03250141845106518;0,01641260193457579;0;0,0480025098311483;0;0,9002673233158462;0;0;0,002816146467364656
552000;29,669;-41,0;-1;-1;33632;28175;41638;68256;101615;267927;246;177;11907;0,03333787850014871;0,01688214359245042;0;0;0;0,9464261565732978;0;0;0,0033538213341030585
553500;29,734;-22,0;-1;-1;33687;28206;41638;68256;101615;269337;246;177;11911;0,031168582490446795;0,015806964877106963;0;0;0,0510832249474017;0,8987916815769551;0;0;0,0031495461080894896
555000;29,803;-39,0;-1;-1;33724;28222;41638;68256;101691;270707;246;177;11912;0;0,01618584304521794;0,011225533417104727;0;0,052742492408903885;0,9166149851165536;0;0;0,003231146012219683
556500;29,871;-41,0;-1;-1;33724;28245;41656;68256;101773;272080;246;177;11916;0;0,015902169116465574;0,011416117112678887;0;0,05234566624280437;0,9203360475280512;0;0;0
558000;29,937;-26,0;-1;-1;33724;28264;41672;68256;101850;273468;246;177;11916;0;0,015930899978596178;0,011450323411923799;0;0,052427334520472525;0,9201914420890075;0;0;0
559500;30,005;-36,0;-1;-1;33725;28314;41686;68257;101938;274846;246;177;11916;0;0,015179089662359917;0,010964625814375281;0,045069685011401586;0,05010876069488941;0,8786778388169738;0;0;0
561000;30,071;-37,0;-1;-1;33725;28339;41704;68328;102012;276158;246;177;11916;0,19876593337412943;0,09960098457921114;0,07208197343748168;0,3005458814128615;0,3290052271963163;0;0;0;0
562500;30,137;-37,0;-1;-1;34042;28473;41815;68782;102496;276158;246;177;11916;0;0,1213253082676104;0,08856291585293286;0,3640412139553706;0,4011318253049783;0;0;0;0,024938736619108004
564000;30,202;-33,0;-1;-1;34042;28667;41953;69320;103092;276158;246;177;11950;0;0;0,09713229519635667;0,4128549496555534;0,46263872018572577;0;0;0;0,0273740349623641
565500;30,269;-35,0;-1;-1;34042;28667;42102;69946;103779;276158;246;177;11988;0;0;0,09807077808497908;0,40875818115657386;0,4655162714755516;0;0;0;0,027654769282895474
567000;30,334;-38,0;-1;-1;34042;28667;42240;70569;104477;276158;246;177;12029;0;0;0,010921348982030227;0,04463303623400696;0,05219477423312177;0,8891726961276163;0;0;0,003078144423224785
568500;30,401;-41,0;-1;-1;34042;28667;42256;70633;104561;277485;246;177;12038;0;0;0,09870975174973155;0,40255555408190136;0,4709374570299796;0;0;0;0,027797237138387436
570000;30,466;-44,0;-1;-1;34042;28667;42399;71211;105294;277485;246;177;12084;0,19524044877087557;0,0970011861878506;0,06981343968022585;0,27985355570591086;0,3384537329804749;0;0;0;0,019637636674662246
571500;30,533;-44,0;-1;-1;34342;28815;42514;71624;105788;277485;246;177;12114;0,2080392368755745;0,10443120312808711;0;0,3009088833678273;0,36525285503587007;0;0;0;0,021367821592641
573000;30,599;-44,0;-1;-1;34660;28965;42514;72078;106333;277485;246;177;12147;0,29484007269333107;0,1497852315688952;0;0;0,5244382368752118;0;0;0;0,030936458862561935
574500;30,663;-44,0;-1;-1;35101;29175;42514;72078;107130;277485;246;177;12199;0,291366960763483;0,15034591177169193;0;0;0,5268452186264154;0;0;0;0,031441908838409596
576000;30,732;-28,0;-1;-1;35504;29443;42514;72078;107933;277492;247;177;12246;0,028292991678265766;0,015659167856008776;0;0;0,05096597493498272;0,9020564806499263;0;0;0,0030253848808163347
577500;30,798;-33,0;-1;-1;35545;29472;42514;72078;108002;278847;247;177;12252;0,2592125424177266;0,14353608696238687;0,10171996138452892;0;0,46773939239006185;0;0;0;0,027792016845295645
579000;30,865;-33,0;-1;-1;35951;29694;42662;72078;108676;278847;247;177;12302;0,19675533661272718;0,11012955788442622;0;0,310663839855294;0,36083435516270773;0;0;0;0,021616910484844713
580500;30,931;-28,0;-1;-1;36266;29848;42662;72526;109219;278847;247;177;12342;0,27436091717764943;0,17091079325200637;0;0;0,5240221714834391;0;0;0;0,03070611808690496
582000;30,997;-29,0;-1;-1;36701;30115;42662;72526;109971;278847;247;177;12388;0,2700583735322756;0,16965903278442568;0;0;0,5292212679501455;0;0;0;0,031061325733153254
583500;31,063;-31,0;-1;-1;37127;30366;42662;72526;110751;278847;247;177;12431;0,2726960497985579;0,1671102430755984;0;0;0,5290482407117619;0;0;0;0,031145466414081783
585000;31,128;-32,0;-1;-1;37552;30628;42662;72526;111522;278847;247;177;12473;0,26874152600292256;0,16598177447838755;0;0;0,5337590874103583;0;0;0;0,03151761210833181
586500;31,195;-32,0;-1;-1;37947;30884;42662;72526;112335;278847;247;177;12509;0,02399319965507246;0,014906689269129279;0,011074158513866986;0;0,048103522461595945;0,8990364927185832;0;0;0,0028859373817520756
588000;31,263;-32,0;-1;-1;37987;30915;42676;72526;112396;280197;247;177;12513;0;0,014810962682584571;0,011030580058158147;0,042394075322271865;0,04786819266058085;0,8810210896724651;0;0;0,0028750996039395
589500;31,344;-37,0;-1;-1;37987;30943;42695;72586;112467;281513;247;177;12519;0;0,015544916718096602;0,011597755588199135;0;0,050766413422268036;0,9190676948924169;0;0;0,0030232193790192697
591000;31,413;-41,0;-1;-1;37987;30968;42716;72586;112529;282898;247;177;12526;0;0,1919087299171494;0,14339368702674143;0;0,6273184664169165;0;0;0;0,03737911663919286
592500;31,484;-42,0;-1;-1;37987;31277;42949;72586;113452;282905;247;177;12585;0;0,18951527962573134;0,14904486566807668;0;0,6237350188571362;0;0;0;0,037704835849055825
594000;31,552;-42,0;-1;-1;37987;31571;43165;72586;114376;282905;247;177;12651;0,2455896761191639;0,14208056912298772;0,11373123142050533;0;0,4698418662455467;0;0;0;0,028756657091796416
595500;31,621;-42,0;-1;-1;38353;31788;43313;72586;115091;282905;247;177;12705;0,27507147026857365;0,16044222496836444;0;0;0,5316514036606801;0;0;0;0,03283490110238184
597000;31,685;-42,0;-1;-1;38779;32041;43313;72586;115859;282905;247;177;12758;0,023671351153160398;0,01392960686158273;0;0;0,046401769043438304;0,9131049632024769;0;0;0,002892309739341712
598500;31,753;-37,0;-1;-1;38824;32062;43313;72586;115924;284268;247;177;12764;0;0,013574093260763016;0;0,04376581798137366;0,04566498744221446;0,8941734987037747;0;0;0,0028216026118741857
600000;31,822;-42,0;-1;-1;38824;32085;43313;72647;116004;285602;247;177;12766;0;0,014316300176219675;0;0,04613637636974446;0;0,9365651099587436;0;0;0,002982213495292173
601500;31,888;-43,0;-1;-1;38824;32111;43313;72720;116004;287000;247;177;12769;0;0,014323490181894877;0,012014130587142359;0,04612051654839734;0;0,9245517131559284;0;0;0,0029901495266369694
603000;31,956;-43,0;-1;-1;38824;32138;43329;72780;116004;288391;247;177;12775;0;0,015238057883163868;0,012803430821134474;0;0;0,9687725713435104;0;0;0,003185939952191334
604500;32,024;0,0;-1;-1;38824;32157;43345;72780;116004;289850;247;177;12781;0,02585994015131442;0,015094857388596849;0,012694728786108035;0;0;0,9431918332101172;0;0;0,0031586404638634918
606000;32,091;-33,0;-1;-1;38853;32181;43364;72780;116004;291272;247;177;12787;0;0,014599894124189116;0,01229526719332856;0;0,04958644818860192;0,9204590667975783;0;0;0,0030593236963021545
607500;32,159;-40,0;-1;-1;38853;32202;43391;72780;116098;292626;247;177;12791;0;0,015406672053856452;0,012982110813162891;0;0;0,9683778631188634;0;0;0,0032333540141171345
609000;32,228;-40,0;-1;-1;38853;32237;43417;72780;116106;294080;247;177;12797;0;0,014870323514693154;0,012554541074616503;0,04835451025732706;0;0,9210923614571678;0;0;0,0031282636961955136
610500;32,297;-38,0;-1;-1;38853;32260;43433;72850;116106;295467;247;177;12801;0;0,015374965563550384;0,012998787660134034;0;0;0,9683865122465906;0;0;0,0032397345297250145
612000;32,364;-41,0;-1;-1;38853;32279;43452;72850;116106;296925;247;177;12805;0;0,015530797133154525;0,01314125539614105;0;0;0,9680510799336669;0;0;0,003276867537037651
613500;32,432;-37,0;-1;-1;38853;32303;43478;72850;116106;298365;247;177;12815;0,025903014083273748;0,014929171330947911;0,012643736366428689;0;0;0,9433726777047692;0;0;0,003151400514580469
615000;32,498;-31,0;-1;-1;38895;32326;43495;72850;116106;299777;247;177;12821;0;0,01457106724759984;0,012356470058354734;0;0,05006621919808063;0,9199270741081772;0;0;0,0030791693877876727
616500;32,565;-32,0;-1;-1;38895;32355;43511;72850;116167;301165;247;177;12827;0;0;0,012468654455901208;0;0,05095777341704371;0,9334670012223374;0;0;0,0031065709047176874
618000;32,631;-39,0;-1;-1;38895;32355;43529;72850;116254;302554;247;177;12833;0;0;0,011938855380530465;0,046130093698524485;0,04872212504638723;0,89023473858382;0;0;0,0029741872907379
619500;32,698;-41,0;-1;-1;38895;32355;43554;72932;116321;303877;247;177;12836;0;0;0,10888630999587044;0,4197873228047321;0,4441736644577905;0;0;0;0,027152702741607037
621000;32,762;-28,0;-1;-1;38895;32355;43753;73512;117000;303877;247;177;12878;0;0;0,10829214590661575;0,4256655694649213;0,43894825466134657;0;0;0;0,027094029967116403
622500;32,828;-35,0;-1;-1;38895;32355;43917;74153;117653;303877;247;177;12920;0;0,11381275373808776;0,09435919699802098;0,38157593518680916;0,38661867035238345;0;0;0;0,023633443724698656
624000;32,895;-40,0;-1;-1;38895;32523;44060;74740;118227;303877;247;177;12948;0,18270589177452848;0;0,08637490510506184;0,35450729031632733;0,35471657263414214;0;0;0;0,021695340169940264
625500;32,964;-41,0;-1;-1;39175;32537;44200;75256;118753;303885;247;177;12989;0,025646874507434175;0;0,011895200701619498;0,04816155251331291;0;0,9113100679774294;0;0;0,002986304300203994
627000;33,029;-41,0;-1;-1;39210;32537;44218;75325;118753;305257;247;177;12995;0,28908120301006507;0;0,13434260013559618;0,5428565063336619;0;0;0;0;0,03371969052067684
628500;33,093;-41,0;-1;-1;39613;32537;44443;76135;118753;305257;247;177;13057;0,2883702896416082;0;0,13662081340490345;0,5407052420406261;0;0;0;0;0,03430365491286223
630000;33,157;-22,0;-1;-1;40039;32537;44670;76929;118753;305257;247;177;13110;0,30731185102686576;0;0,13448966560459732;0,5205293523967385;0;0;0;0;0,03766913097179839
631500;33,218;-25,0;-1;-1;40499;32537;44873;77718;118753;305257;247;177;13158;0,17570466069706056;0,095566001736403;0,07882902453148131;0,30370679792916444;0,3240749442895291;0;0;0;0,022118570816361524
633000;33,279;-30,0;-1;-1;40772;32669;44982;78173;119247;305257;247;177;13195;0,25399299627732586;0,1412494765059126;0,11191884711782034;0;0,4614794166739001;0;0;0;0,03135926342504111
634500;33,338;-30,0;-1;-1;41149;32875;45171;78173;119929;305257;247;177;13241;0,02625917059721549;0,014723676033081279;0;0;0,04822415251535634;0,9074892086819427;0;0;0,003303792172404273
636000;33,393;-32,0;-1;-1;41184;32889;45171;78173;119991;306641;247;177;13246;0,28364222801682387;0,15922719126821955;0;0;0,5213876583380173;0;0;0;0,035742922376939365
637500;33,522;-32,0;-1;-1;41625;33106;45171;78173;120776;306641;247;177;13303;0,2820193145582655;0,16445208314187332;0;0;0,5162641739058507;0;0;0;0,03726442839401042
639000;33,592;-32,0;-1;-1;42070;33344;45171;78173;121534;306641;247;177;13362;0,1822977898404324;0,10750519464522716;0;0,3466000888835781;0,33893208282420423;0;0;0;0,024664843806558027
640500;33,664;-35,0;-1;-1;42352;33486;45171;78705;122042;306641;247;177;13398;0,248309813153845;0,1384098829983967;0,11778128711657197;0,4635194439414269;0;0;0;0;0,03197957278975939
642000;33,737;-35,0;-1;-1;42717;33708;45361;79392;122049;306647;248;177;13443;0,2559092868059106;0,14347127170613574;0,12348555580255939;0,47713388568539433;0;0;0;0;0
643500;33,807;-35,0;-1;-1;43148;33898;45558;80074;122049;306647;248;177;13443;0,25411704944424024;0,1445121518819716;0,12532748858016898;0,47604331009361905;0;0;0;0;0
645000;33,881;-29,0;-1;-1;43535;34105;45760;80778;122049;306647;248;177;13443;0,024102226477610005;0,014351269678608253;0,012195677773239051;0,046773150960478294;0;0,9025776751100645;0;0;0
646500;33,959;-38,0;-1;-1;43572;34123;45778;80846;122049;308006;248;177;13443;0,024187139402865043;0,014417511280986504;0,012261623052898803;0;0,044331672008698086;0,9048020542545515;0;0;0
648000;34,033;-32,0;-1;-1;43613;34145;45796;80846;122112;309362;248;177;13443;0,025144689655240176;0,015002620836728162;0,012775895571077726;0;0;0,9437196618769711;0;0;0,0033571320599828833
649500;34,108;-39,0;-1;-1;43645;34169;45819;80846;122112;310780;248;177;13446;0,45426599299854364;0,2627756454863288;0,22403212875723136;0;0;0;0;0;0,058926232757896095
651000;34,176;-32,0;-1;-1;44369;34521;46162;80846;122112;310780;248;177;13527;0,46920025682471234;0,23758414377300188;0,23913726060388596;0;0;0;0;0;0,054078338798399773
652500;34,246;-32,0;-1;-1;45068;34903;46504;80846;122112;310780;248;177;13604;0,2530683572192804;0,12930444751346154;0,13255557607657478;0,45497383099534194;0;0;0;0;0,030097788195341268
654000;34,317;-32,0;-1;-1;45435;35099;46709;81523;122112;310780;248;177;13659;0,2604606554941445;0,13412704896780364;0,13833070736152042;0,4670815881765314;0;0;0;0;0
655500;34,387;-33,0;-1;-1;45796;35293;46924;82253;122112;310780;248;177;13659;0,024000908431439653;0,012457505527989781;0,012922798634179984;0,04350371190851168;0,042923045459294484;0,8641920300385844;0;0;0
657000;34,464;-37,0;-1;-1;45842;35305;46940;82319;122181;312071;248;177;13659;0,17652115832520052;0,09183838408800583;0,09528701856861742;0,32017590267658164;0,31617753634159457;0;0;0;0
658500;34,539;-37,0;-1;-1;46104;35475;47072;82801;122656;312076;248;178;13659;0,2583733793257096;0,13476937041643705;0,14108238465129;0;0,4657748656065632;0;0;0;0
660000;34,613;-23,0;-1;-1;46479;35682;47265;82801;123381;312076;248;178;13659;0,24207678738129482;0,12723491680226207;0,13436013838034827;0;0,4647010607157627;0;0;0;0,031627096720332155
661500;34,685;-28,0;-1;-1;46855;35855;47466;82801;124082;312076;248;178;13708;0,2849403151210887;0,14934371724337916;0;0;0,53001296508827;0;0;0;0,03570300254726202
663000;34,758;-31,0;-1;-1;47280;36090;47466;82801;124873;312076;248;178;13757;0,2854882598218513;0,15325182741501178;0;0;0,5257765134860601;0;0;0;0,03548339927707677
664500;34,828;-23,0;-1;-1;47687;36293;47466;82801;125707;312076;248;178;13813;0,02329762161126738;0,012630163171307537;0;0,043459274918722514;0,04441235310112394;0,8732540098072958;0;0;0,0029465773902828014
666000;34,906;-36,0;-1;-1;47725;36311;47466;82860;125785;313380;248;178;13816;0,025137673661970998;0,013255039206838489;0;0,04557168545669305;0;0,9129393270268457;0;0;0,0030962746476519056
667500;34,981;-36,0;-1;-1;47759;36333;47466;82931;125785;314748;248;178;13821;0,025469271210619145;0;0,013660825235371973;0,04615380831554559;0;0,9115731172184874;0;0;0,0031429780199759326
669000;35,053;-35,0;-1;-1;47813;36333;47495;82997;125785;316095;248;178;13825;0,027337081935848603;0;0,014281455481360504;0;0;0,9550921937211916;0;0;0,0032892688615993675
670500;35,124;-36,0;-1;-1;47842;36333;47522;82997;125785;317533;248;178;13831;0,027691814506292;0;0,014474102218677256;0;0;0,9544988385425903;0;0;0,0033352447324404254
672000;35,198;-36,0;-1;-1;47880;36333;47547;82997;125785;318966;248;178;13835;0,026639908042523055;0;0,01398550772085039;0;0,04868777432318548;0,9074610423180233;0;0;0,003225767595417707
673500;35,272;-38,0;-1;-1;47916;36333;47575;82997;125856;320327;248;178;13839;0,25560715665823824;0,12930195112127332;0,13056011812192414;0;0,45438638377321877;0;0;0;0,030144390325345577
675000;35,346;-38,0;-1;-1;48289;36534;47780;82997;126556;320332;248;178;13879;0,1920077397945097;0;0,09946499491639883;0,34141890774167744;0,3440499863932231;0;0;0;0,02305837115419096
676500;35,417;-32,0;-1;-1;48571;36534;47929;83512;127069;320332;248;178;13920;0,21481179827962196;0;0;0,3763809512661259;0,38344510757849004;0;0;0;0,025362142875761936
678000;35,489;-32,0;-1;-1;48883;36534;47929;84071;127652;320332;248;178;13966;0,21427243231859622;0;0;0,37524079230775503;0,384861891119113;0;0;0;0,025624884254535858
679500;35,559;-19,0;-1;-1;49206;36534;47929;84625;128245;320332;248;178;13996;0,025298363481943986;0;0;0,04430761383076183;0,04660726838770377;0,8807105549965507;0;0;0,003076199303039639
681000;35,633;-38,0;-1;-1;49255;36534;47929;84695;128321;321630;248;178;14003;0,02711948641912125;0;0;0;0,0490918103243129;0,9205749136161652;0;0;0,003213789640400609
682500;35,702;-21,0;-1;-1;49303;36534;47929;84695;128400;323002;248;178;14004;0,02645201488308382;0,013701850877092166;0,013808540649959697;0;0,047951136768947945;0,8949408429239514;0;0;0,0031456138969650576
684000;35,78;-31,0;-1;-1;49351;36548;47947;84695;128480;324338;248;178;14008;0,027209931849159378;0,014125793496206735;0,014239550055095366;0;0;0,9411797508179952;0;0;0,00324497378154341
685500;35,855;-35,0;-1;-1;49391;36569;47968;84695;128480;325754;248;178;14010;0,45728684406125175;0,24831490084071503;0,23971375526203695;0;0;0;0;0;0,054684499835996284
687000;35,928;-29,0;-1;-1;50032;36973;48322;84695;128480;325754;248;178;14111;0,25185007262191683;0,14820511754563803;0,12785933404080255;0,42901958589723205;0;0;0;0;0,04306588989441057
688500;36,001;-29,0;-1;-1;50408;37190;48501;85361;128480;325754;248;178;14173;0,26343693976121263;0,16047448404796652;0,13248693970037562;0,4436016364904454;0;0;0;0;0
690000;36,072;-32,0;-1;-1;50815;37435;48701;86009;128480;325754;248;178;14173;0,1762638863859783;0,10819397741752505;0,09031929461783283;0,3070042401386124;0,3182186014400513;0;0;0;0
691500;36,149;-26,0;-1;-1;51076;37635;48831;86467;128952;325765;248;178;14173;0,02587933011154635;0;0,013037365823801543;0,04513054664945874;0,04654701211884242;0,8694057452963508;0;0;0
693000;36,226;-32,0;-1;-1;51115;37635;48849;86542;129025;327060;248;178;14173;0,19746316883465814;0;0,09965578662375038;0,3442479654323825;0,35863307910920905;0;0;0;0
694500;36,296;-32,0;-1;-1;51395;37635;48993;87061;129582;327060;248;178;14173;0,1905689021556867;0;0,097232517749839;0,33166576364867584;0,3478536161654425;0;0;0;0,03267920028035597
696000;36,373;-26,0;-1;-1;51684;37635;49132;87538;130118;327060;248;178;14232;0;0;0,11940669171796023;0,4134505682701492;0,42335518937649047;0;0;0;0,04378755063540018
697500;36,444;-35,0;-1;-1;51684;37635;49320;88120;130779;327060;248;178;14301;0;0,12150291762973181;0,10563058806141341;0,3610240609191302;0,3743615657837276;0;0;0;0,03748086760599689
699000;36,517;-35,0;-1;-1;51684;37814;49492;88655;131340;327060;248;178;14354;0;0,126194457986235;0,11046073868073375;0,3734775519631871;0,3898672513698442;0;0;0;0
700500;36,591;-35,0;-1;-1;51684;38006;49659;89206;131930;327060;248;178;14354;0;0,015246604092524041;0,013424855867412867;0,0449672269591027;0,04724227241923122;0,8791190406617292;0;0;0
702000;36,666;-37,0;-1;-1;51684;38028;49671;89273;131987;328402;248;178;14354;0,026216081148849664;0,015300364508937838;0,01349316806900122;0;0,04743889855919765;0,8975514877140135;0;0;0
703500;36,741;-34,0;-1;-1;51724;38051;49693;89273;132050;329754;248;178;14354;0,02744272411814739;0,016025285587869153;0,01414570907609165;0;0;0,9423862812178918;0;0;0
705000;36,816;-32,0;-1;-1;51764;38077;49714;89273;132050;331167;248;178;14354;0,027300616922442737;0,015948335820285913;0,014094510131068754;0;0;0,9375747955473966;0;0;0,0050817415788060255
706500;36,892;-36,0;-1;-1;51797;38100;49742;89273;132050;332573;248;178;14364;0,43723266896665386;0,2554424357760712;0,2259023378760696;0;0;0;0;0;0,08142255738120541
708000;36,968;-32,0;-1;-1;52427;38553;50066;89273;132058;332577;248;178;14480;0,2509677054272327;0,17467142101138428;0,12296128525746913;0,4085651189889127;0;0;0;0;0,04283446931500115
709500;37,042;-22,0;-1;-1;52805;38800;50256;89900;132058;332577;248;178;14538;0,19703782299032965;0;0,09822381595762683;0,33079902074646855;0,3365881595715237;0;0;0;0,03735118073405129
711000;37,117;-28,0;-1;-1;53105;38800;50405;90369;132575;332577;248;178;14603;0,3003373681879684;0;0,1442763725859943;0;0,5007899966438862;0;0;0;0,05459626258215115
712500;37,19;-28,0;-1;-1;53553;38800;50643;90369;133284;332577;248;178;14708;0,031149709434012015;0;0,013745094930439027;0;0,04961317414382989;0,899706344946938;0;0;0,005785676544781065
714000;37,265;0,0;-1;-1;53597;38800;50661;90369;133357;333935;248;178;14715;0,03294698517973263;0;0,014992232338793888;0;0;0,9459314537963105;0;0;0,006129328685162969
715500;37,342;-26,0;-1;-1;53643;38800;50688;90369;133357;335354;248;178;14723;0,031576792511146985;0,019574875335437017;0,014392288146327531;0;0;0,9285719204599965;0;0;0,005884123547091959
717000;37,416;-22,0;-1;-1;53689;38825;50707;90369;133357;336756;248;178;14731;0;0,02003239087020079;0,014192078877084556;0,0468043494890839;0;0,9131715539587457;0;0;0,005799626804885015
718500;37,492;-36,0;-1;-1;53689;38853;50717;90442;133357;338138;248;178;14738;0;0,020998361894404818;0,014906980762126513;0;0;0,958007435478916;0;0;0,00608722186455258
720000;37,565;-36,0;-1;-1;53689;38894;50749;90442;133357;339555;248;178;14748;0;0,02018674682778555;0,014357400232553006;0;0,050546338588381236;0,909047026246386;0;0;0,0058624881048943665
721500;37,639;-32,0;-1;-1;53689;38928;50765;90442;133419;340936;248;178;14755;0;0,02115799853909959;0,015081497285624378;0;0;0,957604945388614;0;0;0,006155558786662061
723000;37,715;-42,0;-1;-1;53689;38963;50787;90442;133419;342370;248;178;14764;0,03215396742589183;0,020466011513739165;0,015041788525112712;0;0;0,9263740302450197;0;0;0,005964202290236574
724500;37,795;-28,0;-1;-1;53740;39021;50809;90443;133432;343741;248;178;14776;0,03300304821497179;0;0,01547129653912518;0;0;0,9453969622535896;0;0;0,006128692992313566
726000;37,869;-36,0;-1;-1;53795;39037;50832;90443;133444;345152;248;178;14787;0,03152616309538775;0;0,014814703253363891;0,047670524796873254;0;0,9001250677216018;0;0;0,005863541132773217
727500;37,943;-32,0;-1;-1;53829;39037;50858;90519;133444;346506;248;178;14797;0,03302709467739739;0;0,015533179355280244;0;0;0,9452943728032659;0;0;0,006145353164056405
729000;38,019;-33,0;-1;-1;53881;39055;50872;90519;133454;347931;248;178;14806;0,031146837101301346;0;0,014689446699643295;0;0,05090428979249667;0,8974535571675114;0;0;0,005805869239047233
730500;38,093;-33,0;-1;-1;53933;39055;50892;90519;133521;349286;248;178;14812;0,031868395202539625;0,02044927447987828;0,01506502868483777;0;0;0,9266626415059903;0;0;0,005954660126754033
732000;38,169;-36,0;-1;-1;53987;39085;50913;90519;133521;350675;248;178;14818;0;0,021038797324283164;0,015524723856121261;0;0;0,957299172245816;0;0;0,00613730657377953
733500;38,246;-39,0;-1;-1;53987;39136;50936;90519;133528;352118;248;179;14822;0;0,020818325317353215;0,015415184185824169;0;0;0,9576684570806291;0;0;0,006098033416193539
735000;38,321;-44,0;-1;-1;53987;39163;50956;90519;133528;353567;248;179;14826;0;0,021003197575648246;0,015574667267941916;0;0;0,957258100410637;0;0;0,006164034745772999
736500;38,424;-30,0;-1;-1;53987;39203;50985;90519;133528;354990;248;179;14834;0;0,01987594480283821;0,014770327205895927;0,04779057333997311;0;0,9117164445199053;0;0;0,005846710131387579
738000;38,568;-32,0;-1;-1;53987;39231;51002;90590;133528;356366;248;179;14842;0,030936448010166654;0;0,014586055070600415;0,04775299779037015;0;0,900953389259727;0;0;0,005771109869135732
739500;38,669;-36,0;-1;-1;54030;39252;51024;90667;133541;357716;248;179;14850;0,030883941494101036;0;0,014584900055160714;0;0,050849352258327936;0,8979117201526519;0;0;0,005770086039758552
741000;38,744;-39,0;-1;-1;54079;39252;51039;90667;133612;359078;248;179;14853;0,03253314813456163;0;0,015401615302558368;0;0;0,9459696644732792;0;0;0,006095572089600802
742500;38,819;-39,0;-1;-1;54133;39252;51074;90667;133612;360475;248;179;14867;0,03290597153226213;0;0,015601860927548094;0;0;0,9453201112109271;0;0;0,0061720563292625985
744000;38,893;-34,0;-1;-1;54169;39252;51101;90667;133612;361902;248;179;14877;0,03167748800305228;0,020275284243259088;0,015032086596650663;0;0;0,9270705477833272;0;0;0,005944593373710632
745500;38,969;-37,0;-1;-1;54219;39285;51118;90667;133612;363286;248;179;14893;0;0,019871403869187766;0,014764103485741729;0,04850548980942231;0;0,9110331493742434;0;0;0,00582585346140486
747000;39,048;-41,0;-1;-1;54219;39333;51140;90737;133618;364658;248;179;14902;0;0,22302816900916667;0,1662134882116872;0,5452044519977494;0;0;0;0;0,0655538907813967
748500;39,12;-33,0;-1;-1;54219;39657;51381;91582;133618;364658;248;179;14992;0;0,21719256551514027;0,1611875171013404;0,5618259855492942;0;0;0;0;0,05979393183422511
750000;39,192;-36,0;-1;-1;54219;39982;51639;92404;133618;364658;248;179;15087;0;0,22099437808626202;0,16458753802738912;0,5553037255159744;0;0;0;0;0,05911435837037445
751500;39,263;-36,0;-1;-1;54219;40341;51871;93219;133618;364658;248;179;15181;0,17758867387033553;0,1160850246456039;0,0879606669058062;0,2915277264573225;0,2954311465643324;0;0;0;0,031406761556599376
753000;39,341;-24,0;-1;-1;54509;40532;51995;93653;134028;364658;248;179;15232;0,029412845229186215;0,019494259504032534;0;0,04834077908170647;0,049352837167544426;0,8482818758708891;0;0;0,005117403146641348
754500;39,416;-32,0;-1;-1;54557;40571;51995;93737;134101;365905;248;179;15241;0,03094984966421609;0,020506224049511676;0;0;0,05199091949544586;0,8911610732906089;0;0;0,00539193350021751
756000;39,495;-35,0;-1;-1;54604;40622;51995;93737;134175;367253;248;179;15251;0,2844029015587579;0,18814213719189557;0;0;0,47783921978185817;0;0;0;0,04961574146748843
757500;39,568;-35,0;-1;-1;55029;40891;51995;93737;134914;367253;248;179;15318;0,2827443139173353;0,18779299919736395;0;0;0,47939898713378293;0;0;0;0,05006369975151788
759000;39,644;-28,0;-1;-1;55518;41175;51995;93737;135577;