Iteration;Time;BestFitness;LastCalledHeur;IsRelay;NumOfMoves-LLH0;NumOfMoves-LLH1;NumOfMoves-LLH2;NumOfMoves-LLH3;NumOfMoves-LLH4;NumOfMoves-LLH5;NumOfMoves-LLH6;NumOfMoves-LLH7;NumOfMoves-LLH8;LAProb-LLH0;LAProb-LLH1;LAProb-LLH2;LAProb-LLH3;LAProb-LLH4;LAProb-LLH5;LAProb-LLH6;LAProb-LLH7;LAProb-LLH8;
2000;1,608;-26,0;-1;-1;323;340;352;92;342;163;76;230;232;0;0;0,951779513040661;0;0,007057805214608641;0,0013381925923563226;0;0,018270950794542943;0,021553538357830988
3500;2,048;-30,0;-1;-1;323;340;1735;92;398;169;76;282;235;0;0;0,9099266403637729;0;0,061108077330546434;0;0;0,02896528230568067;0
4500;2,187;-33,0;-1;-1;330;341;2572;92;538;171;80;316;237;0;0;0,6746717324118985;0;0,30682381781010404;0;0;0,0185044497779975;0
5500;2,317;-37,0;-1;-1;330;341;3354;92;736;171;80;336;237;0;0;0,7871754628164218;0;0,18953173405914134;0;0;0,02329280312443689;0
6500;2,474;-38,0;-1;-1;330;341;4156;92;906;171;80;364;237;0,031665492429781394;0,013896297469543257;0,7235903696412428;3,048344248591554E-5;0,18927042718217044;0;0,007724236717446019;0,03382269311733004;0
8500;2,721;-38,0;-1;-1;425;397;5454;100;1388;177;117;432;246;0,05343658240594436;0;0,6266022331060257;0;0,2388858039829906;0,033281796548646034;0,011984981968793482;0,03498952965197771;8,190723356221323E-4
10500;3,732;-31,0;-1;-1;510;397;6270;100;2381;207;135;489;247;0,06686982625075942;0;0;0;0,8585057427924633;0;0,018575324879872006;0,05449604774739199;0,0015530583295131468
12000;10,436;-22,0;-1;-1;670;397;6270;100;2512;207;213;1553;314;0,001526159078000108;0;0;0;0;0;0;0,9314547695687524;0,06701907135324744
13000;15,473;-26,0;-1;-1;1225;397;6270;100;2512;207;213;1685;627;0,9734278246852973;0;0;0;0;0;0;0,019510944920452914;0,007061230394249917
14000;17,313;-26,0;-1;-1;1820;399;6274;101;2513;208;213;1976;748;0,48247836687148776;0;0;0;0;0;0;0,4101768342040086;0,10734479892450376
15000;18,814;-21,0;-1;-1;2248;399;6274;101;2513;208;213;2236;1060;6,033089476870596E-5;0,12476196288283642;0,874641409922695;3,4483584840047594E-4;0;0;0;1,0442803513556424E-5;1,810176477857733E-4
16500;18,949;-28,0;-1;-1;2248;723;7450;101;2513;208;213;2236;1060;0;0,33610043087204844;0,6629149200569558;0;1,218519119535271E-4;8,581010996238913E-4;4,696059418286538E-6;0;0
18000;19,09;-30,0;-1;-1;2248;1289;8384;101;2513;208;213;2236;1060;0;0,3631343301318827;0,6357558555096592;0;1,3738222482606322E-4;9,671345035098065E-4;5,2976301224221025E-6;0;0
19500;19,224;-30,0;-1;-1;2248;1796;9375;101;2514;209;213;2236;1060;0;0,30271665317184304;0,6956730325421903;0;1,9947688600329154E-4;0,0014031406208733091;7,696779090049192E-6;0;0
21000;19,366;-23,0;-1;-1;2251;2168;10506;104;2517;212;214;2242;1065;0;0;0,9988638602377983;0;1,4097631030758777E-4;9,89725496205871E-4;5,4379556882964645E-6;0;0
22500;19,504;-24,0;-1;-1;2251;2168;12002;104;2517;216;214;2242;1065;6,275890271452487E-5;0;0,9982617656058624;0;1,8483366868498179E-4;0,00128466379989431;7,133733195079503E-6;1,0873803368895883E-5;1,8797048627965912E-4
24500;20,018;-30,0;-1;-1;2251;2168;13997;104;2517;220;214;2242;1066;0;0;0,9970365631917975;0;0;0,0025839756227154934;0;0;3,794611854871451E-4
25500;20,111;-35,0;-1;-1;2251;2168;14996;104;2517;221;214;2242;1066;0;0;0,9966658930009443;6,532509175092426E-4;0;0,0023373631804419603;0;0;3,4349290110455034E-4
27000;20,251;-35,0;-1;-1;2251;2168;16490;105;2517;225;214;2242;1067;0;0,30982609653028326;0,6872179130547925;5,799108187806487E-4;0;0,002070985335135798;0;0;3,0509426100780066E-4
28500;20,392;-35,0;-1;-1;2251;2602;17554;105;2517;225;214;2242;1069;0;0,2586348914911809;0,7383456958409684;0;0;0,002631745739508031;0;0;3,876669283426884E-4
30000;20,551;-26,0;-1;-1;2255;3002;18656;111;2519;233;215;2244;1072;0;0,2174580749418067;0,7803140864768042;0;2,4901103926561977E-4;0,0017153571851101087;9,67799986008808E-6;0;2,5379235715329644E-4
31500;20,722;-31,0;-1;-1;2255;3481;19668;111;2520;240;215;2244;1073;8,413692109607866E-5;0,3443559815299994;0,653357403673203;0;2,4657070333753203E-4;0,001690024056299225;0;1,4623178495943114E-5;2,5125993756879055E-4
33500;20,901;-32,0;-1;-1;2255;4084;21059;111;2520;246;215;2244;1073;0;0,28304562014533685;0,7169543798546633;0;0;0;0;0;0
34500;20,975;-32,0;-1;-1;2255;4370;21773;111;2520;246;215;2244;1073;0;0,2685946581490742;0,7307640172709406;6,413245799852585E-4;0;0;0;0;0
35500;21,075;-32,0;-1;-1;2255;4622;22520;112;2520;246;215;2244;1073;0;0,2571365074445373;0,7421400971871498;7,233953683129437E-4;0;0;0;0;0
36500;21,174;-32,0;-1;-1;2255;4868;23274;112;2520;246;215;2244;1073;0;0,24765246678662317;0,7523475332133769;0;0;0;0;0;0
37500;21,27;-32,0;-1;-1;2255;5100;24042;112;2520;246;215;2244;1073;0;0,23914683853162041;0,7566985597090056;0;4,6779114381127957E-4;0,003191893251412501;1,823602509909803E-5;0;4,766813390510005E-4
39000;21,427;-28,0;-1;-1;2260;5454;25192;116;2522;250;217;2247;1075;0;0;0,997138949533897;0;3,227834970611448E-4;0,002196881154471086;1,2570292629156533E-5;0;3,2881552194154417E-4
40500;21,568;-29,0;-1;-1;2260;5454;26688;116;2522;252;217;2247;1077;1,238281536624319E-4;0;0,9970214656380879;0;0;0,0024638461381758722;0;2,157222834364688E-5;3,6928784173020565E-4
42000;21,772;-30,0;-1;-1;2260;5454;28183;116;2522;257;217;2247;1077;1,4929555492578927E-4;0;0,9955789218879666;8,408699112972538E-4;0;0,0029597782043631962;0;2,602055483093441E-5;4,451138866162194E-4
43500;21,966;-31,0;-1;-1;2260;5454;29675;118;2522;262;217;2247;1078;0;0;0,9950295376251808;9,854920112865304E-4;0;0,003462690547105811;0;0;5,222798164269842E-4
45000;22,104;-35,0;-1;-1;2260;5454;31166;120;2522;269;217;2247;1078;0;0,38834954489732243;0,6092695022621794;0;0;0,002067755518460473;0;0;3,1319732203760993E-4
46500;22,241;-35,0;-1;-1;2260;5991;32123;120;2522;275;217;2247;1078;0;0,34351508059774216;0,6533344357952096;0;3,598229877513379E-4;0,0024102738379329315;1,4059202118156523E-5;0;3,6632757924582096E-4
48000;22,389;-35,0;-1;-1;2260;6461;33149;120;2524;276;217;2247;1079;0;0,3121235323588927;0,6846688082223269;0;4,169433860770041E-4;0,002790716032703353;0;0;0
49500;22,536;-36,0;-1;-1;2260;6948;34160;120;2524;278;217;2247;1079;1,484708579117527E-4;0,34807572788597374;0,6484137783777543;0;4,341903383986813E-4;0,002901912403314958;0;2,5920136646742738E-5;0
51000;22,677;-36,0;-1;-1;2265;7434;35176;123;2526;287;218;2250;1080;1,688836390212016E-4;0,3224099308895613;0,675951774669153;9,458592917171622E-4;4,940449798215756E-4;0;0;2,9506530725575844E-5;0
52500;22,83;-36,0;-1;-1;2266;7897;36210;125;2526;287;218;2250;1080;1,9275495186692144E-4;0,29828431141240846;0,6998473031475798;0,001078093510959206;5,63843561720265E-4;0;0;3,36934154652915E-5;0
54000;22,977;-36,0;-1;-1;2267;8323;37281;126;2527;287;218;2250;1080;2,1682619664875513E-4;0,28200984556050696;0,7164935892895495;0;6,34167180687731E-4;0;0;0;6,455717726069419E-4
55500;23,111;-36,0;-1;-1;2269;8734;38364;126;2528;287;218;2250;1083;2,4033902587262547E-4;0,26984957946147614;0,7291796160760398;0;7,02920139212501E-4;0;2,754529739896272E-5;0;0
57000;23,244;-36,0;-1;-1;2270;9133;39461;126;2530;287;219;2250;1083;9,996219066645698E-4;0,9765472638652608;0;0;0,0029230841929033854;0,019415519706633983;1,1451032853736046E-4;0;0
58500;23,373;-36,0;-1;-1;2271;10589;39461;126;2535;325;219;2250;1083;0,00150422506437025;0,965450061388237;0;0;0,004397010553388611;0,02864870299400424;0;0;0
60000;23,508;-36,0;-1;-1;2274;12023;39461;126;2540;383;219;2250;1083;0,0021654485238885137;0,9390188547076719;0;0,01209785657928763;0,006328737099718568;0,040009671220484794;0;3,7943186894857315E-4;0
61500;23,639;-36,0;-1;-1;2279;13413;39461;149;2554;451;219;2250;1083;0,0031111587808136565;0,9706423711273415;0;0,017158252829534697;0,009088217262309987;0;0;0;0
63000;23,773;-22,0;-1;-1;2283;14894;39461;159;2559;451;219;2250;1083;2,3755414825756287E-4;0,3375255136439233;0,660638039967801;0;8,915125966934906E-4;0;0;0;7,073796433244168E-4
64500;23,908;-34,0;-1;-1;2287;15355;40502;163;2566;455;220;2257;1084;2,9846968158994084E-4;0;0,9976585659701894;0;0,0011198395255684755;0;3,428226169081044E-5;0;8,888425609612642E-4
66000;24,03;-34,0;-1;-1;2287;15355;41998;163;2567;455;220;2257;1087;3,315385616915374E-4;0;0,9974001955273513;0;0,0012435858823123778;0;3,809316564717623E-5;0;9,865868629975716E-4
67500;24,182;-34,0;-1;-1;2288;15355;43491;163;2569;455;220;2257;1091;3,739698457816321E-4;0;0,9904553203995135;0;0,0014023725335035198;0,0066566992452232335;0;0;0,0011116379759781143
69000;24,288;-18,0;-1;-1;2288;15355;44981;163;2570;463;220;2257;1092;0;0;0,9899566578668936;0,0018240518003194387;0,00125118415669145;0,005917709142791193;0;5,864662720206174E-5;9,917504061022423E-4
70500;24,38;-28,0;-1;-1;2288;15355;46468;166;2571;472;220;2257;1092;0;0,2678944998024902;0,7274234171404319;9,502726777483121E-4;6,530026384178109E-4;0,003078807740911861;0;0;0
72000;24,469;-30,0;-1;-1;2288;15755;47558;167;2575;477;220;2257;1092;0;0;0,9948696704712374;0;8,989730151186073E-4;0,004231356513643962;0;0;0
73000;24,528;-30,0;-1;-1;2288;15755;48554;167;2575;481;220;2257;1092;0;0;0,9946080773182018;0;9,409930642952897E-4;0,004422029595782582;2,890002172050895E-5;0;0
74500;24,667;-30,0;-1;-1;2288;15755;50042;167;2579;489;220;2257;1092;2,790356233466059E-4;0;0,9937508915133658;0;0,001044945916097061;0,004893007069699472;3,211987749111963E-5;0;0
76000;24,795;-28,0;-1;-1;2288;15755;51536;167;2580;494;220;2257;1092;0;0;0,9952479308349471;0;7,351262185739179E-4;0,0034338331926810147;0;0;5,831097537979887E-4
77500;24,949;-31,0;-1;-1;2288;15755;53028;167;2584;497;220;2257;1093;0;0;0,9941965126416269;0,0010672593564513217;7,334420183980013E-4;0,0034209490795984766;0;0;5,818369039254615E-4
79000;25,121;-31,0;-1;-1;2291;15758;54519;176;2591;505;224;2261;1094;0;0,2412151117601915;0,7567225063043365;9,080839066039143E-4;6,269908603730135E-4;0;0;2,9523919315141094E-5;4,977832491800978E-4
80500;27,715;-35,0;-1;-1;2291;16492;55282;177;2591;505;224;2261;1096;0;0,6577523784846943;0,34127574215390327;0;0;0;0;0;9,718793614025651E-4
81500;27,802;-35,0;-1;-1;2291;17116;55656;177;2591;505;224;2261;1098;0;0,632480311739984;0,36641856247493987;0;0;0;4,1490927356289664E-5;0;0,0010596348577199175
83000;27,946;-35,0;-1;-1;2291;18046;56226;177;2591;505;224;2261;1098;4,1001428074171676E-4;0,5897396415849322;0,40859138347169394;0;0;0;4,7464946942281544E-5;0;0,0012114957156897973
84500;28,079;-35,0;-1;-1;2292;18910;56859;177;2591;505;224;2261;1100;4,4979950986725114E-4;0,5545641529328849;0,43592167913664487;0;0;0,007735966353886707;0;0;0,0013284020667164243
86000;28,227;-17,0;-1;-1;2292;19676;57577;177;2591;516;224;2261;1105;0;0,5817434884548065;0,406503636937322;0,0021683253173776632;0,0015000845153991362;0,006894937699725292;0;0;0,0011895270753693318
87500;28,77;-19,0;-1;-1;2292;20580;58162;180;2592;520;224;2261;1108;0;0,980884009942854;0;0,003839952701785415;0,0026614599205523636;0,010504877121486091;0;0;0,0021097003133221854
89000;28,926;-27,0;-1;-1;2292;22047;58162;187;2596;539;224;2261;1111;0;0;0;0,1941384306561734;0,17068444751620798;0,5281128150796848;0;0;0,10706430674793382
90500;29,2;-36,0;-1;-1;2292;22047;58162;245;2675;1863;224;2261;1150;0;0;0;0,004813708643344385;0,008756160362982914;0,9803873972316087;2,1888622482766658E-4;3,3469826862735314E-4;0,005489149268608974
92000;29,334;-39,0;-1;-1;2292;22047;58162;248;2684;3344;225;2261;1156;0,001089961926514248;0;0;0,0027800923634177886;0,005061044216830697;0,9877713092062057;1,265429313710295E-4;0;0,003171049355660517
93500;29,567;-39,0;-1;-1;2294;22047;58162;255;2703;4808;225;2261;1164;7,960079905849157E-4;0;0,6794953286017946;0;0,0036905383678200038;0,31601812503980037;0;0;0
95000;29,714;-39,0;-1;-1;2301;22052;59214;258;2712;5251;228;2265;1168;3,720793258994855E-4;0,5668721360058063;0,30463629921943247;0;0;0,1281194854488618;0;0;0
96500;29,852;-30,0;-1;-1;2301;22842;59634;258;2712;5541;228;2265;1168;0;0,43270185507363207;0,22435372255183417;0;0;0,34294442237453376;0;0;0
97500;29,954;-30,0;-1;-1;2301;23309;59842;258;2712;5866;228;2265;1168;0;0,4282927741924057;0,23864680819199177;0;0;0,33306041761560246;0;0;0
98500;30,071;-34,0;-1;-1;2301;23690;60075;258;2712;6252;228;2265;1168;0;0,3698324972298182;0,21762645905575037;5,684462046332985E-4;0;0,4112964191330396;2,600676394489143E-5;0;6,501716128136376E-4
100000;30,239;-36,0;-1;-1;2301;24167;60393;258;2712;6957;228;2265;1168;0;0,3214686966992056;0,20786455875933627;0;0,0010053021363867782;0,46966144240507135;0;0;0
101500;30,402;-36,0;-1;-1;2301;24667;60717;258;2714;7631;228;2265;1168;2,4384377327249667E-4;0,32234723210752403;0,23042237102854127;0;0,0011288852120884742;0,4458576678785736;0;0;0
103000;30,562;-36,0;-1;-1;2301;25163;61095;258;2716;8255;228;2265;1168;2,702872403180502E-4;0,32271978815856767;0,25120103798297205;0;0;0,42580888661814226;0;0;0
104500;30,714;-36,0;-1;-1;2301;25640;61497;258;2716;8876;228;2265;1168;0;0,3241207290110744;0,27194168448252204;0;0;0,4039375865064036;0;0;0
105500;30,988;-27,0;-1;-1;2301;25915;61749;258;2716;9349;228;2265;1168;0;0,16860122413441353;0,15198551979940786;0;0;0,6794132560661786;0;0;0
106500;31,077;-35,0;-1;-1;2301;26027;61853;258;2716;10133;228;2265;1168;0;0,0947119607018536;0,08620566545578871;2,4267123423515788E-4;0;0,8185510439620433;1,1145653529714666E-5;0;2,77512992549492E-4
108000;31,259;-38,0;-1;-1;2301;26158;61986;258;2716;11368;228;2265;1169;0;0,10210434716218382;0,09664644529323604;0;4,857936895190773E-4;0,8004589338223005;0;0;3,044800327606108E-4
109500;31,402;-38,0;-1;-1;2302;26315;62156;259;2720;12549;233;2271;1175;1,2518738739685534E-4;0,11908787584698531;0,1142593233929145;0;5,783035587868887E-4;0,7659493098139164;0;0;0
111000;31,611;-34,0;-1;-1;2302;26487;62284;259;2720;13749;233;2271;1175;0;0,07558727362556926;0,0790272531746598;0;0;0,8453854731997709;0;0;0
112000;31,709;-34,0;-1;-1;2302;26579;62361;259;2720;14580;233;2271;1175;0;0,08423879561298162;0,08879678163859046;0;0;0,8269644227484279;0;0;0
113000;31,834;-35,0;-1;-1;2302;26679;62463;259;2720;15378;233;2271;1175;0;0,10372889910718197;0,09922752595568408;0;0;0,797043574937134;0;0;0
114000;31,935;-36,0;-1;-1;2302;26788;62560;259;2720;16172;233;2271;1175;0;0,12436038314850249;0,10842139199619338;0;0;0,7668905202439041;0;0;3,2770461140009896E-4
115500;32,089;-36,0;-1;-1;2302;26988;62757;259;2720;17275;233;2271;1175;0;0,1375135336197649;0,12280122393286456;3,277686333598178E-4;5,976263474822701E-4;0,7383704244301595;1,5029009188147796E-5;0;3,743940271807443E-4
117500;32,355;-33,0;-1;-1;2302;27235;62971;259;2720;18813;233;2271;1176;8,735667977023715E-5;0,08937865101284903;0,0846737662426695;0;0;0,8258602260647112;0;0;0
119000;32,779;-28,0;-1;-1;2302;27389;63120;259;2720;20010;233;2271;1176;8,09426157827233E-5;0,08087063960453823;0,07772137355321508;0;0;0,841327044226464;0;0;0
120500;33,164;-30,0;-1;-1;2302;27492;63244;259;2720;21283;233;2271;1176;0;0,10470427776722128;0,10135420412552756;0;0;0,7939415181072511;0;0;0
121500;33,263;-32,0;-1;-1;2302;27593;63334;259;2720;22092;233;2271;1176;0;0,07903341431092857;0,06985729817884344;0;0;0,851109287510228;0;0;0
122500;33,467;-34,0;-1;-1;2302;27683;63412;259;2720;22924;233;2271;1176;0;0,08933495109761223;0,0795978953463313;0;0;0,8308238438656282;0;0;2,4330969042821334E-4
124000;33,807;-38,0;-1;-1;2305;27834;63530;263;2725;24165;237;2276;1180;0;0,10217205163625;0,09226836354305344;0;4,5266489894735934E-4;0,8048232161984411;0;0;2,8370372330818435E-4
125500;34,003;-39,0;-1;-1;2305;27990;63682;263;2725;25357;237;2276;1180;1,0850620674336381E-4;0,11043857141993658;0,1009859839140294;0;0;0,7884669384592907;0;0;0
127000;34,208;-39,0;-1;-1;2306;28142;63852;263;2725;26534;237;2276;1180;1,2321259493401285E-4;0,12296130952735643;0,11378469008047665;3,106312928821968E-4;0;0,7628058337817785;1,4322722572323978E-5;0;0
128500;34,378;-31,0;-1;-1;2306;28333;63998;265;2725;27695;237;2276;1180;0;0,11497563907716174;0,10147214344964378;2,6977406554518795E-4;0;0,7832824434076493;0;0;0
130000;35,004;-23,0;-1;-1;2306;28526;64160;265;2725;28840;237;2276;1180;0;0,14003898305711282;0,1260460663251164;0;0;0,7339149506177708;0;0;0
131000;35,102;-31,0;-1;-1;2306;28681;64269;265;2725;29576;237;2276;1180;0;0,1393455128503403;0,11598876730168166;0;0;0,7443072837213462;0;0;3,584361266318198E-4
132500;35,253;-37,0;-1;-1;2306;28914;64424;265;2725;30685;237;2276;1183;0;0,17292573385823462;0,11214944178106698;0;0;0,7145760798062316;0;0;3,4874455446677583E-4
134000;35,4;-37,0;-1;-1;2306;29187;64594;265;2725;31742;237;2276;1183;1,2876467134514846E-4;0,1772509323422714;0,11810588572842508;0;5,904151822299767E-4;0,7035538523901442;0;0;3,7014968558418096E-4
135500;35,556;-30,0;-1;-1;2309;29441;64794;265;2726;32784;237;2276;1183;1,0269129472406207E-4;0,14933921977233056;0,09945151950207676;2,5835109291040906E-4;4,708659950635468E-4;0,7503773523428946;0;0;0
137000;36,108;-40,0;-1;-1;2309;29686;64957;266;2727;33874;237;2276;1183;0;0,16060012987772623;0,10927151234142254;2,8684776336582846E-4;5,227727396110431E-4;0,7293187372778742;0;0;0
138500;36,34;-40,0;-1;-1;2309;29926;65121;266;2728;34969;237;2276;1183;0;0,17132633710305636;0,11866974374951131;0;0;0,7100039191474324;0;0;0
139500;36,593;-40,0;-1;-1;2312;30111;65240;267;2731;35671;239;2277;1184;0;0,18522574865893018;0,13033135269946397;0;0;0,6844428986416058;0;0;0
140500;36,787;-31,0;-1;-1;2312;30302;65351;267;2731;36369;239;2277;1184;0;0,18730860136226257;0,10474898308780008;0;0;0,7076205059411124;0;0;3,2190960882498256E-4
142000;36,949;-32,0;-1;-1;2312;30581;65501;267;2731;37439;239;2277;1185;1,1590803964241465E-4;0,1871991070289559;0,10728360018272892;0;0;0,7050687608112286;0;0;3,326239374440458E-4
143500;37,1;-34,0;-1;-1;2312;30863;65659;267;2731;38499;239;2277;1185;0;0,17795273432037254;0,09675272408153843;2,6425052958400496E-4;4,813214980583143E-4;0,7245489695704467;0;0;0
145000;37,246;-31,0;-1;-1;2312;31121;65814;268;2731;39585;239;2277;1185;0;0,15905307064673782;0,09019336521962568;2,2574547059232356E-4;0;0,7505278186630442;0;0;0
146500;37,399;-36,0;-1;-1;2312;31347;65948;268;2731;40725;239;2277;1185;0;0,15131181785837328;0,0875014726405644;0;0;0,7611867095010624;0;0;0
147500;37,488;-37,0;-1;-1;2312;31503;66020;268;2731;41497;239;2277;1185;0;0,1639911090326879;0,08901757519900708;0;0;0,7469913157683051;0;0;0
148500;37,581;-37,0;-1;-1;2312;31656;66097;268;2731;42267;239;2277;1185;0;0,16645161503616956;0,09145864201877488;0;0;0,7418248758568902;0;0;2,648670881654684E-4
150000;37,734;-35,0;-1;-1;2312;31887;66214;268;2731;43418;239;2277;1186;7,597414114683135E-5;0,15460619798742442;0,07717067782381123;0;0;0,7679293987047778;0;0;2,1775134283976368E-4
151500;37,867;-36,0;-1;-1;2312;32109;66320;268;2731;44589;239;2277;1187;0;0,14395946100608642;0,06544435895989141;1,5737795882653433E-4;2,866176280908188E-4;0,789972302398637;0;0;1,7988204846780632E-4
153000;38,02;-24,0;-1;-1;2312;32323;66409;268;2732;45785;239;2277;1187;0;0,14091750693216207;0,06563405565327753;0;2,8855446942280244E-4;0,7931598829451376;0;0;0
154500;38,16;-35,0;-1;-1;2314;32512;66503;271;2736;47012;240;2282;1188;0;0,1278324649019114;0,0622825187466546;0;0;0,8098850163514341;0;0;0
155500;38,248;-35,0;-1;-1;2314;32644;66560;271;2736;47823;240;2282;1188;0;0,1302306048625622;0,06412765954581258;0;0;0,8056417355916252;0;0;0
156500;38,348;-30,0;-1;-1;2314;32795;66630;271;2736;48602;240;2282;1188;0;0,11865377125017415;0,06286740632096892;0;0;0,8184788224288568;0;0;0
157500;38,611;-35,0;-1;-1;2314;32929;66693;271;2736;49405;240;2282;1188;0;0,13180920936866844;0,06575805688457806;0;0;0,8022645619747413;0;0;1,681717720122741E-4
159000;38,824;-37,0;-1;-1;2314;33157;66785;271;2736;50585;240;2282;1188;6,219636859596823E-5;0,1565996258523246;0,06932685562819534;1,5551865055402978E-4;2,8339762898332225E-4;0,7733944245893266;0;0;1,779812820202878E-4
161000;39,152;-24,0;-1;-1;2314;33489;66946;271;2738;52090;240;2282;1188;0;0,16199192026123038;0,06431805883622609;0;2,6573663596749615E-4;0,7734242842665761;0;0;0
162500;39,308;-30,0;-1;-1;2314;33735;67027;271;2738;53263;240;2282;1188;0;0,15270350891230716;0,06171538508740238;0;0;0,7855811060002905;0;0;0
163500;39,451;-32,0;-1;-1;2314;33862;67080;271;2738;54083;240;2282;1188;0;0,13884576390638456;0,05493833196818984;0;0;0,8062159041254255;0;0;0
164500;39,564;-32,0;-1;-1;2314;34012;67130;271;2738;54883;240;2282;1188;0;0,14084517834008145;0,056781303333124394;0;0;0,8023735183267942;0;0;0
165500;39,673;-36,0;-1;-1;2314;34150;67185;271;2738;55690;240;2282;1188;0;0,15547589367381584;0,05610477882364566;0;0;0,7882712316986032;0;0;1,480958039352273E-4
167000;39,833;-37,0;-1;-1;2314;34409;67254;271;2738;56862;240;2282;1188;0;0,15666032153740483;0,057908123460627216;0;2,441988017736779E-4;0,7850338841205519;0;0;1,5347207964245456E-4
168500;39,976;-37,0;-1;-1;2315;34673;67345;275;2740;58019;242;2285;1188;0;0,15881851976714942;0,060017269831546365;1,3936444226709833E-4;2,5418241875294783E-4;0,780610870311891;0;0;1,5979322839302553E-4
170000;40,123;-37,0;-1;-1;2315;34913;67430;275;2740;59194;242;2285;1188;6,229360730243297E-5;0,17238616560600317;0;0;0;0,8275515407866944;0;0;0
171000;40,24;-34,0;-1;-1;2315;35054;67430;275;2740;60053;242;2285;1188;5,282624602196143E-5;0,15285952976153844;0;0;0;0,8470876439924395;0;0;0
172000;40,342;-34,0;-1;-1;2315;35218;67430;275;2740;60889;242;2285;1188;0;0,15541217692443657;0;0;0;0,8445878230755635;0;0;0
173000;40,445;-23,0;-1;-1;2315;35367;67430;275;2740;61740;242;2285;1188;0;0,15417348386470864;0;0;0;0,8458265161352914;0;0;0
174000;40,54;-36,0;-1;-1;2315;35541;67430;275;2740;62566;242;2285;1188;0;0,15545790796064957;0,05056915388954329;0;2,156282476053579E-4;0,7936217093903999;0;0;1,356005118020401E-4
175500;40,693;-39,0;-1;-1;2315;35789;67525;275;2741;63720;242;2285;1190;0;0,7596692162779911;0,23866567895427845;0;0,0010223554069788835;0;0;0;6,427493607514803E-4
177000;40,833;-39,0;-1;-1;2315;36907;67907;275;2741;63720;242;2285;1190;2,4399392004419978E-4;0,7434913252356558;0,2544612989303979;0;0,0011072216067360332;0;0;0;6,961603071661265E-4
178500;40,97;-17,0;-1;-1;2316;38015;68296;275;2743;63720;242;2285;1190;2,2626319540448197E-4;0,7371170145086393;0,2610669047312428;5,633291481606053E-4;0,0010264884165529546;0;0;0;0
180000;41,097;-32,0;-1;-1;2316;39180;68627;275;2747;63720;242;2285;1190;0;0,7821612435494244;0,21783875645057565;0;0;0;0;0;0
181000;41,18;-32,0;-1;-1;2316;39954;68853;275;2747;63720;242;2285;1190;0;0,19522459532631822;0,05729492691800504;0;0;0,7474804777556767;0;0;0
182000;41,269;-36,0;-1;-1;2317;40137;68921;276;2748;64478;243;2287;1190;0;0,19051192878619128;0,05661741561012572;0;0;0,752870655603683;0;0;0
183000;41,364;-38,0;-1;-1;2317;40328;68976;276;2748;65232;243;2287;1190;0;0,18806210658344694;0,056684902708339126;0;0;0,7551209586122284;0;0;1,3203209598561813E-4
184500;41,504;-38,0;-1;-1;2317;40609;69052;276;2748;66375;243;2287;1190;4,8036231132536246E-5;0,19026199584894873;0,058583949233636086;0;2,1766443051172114E-4;0,7507513863544513;0;0;1,3696790131962372E-4
186000;41,649;-24,0;-1;-1;2317;40911;69135;276;2748;67489;243;2287;1191;0;0,174848867983606;0,055072639124696364;0;0;0,7700784928916977;0;0;0
187000;41,747;-28,0;-1;-1;2317;41094;69179;276;2748;68262;243;2287;1191;0;0,17102829612406073;0,05464496314706277;0;0;0,7743267407288765;0;0;0
188000;41,841;-29,0;-1;-1;2317;41270;69237;276;2748;69028;243;2287;1191;0;0,1708739548715848;0,05526874990330031;0;0;0,7738572952251148;0;0;0
189000;41,936;-29,0;-1;-1;2317;41417;69302;276;2748;69816;243;2287;1191;0;0,17288767480911946;0,056464367217989114;0;0;0,7706479579728914;0;0;0
190000;42,05;-27,0;-1;-1;2317;41576;69358;276;2748;70601;243;2287;1191;0;0,15993460058318448;0,05430851994005563;0;0;0,7856315443682385;0;0;1,2533510852157735E-4
191500;42,237;-34,0;-1;-1;2317;41799;69440;276;2748;71796;243;2287;1191;4,35521486344499E-5;0,1551164465498302;0,05351853302191846;0;1,970715258822718E-4;0,7910003638063156;0;0;1,2403294741909318E-4
193000;42,403;-34,0;-1;-1;2317;42040;69516;276;2749;72978;243;2287;1191;0;0,14217155442945054;0,04886527202285578;0;1,7568449648806754E-4;0,8087874890512056;0;0;0
194500;42,552;-33,0;-1;-1;2317;42250;69573;276;2749;74211;243;2287;1191;0;0,13359254646239307;0,04443777998565228;0;0;0,8219696735519547;0;0;0
195500;42,648;-34,0;-1;-1;2319;42398;69618;277;2749;75022;247;2293;1194;0;0,13393752557548114;0,04500210793345846;0;0;0,8210603664910605;0;0;0
196500;42,756;-34,0;-1;-1;2319;42539;69663;277;2749;75836;247;2293;1194;0;0,13633083046271838;0,046220565111753105;0;0;0,8174486044255285;0;0;0
197500;42,845;-31,0;-1;-1;2319;42659;69705;277;2749;76674;247;2293;1194;0;0,12957242869662433;0,043436959187717;0;0;0,8268941046112844;0;0;9,650750437437776E-5
199000;43,023;-25,0;-1;-1;2319;42873;69769;277;2749;77896;247;2293;1194;0;0,13078981016190078;0,040576547432307354;0;1,4372576487644602E-4;0,8283994582388399;0;0;9,045840207546023E-5
200500;43,17;-38,0;-1;-1;2319;43061;69826;277;2749;79150;247;2293;1195;2,6805767351281643E-5;0,11342099195050254;0,035031002838626625;0;0;0,8515211994435196;0;0;0
202000;43,347;-42,0;-1;-1;2319;43247;69883;277;2749;80407;247;2293;1195;2,734977666604699E-5;0,12436531132469911;0,03561739898160752;0;0;0,8399899399170273;0;0;0
203500;43,493;-33,0;-1;-1;2319;43442;69927;277;2749;81668;247;2293;1195;0;0,11473072596309038;0,03334553378565039;0;0;0,8519237402512593;0;0;0
204500;43,59;-36,0;-1;-1;2319;43560;69963;277;2749;82514;247;2293;1195;0;0,11368174706256175;0,03328831764032691;0;0;0,8530299352971114;0;0;0
205500;43,681;-36,0;-1;-1;2319;43668;70009;277;2749;83360;247;2293;1195;0;0,11532969143931894;0,03399531475913728;0;0;0,8506003017665823;0;0;7,469203496142953E-5
207000;43,816;-29,0;-1;-1;2319;43871;70050;277;2749;84616;247;2293;1195;0;0,11089807863636042;0,03312906743547676;0;1,15893775395293E-4;0,8557839975371788;0;0;7,296261558859396E-5
208500;43,977;-36,0;-1;-1;2319;44026;70096;277;2749;85915;247;2293;1195;2,5708106033773252E-5;0,1090938365355112;0,03306385822481161;0;0;0,8578165971336434;0;0;0
210000;44,125;-39,0;-1;-1;2324;44189;70139;281;2751;87217;256;2293;1200;2,623000784785481E-5;0,10987774803689128;0,03366071973281908;0;0;0,8564353022224417;0;0;0
211500;44,264;-39,0;-1;-1;2324;44344;70184;281;2751;88517;256;2293;1200;0;0,11233176643711576;0,034769609662976236;0;0;0,852898623899908;0;0;0
212500;44,384;-33,0;-1;-1;2324;44432;70225;281;2751;89388;256;2293;1200;0;0,0996664382415269;0,031834649104335526;0;0;0,8684989126541376;0;0;0
213500;44,478;-34,0;-1;-1;2324;44525;70254;281;2751;90266;256;2293;1200;0;0,09012162670495097;0,028955199156151232;0;0;0,8808587334647826;0;0;6,444067411510121E-5
215000;44,669;-37,0;-1;-1;2324;44651;70293;281;2751;91601;256;2293;1200;0;0,08575024497573526;0,026593531604066308;0;0;0,8875968798826539;0;0;5,934353754452195E-5
216500;44,889;-31,0;-1;-1;2324;44783;70327;281;2751;92935;256;2293;1200;2,0758978578470383E-5;0,08395637035442095;0,026298993085100884;0;9,351471724861223E-5;0,8895715064444937;0;0;5,885642015754726E-5
218000;45,02;-33,0;-1;-1;2324;44897;70370;281;2751;94277;256;2293;1201;0;0,08468978678782481;0,026723450592860725;0;0;0,8885867626193145;0;0;0
219000;45,111;-35,0;-1;-1;2324;44987;70400;281;2751;95157;256;2293;1201;0;0,08468116553222801;0,026863240074663838;0;0;0,8884555943931082;0;0;0
220000;45,215;-35,0;-1;-1;2324;45073;70438;281;2751;96033;256;2293;1201;0;0,08615951556969843;0,02750538445753901;0;0;0,8863350999727626;0;0;0
221000;45,304;-33,0;-1;-1;2324;45151;70465;281;2751;96928;256;2293;1201;0;0,08448778007747179;0,02601240969768313;0;0;0,889499810224845;0;0;0
222000;45,406;-31,0;-1;-1;2324;45238;70479;281;2751;97827;256;2293;1201;0;0,07794041332123826;0,02413469244957341;0;0;0,8978704167449404;0;0;5,44774842479699E-5
223500;45,551;-32,0;-1;-1;2329;45348;70512;288;2752;99193;261;2296;1205;1,775810991364861E-5;0,07440674825099153;0,022246454296203526;0;0;0,903278753107845;0;0;5,028623504629338E-5
225000;161,903;-32,0;-1;-1;2329;45606;70725;288;2752;100222;261;2296;1205;0;0,45502967004336564;0,5363622565185336;0;0;0,008608073438100777;0;0;0
226000;162,794;-29,0;-1;-1;2329;45995;71328;288;2752;100230;261;2296;1205;0;0,36783380210221134;0,6192313272217596;0;0,00427856436665815;0,008656306309370948;0;0;0
227500;162,929;-24,0;-1;-1;2329;46525;72279;288;2758;100243;261;2296;1205;0;0,34739962081824716;0,6412736440590012;0;0,003746282526182451;0,0075804525965692555;0;0;0
229000;163,021;-28,0;-1;-1;2329;47035;73256;288;2766;100248;261;2296;1205;0;0,34801092484022267;0,64453787112704;0;0;0,007451204032737263;0;0;0
230000;163,088;-28,0;-1;-1;2329;47375;73911;288;2766;100253;261;2296;1205;0;0,3480740541212445;0,6419035774219433;0;0;0,007526543321791073;0;0;0,0024958251350211693
231500;163,21;-22,0;-1;-1;2329;47876;74894;288;2766;100267;261;2296;1207;0;0,3346178247560072;0,6558443900014356;0;0;0,0071742164266387085;0;0;0,0023635688159186004
233000;163,334;-31,0;-1;-1;2329;48380;75881;288;2766;100275;261;2296;1208;9,050826623167074E-4;0,32860918195975064;0,6615357724758217;0;0;0,006732147075628071;0;0;0,0022178158264828367
234500;163,469;-32,0;-1;-1;2330;48873;76873;288;2766;100288;261;2296;1209;0,0013530771283954738;0;0,9803276400362658;0;0,004942468353387427;0,010061860783726036;0;0;0,003314953698225281
236000;166,121;-34,0;-1;-1;2332;48873;78353;288;2774;100296;261;2296;1211;0,001392120678343132;0;0,9832607926526613;0;0,005062091356942856;0,010284995312052713;0;0;0
237500;166,285;-34,0;-1;-1;2336;48873;79818;288;2786;100315;261;2296;1211;0,0014610842404152336;0;0,9824348453412441;0;0,005310214363850618;0,010793856054489978;0;0;0
239000;166,619;-27,0;-1;-1;2343;48874;81302;291;2795;100332;266;2300;1214;0,001204353750073557;0;0,9855142234428441;0;0,004375107600033389;0,008906315207048994;0;0;0
240500;166,741;-32,0;-1;-1;2347;48874;82775;291;2801;100349;266;2300;1214;8,516831538820207E-4;0,29645298636246564;0,6963570558841486;0;0;0,006338274599503852;0;0;0
242000;166,869;-32,0;-1;-1;2348;49337;83803;291;2801;100357;266;2300;1214;8,712948270129149E-4;0,29776868582498817;0,6947599088388058;0;0;0,0064826015856124216;0;0;1,1750892358055748E-4
243500;167,082;-26,0;-1;-1;2348;49803;84830;291;2801;100364;266;2300;1214;0;0,3094702976312949;0,690529702368705;0;0;0;0;0;0
244500;176,837;-31,0;-1;-1;2348;50420;85213;291;2801;100364;266;2300;1214;0;0,7669949111272483;0,2330050888727517;0;0;0;0;0;0
245500;181,863;-31,0;-1;-1;2348;51218;85415;291;2801;100364;266;2300;1214;0;0,8521072902712759;0,13819617830918704;0;0,009696531419537077;0;0;0;0
246500;184,584;-31,0;-1;-1;2348;52083;85542;291;2809;100364;266;2300;1214;0;0,876681970638728;0,11255706404353483;0;0,010760965317737183;0;0;0;0
247500;186,448;-31,0;-1;-1;2348;52978;85632;291;2824;100364;266;2300;1214;0,003228147016790423;0,8645545597041049;0,09801371664155983;0;0,011341418225667192;0,022862158411877727;0;0;0
249000;187,354;-24,0;-1;-1;2352;54274;85776;291;2834;100410;266;2300;1214;0,0033341457963386636;0,9606562721237342;0;0;0,011687377868170442;0,023848600465030918;0;0;4,736037467257506E-4
250500;187,479;-25,0;-1;-1;2359;55715;85776;291;2846;100450;266;2300;1214;0,0034740895179494915;0,9593433140129464;0;0;0,012174860180001886;0,025007736289102283;0;0;0
252000;187,605;-26,0;-1;-1;2362;57141;85776;291;2870;100497;266;2300;1214;0,003523672053623635;0,9587809061623392;0;0;0,012334346494708959;0,025361075289328176;0;0;0
253500;187,732;-26,0;-1;-1;2371;58579;85780;294;2889;100540;269;2303;1218;0,0036637713969791424;0,9571373437105286;0;0;0,012819124830541461;0,02637976006195085;0;0;0
255000;187,859;-26,0;-1;-1;2374;60010;85780;294;2915;100580;269;2303;1218;0,003439454473978065;0,8615654015803779;0,09821578448930406;0;0,01201797844540622;0,024761381010933847;0;0;0
256500;187,991;-27,0;-1;-1;2378;61327;85918;294;2925;100611;269;2303;1218;0,02445392113769455;0;0,6972061556233644;0;0,10229199524245956;0,17604792799648153;0;0;0
258000;188,121;-34,0;-1;-1;2408;61327;86974;294;3062;100888;269;2303;1218;0,02369678003813994;0;0,7046654897650542;0;0,09862209926093317;0,1730156309358726;0;0;0
259500;189,924;-34,0;-1;-1;2450;61327;88035;294;3211;101136;269;2303;1218;0,025295336500680866;0;0,7426719638427538;0;0,043887609353806915;0,18449630087238267;0;0;0,0036487894303757792
261000;190,067;-34,0;-1;-1;2479;61327;89165;294;3276;101410;269;2303;1220;0,026602940482068196;0;0,7752056390373835;0;0;0,19434229163228983;0;0;0,003849128848258585
262500;190,328;-30,0;-1;-1;2527;61327;90311;294;3276;101711;269;2303;1225;0,005793987443332313;0,8581637682826696;0,10893770298643503;0;0;0,027104541287562935;0;0;0
264000;198,546;-31,0;-1;-1;2551;62211;90772;294;3276;101842;269;2303;1225;0,02226504828559125;0,48555779260268733;0,38981432793171134;0;0;0,10236283118000991;0;0;0
265500;202,926;-31,0;-1;-1;2590;62916;91398;294;3276;101972;269;2303;1225;0,024359413620061058;0,4673760192451046;0,4053796450545694;0;0;0,10288492208026495;0;0;0
267000;205,614;-31,0;-1;-1;2637;63598;92012;294;3276;102129;269;2303;1225;0,02417282354751061;0,4578235920677079;0,39459995940584564;0;0,026341461188454474;0,09706216379048153;0;0;0
268500;205,962;-16,0;-1;-1;2664;64304;92623;294;3305;102256;269;2303;1225;0,038844280254100624;0,749908536422242;0;0;0,049988455306341245;0,15754403400938516;0;0;0,0037146940079310705
270000;206,064;-31,0;-1;-1;2703;65497;92626;298;3378;102459;271;2305;1235;0;0,7996681712933698;0;0;0,0526331014428569;0,14435285498350092;0;0;0,003345872280272323
271500;206,18;-33,0;-1;-1;2703;66672;92626;298;3463;102692;271;2305;1242;0;0,796699339674431;0;0;0,05309341847609514;0,14682184744913263;0;0;0,0033853944003412553
273000;206,307;-33,0;-1;-1;2703;67868;92626;298;3528;102920;271;2305;1253;0;0,7940453385277745;0;0;0,05371318848583441;0,1488090412441926;0;0;0,0034324317421984426
274500;208,866;-27,0;-1;-1;2703;69073;92626;298;3628;103112;271;2305;1256;0;0,44190874026029775;0,404552801044041;0;0,0473752553027842;0,10616320339287691;0;0;0
276000;225,82;-29,0;-1;-1;2703;69908;92984;298;3719;103328;271;2305;1256;0,03680987730569319;0,5815644500556207;0,16634064054165215;0;0,06712126963600436;0,14816376246102955;0;0;0
277500;235,083;-29,0;-1;-1;2762;70779;93188;298;3826;103587;271;2305;1256;0,043770194737416696;0,6616450018497678;0,12443000950492156;0;0;0,170154793907894;0;0;0
279000;243,151;-29,0;-1;-1;2832;71794;93344;298;3826;103846;271;2305;1256;0,04666959580446126;0,682497611019099;0,09596788699225609;0;0;0,17486490618418365;0;0;0
280500;249,736;-29,0;-1;-1;2908;72836;93468;298;3826;104104;271;2305;1256;0,04857644522803556;0,690758475366987;0,0814961624931474;0;0;0,17377358969006867;0;0;0,005395327221761424
282000;268,715;-22,0;-1;-1;2971;73851;93586;298;3826;104399;271;2305;1265;0,05156834952074027;0,6937483215966876;0,06986291629585425;0;0;0,18482041258671775;0;0;0
283500;268,854;-29,0;-1;-1;3063;74902;93677;298;3826;104665;271;2305;1265;0,04586724452094531;0,6415589924350742;0,06261388804099971;0;0,08262760387417277;0,16733227112880794;0;0;0
285000;268,996;-34,0;-1;-1;3137;75863;93758;298;3959;104916;271;2305;1265;0,1268039598933494;0;0,17420832911678916;0;0,22876936222572558;0,4702183487641359;0;0;0
286500;269,149;-34,0;-1;-1;3338;75867;94026;300;4303;105616;273;2307;1268;0,1251896101919432;0;0,17516484241888083;0;0,22715317216148287;0,4724923752276931;0;0;0
288000;269,78;-19,0;-1;-1;3503;75867;94269;300;4731;106280;273;2307;1268;0,10849157145722516;0;0,1582287183526662;0;0,2857264276520147;0,4475532825380939;0;0;0
289500;272,34;-25,0;-1;-1;3744;75867;94531;300;5019;106989;273;2307;1268;0,14886614549594113;0;0,1658563968022438;0;0,2031949055786571;0,48179178932688205;0;0;2,907627962759957E-4
291000;272,807;-27,0;-1;-1;3978;75867;94742;300;5441;107622;273;2307;1268;0,06809364280507861;0,5731347689607776;0,05662459045723647;0;0,13686763742591504;0,16527936035099222;0;0;0
292500;272,968;-36,0;-1;-1;4088;76761;94815;300;5642;107844;273;2307;1268;0,08358468823834794;0,6152931086620393;0;0;0,14525471454681066;0,1558674885528021;0;0;0
294000;273,119;-36,0;-1;-1;4212;77697;94815;300;5849;108077;273;2307;1268;0,08346308132262616;0,6135400844850639;0;0;0,1457317224918177;0,15726511170049226;0;0;0
295500;273,292;-29,0;-1;-1;4349;78597;94815;300;6086;108303;273;2307;1268;0,10210733153865885;0,5977044573116135;0;0;0,14736948214371404;0,1528187290060136;0;0;0
297000;273,476;-35,0;-1;-1;4525;79474;94815;300;6290;108546;273;2307;1268;0,09689103732533794;0,6027416792631467;0;0;0,15150983832722745;0,14885744508428783;0;0;0
298500;273,637;-37,0;-1;-1;4667;80371;94815;300;6513;108784;273;2307;1268;0,09119829911080114;0,5673744474788579;0,045968074904242685;0;0,1535980166230917;0,14186116188300646;0;0;0
300000;273,816;-38,0;-1;-1;4815;81223;94871;300;6749;108992;273;2307;1268;0,20857281024034302;0;0,10674617402867168;0;0,3536283122526563;0,33086567188515364;0;0;1,8703159317547553E-4
301500;274,004;-38,0;-1;-1;5114;81223;95029;300;7278;109506;273;2307;1268;0,20475136247014292;0;0,108139661644925;0;0,35203714463364155;0,3348819334747946;0;0;1,8989777649598049E-4
303000;274,418;-29,0;-1;-1;5409;81226;95185;306;7847;109998;273;2312;1276;0;0;0,1117207219333303;0;0,5348029039550012;0,35347637411166855;0;0;0
304000;274,543;-34,0;-1;-1;5409;81226;95306;306;8378;110346;273;2312;1276;0;0;0,10927264875804392;0;0,5418151079100783;0,34891224333187787;0;0;0
305000;274,637;-34,0;-1;-1;5409;81226;95425;306;8883;110722;273;2312;1276;0;0,5727703109494897;0,04701575623471416;0;0,23015625377740626;0,15005767903838993;0;0;0
306500;274,781;-32,0;-1;-1;5409;82077;95492;306;9256;110931;273;2312;1276;0;0,545328101815051;0,0426753317575219;0;0,27056820061440867;0,14142836581301838;0;0;0
308000;274,922;-38,0;-1;-1;5409;82907;95556;306;9655;111138;273;2312;1276;0,07118143099336764;0,5183350025844227;0,0387131506961482;0;0,2428454065334283;0,128856368311175;0;0;6,864088145801389E-5
309500;275,055;-38,0;-1;-1;5515;83648;95626;306;10036;111340;273;2312;1276;0,0740423216807126;0,5388138512625313;0;0;0,2521334390173653;0,13501038803939078;0;0;0
311000;275,205;-30,0;-1;-1;5627;84440;95626;306;10408;111564;273;2312;1276;0,0876124876169951;0,5267845703691082;0;0;0,25825105534738263;0,1273518866665141;0;0;0
312500;275,341;-31,0;-1;-1;5752;85235;95626;306;10810;111742;273;2312;1276;0,08751824050203995;0,5263168917712744;0;0;0,2573006801772587;0,128864187549427;0;0;0
314000;275,479;-31,0;-1;-1;5883;86005;95626;306;11209;111942;273;2312;1276;0,08743754104660245;0,5259870747763208;0;0;0,25670394329277274;0,12987144088430405;0;0;0
315500;275,867;-29,0;-1;-1;5999;86799;95626;306;11606;112135;273;2312;1276;0,08003992286599727;0,5015134333455569;0,03565787232538522;0;0,2616621734792112;0,12112659798384948;0;0;0
317000;275,984;-35,0;-1;-1;6114;87570;95675;306;12003;112303;273;2312;1276;0;0,5451414095627707;0,03821358177750965;0;0,2873947370924417;0,12918285082776754;0;0;6,742073951041936E-5
318500;276,095;-35,0;-1;-1;6118;88405;95744;309;12431;112483;281;2316;1277;0;0,6259005478809483;0,04420047029524887;0;0,3298209164298806;0;0;0;7,806539392221588E-5
320000;276,223;-35,0;-1;-1;6118;89361;95801;309;12918;112483;281;2316;1277;0;0,6257992343220247;0,04464808631941372;0;0,3295526793585615;0;0;0;0
321000;281,807;-23,0;-1;-1;6118;90011;95844;309;13225;112483;281;2316;1277;0;0,7063685498317522;0,05758838960194876;0;0,23604306056629906;0;0;0;0
322000;292,116;-28,0;-1;-1;6118;90695;95911;309;13474;112483;281;2316;1277;0,164471334654257;0,602734936930942;0,07149858956060962;0;0,16129513885419142;0;0;0;0
323500;292,546;-30,0;-1;-1;6409;91543;96013;309;13733;112483;281;2316;1277;0,15693378205691683;0,4639328649528817;0,055856583856471125;0;0,12719618988164813;0,1960805792520822;0;0;0
325000;292,693;-36,0;-1;-1;6625;92240;96108;309;13920;112788;281;2316;1277;0,28713058499105476;0;0,10531803550587376;0;0,23605985236942761;0,3712683448888781;0;0;2,2318224476572946E-4
326500;292,917;-36,0;-1;-1;7036;92240;96279;309;14300;113325;281;2316;1278;0,4487227942880765;0;0,17110153659698904;0;0,3798121132628579;0;0;0;3,6355585207653595E-4
328000;293,196;-24,0;-1;-1;7759;92240;96509;309;14846;113325;281;2316;1279;0,5168108406725411;0;0,12302141995031683;0;0,36016773937714197;0;0;0;0
329000;293,568;-21,0;-1;-1;8240;92240;96653;309;15221;113325;281;2316;1279;0,5698830591996471;0;0,10251719691332996;0;0,327599743887023;0;0;0;0
330000;295,785;-18,0;-1;-1;8526;92240;96812;309;15776;113325;281;2316;1279;0,12789283640742927;0,5617087912962896;0,06932652026931799;0;0,24107185202696316;0;0;0;0
331500;295,922;-29,0;-1;-1;8736;93106;96908;309;16104;113325;281;2316;1279;0,09865164076855278;0,4705218591437623;0,054631642276698714;0;0,18668927319113837;0,18950558461984787;0;0;0
333000;296,164;-32,0;-1;-1;8889;93803;96992;313;16398;113609;284;2320;1280;0,18009803606825533;0;0,10276811370755476;0;0,36093362618549135;0,355978552799667;0;0;2,2167123903148102E-4
334500;298,19;-28,0;-1;-1;9210;93803;97127;313;16925;114126;284;2320;1280;0,2501019907975502;0;0,09924506231179754;0;0,30275869015301554;0,3478942567376367;0;0;0
336000;335,09;-23,0;-1;-1;9671;93803;97302;313;17214;114701;284;2320;1280;0,4030002256739902;0;0,15496994384545287;0;0;0,44202983048055694;0;0;0
337000;335,229;-26,0;-1;-1;10069;93803;97471;313;17214;115134;284;2320;1280;0,42373975889861487;0;0,14919961068627435;0;0;0,42706063041511083;0;0;0
338000;335,352;-29,0;-1;-1;10660;93803;97568;313;17214;115446;284;2320;1280;0,38060198212882934;0,4077369422870659;0,054647064118898143;0;0;0,15701401146520666;0;0;0
339500;335,555;-34,0;-1;-1;11220;94431;97644;313;17214;115682;284;2320;1280;0,3697701928502487;0,4170416454936097;0,05457091968200191;0;0;0,1586172419741398;0;0;0
341000;335,71;-37,0;-1;-1;11803;95063;97724;313;17214;115887;284;2320;1280;0,37471730626066757;0,40064394127200614;0,05273736958859516;0;0,017235084534034748;0,15451756271443326;0;0;1,4873563026312356E-4
342500;335,871;-37,0;-1;-1;12312;95680;97804;313;17251;116144;284;2320;1280;0,4391716379087026;0,47700786954059604;0,06316974896772341;0;0,02065074358297802;0;0;0;0
344000;336,031;-37,0;-1;-1;12963;96394;97910;313;17280;116144;284;2320;1280;0,44328954062820397;0,4912049704450509;0,06550548892674506;0;0;0;0;0;0
345000;336,116;-37,0;-1;-1;13406;96885;97976;313;17280;116144;284;2320;1280;0,44042772355678766;0,4935114060598101;0,06606087038340211;0;0;0;0;0;0
346000;336,202;-37,0;-1;-1;13839;97396;98032;313;17280;116144;284;2320;1280;0,43768834363520226;0,4956955233770691;0,06661613298772859;0;0;0;0;0;0
347000;336,289;-37,0;-1;-1;14258;97914;98103;315;17282;116146;290;2323;1286;0,36371315816750543;0,4158376167073211;0,05609656357911526;0;0;0,1643526615460583;0;0;0
348500;336,423;-37,0;-1;-1;14808;98537;98193;315;17282;116383;290;2323;1286;0,35369592856664894;0,4098015996304175;0,055562684962676634;0;0,018196758670251657;0,16274302817000516;0;0;0
350000;336,55;-11,0;-1;-1;15367;99107;98279;315;17303;116647;290;2323;1286;0;0,6358080153052936;0,08633902915380252;0;0,027934950880179023;0,249675612799237;0;0;2,4239186148779923E-4
351500;336,687;-30,0;-1;-1;15367;100070;98383;315;17349;117034;290;2323;1286;0;0,6605911824463389;0,08618707390019045;0;0;0,2532217436534707;0;0;0
352500;336,775;-30,0;-1;-1;15367;100732;98481;315;17349;117274;290;2323;1286;0;0,6594939874883283;0,08647865630390673;0;0;0,2540273562077649;0;0;0
353500;336,861;-21,0;-1;-1;15367;101418;98565;315;17349;117504;290;2323;1286;0;0,6622429456544603;0,08475626690898874;0;0;0,25300078743655086;0;0;0
354500;336,954;-34,0;-1;-1;15367;102078;98655;315;17349;117754;290;2323;1286;0,32815879789838376;0,45559878702756845;0,053782495920045956;0;0;0,16245991915400168;0;0;0
356000;337,089;-35,0;-1;-1;15890;102738;98723;315;17349;118003;290;2323;1286;0,33489355960952893;0,43898907389604686;0,05210455629078593;0;0,01668091215185661;0,1573318980517817;0;0;0
357500;337,216;-35,0;-1;-1;16387;103395;98808;315;17378;118235;290;2323;1286;0,39471713416032245;0,5229432673934177;0,06236903292345817;0;0,01997056552280179;0;0;0;0
359000;337,342;-35,0;-1;-1;16981;104171;98903;315;17413;118235;290;2323;1286;0,39956237907031905;0,5361310443192167;0,06430657661046418;0;0;0;0;0;0
360000;337,425;-35,0;-1;-1;17386;104695;98974;315;17413;118235;290;2323;1286;0,397337059370015;0,5377376103966283;0,06474427092898637;0;0;0;0;0;1,8105930437035709E-4
361500;337,56;-35,0;-1;-1;18006;105483;99077;319;17414;118242;292;2328;1286;0,39382013469262306;0,5405259803817635;0,06547055505034055;0;0;0;0;0;1,8332987527299002E-4
363000;338,23;-25,0;-1;-1;18572;106306;99187;319;17414;118242;292;2328;1287;0,332649491404084;0,4500061025405498;0,05610147409159928;0;0;0,16124293196376702;0;0;0
364500;338,367;-30,0;-1;-1;19091;106956;99253;319;17414;118507;292;2328;1287;0,3236000330864807;0,4426411949474863;0,056145900993860735;0;0,016962911535324126;0,16064995943684798;0;0;0
366000;338,499;-33,0;-1;-1;19594;107619;99321;319;17436;118751;292;2328;1287;0,5918126263710813;0;0,09779240949048926;0;0,029554018679855496;0,2808409454585738;0;0;0
367500;338,795;-33,0;-1;-1;20491;107619;99478;319;17484;119149;292;2328;1287;0,5938896629769139;0;0,10493352916966951;0;0;0,30117680785341644;0;0;0
368500;339,089;-21,0;-1;-1;21073;107619;99568;319;17484;119477;292;2328;1287;0,5982870341888644;0;0,1022385211163429;0;0;0,2992003267419739;0;0;2,741179528188448E-4
370000;346,587;-21,0;-1;-1;21791;107619;99770;319;17484;120057;292;2328;1287;0,3640171870343297;0;0,17072891947360605;0;0;0,4647681738508716;0;0;4,8571964119267227E-4
371500;347,116;-26,0;-1;-1;22374;107619;100007;319;17484;120737;292;2328;1287;0,166301015606405;0,5631570989703147;0,07272460171812559;0;0;0,1978172837051546;0;0;0
373000;347,339;-26,0;-1;-1;22635;108459;100111;319;17484;121032;292;2328;1287;0,16321076835070278;0,547801824912086;0,07175544233378965;0;0,022127185665565634;0,19510477873785606;0;0;0
374500;347,474;-32,0;-1;-1;22851;109286;100222;319;17520;121342;292;2328;1287;0,20868662415734449;0,677578656645728;0,08692250439191836;0;0,026812214805009192;0;0;0;0
376000;347,65;-32,0;-1;-1;23142;110329;100338;319;17570;121342;292;2328;1287;0,21465078915129485;0,695515718195562;0,08983349265314325;0;0;0;0;0;0
377000;347,76;-32,0;-1;-1;23339;111029;100446;320;17570;121348;293;2329;1290;0,2148133808377427;0,6947724609221619;0,09015444643074022;0;0;0;0;0;2,597118093551759E-4
378500;347,88;-32,0;-1;-1;23663;112064;100586;320;17570;121348;293;2329;1291;0,21492808071922953;0,6941381352323578;0,09067224219021505;0;0;0;0;0;2,6154185819760115E-4
380000;348,013;-32,0;-1;-1;23993;113117;100702;320;17570;121348;293;2329;1292;0,1722587218097334;0,5556097352093534;0,0730210544116524;0;0;0,19911048856926086;0;0;0
381500;348,217;-32,0;-1;-1;24253;113949;100809;320;17570;121649;293;2329;1292;0,16839451347512238;0,5425040352998236;0,07165844278873598;0;0,022222859134745167;0,19522014930157294;0;0;0
383000;348,466;-34,0;-1;-1;24499;114730;100928;320;17603;121970;293;2329;1292;0,3664627603287115;0;0,15625518789814014;0;0,049890100300623276;0,427391951472525;0;0;0
384500;348,754;-34,0;-1;-1;25057;114730;101183;320;17688;122572;293;2329;1292;0,3834598932842293;0;0,16537904069726508;0;0;0,45116106601850564;0;0;0
385500;348,857;-34,0;-1;-1;25441;114730;101354;320;17688;123017;293;2329;1292;0,3817268896808822;0;0,1657834262215444;0;0;0,4520055986289983;0;0;4,840854685749975E-4
387000;349,004;-28,0;-1;-1;26052;114730;101604;320;17688;123656;293;2329;1292;0,4437625957691849;0;0,1487782195085651;0;0;0,4070239614905942;0;0;4,3522323165581214E-4
388500;349,329;-30,0;-1;-1;26723;114730;101838;320;17688;124248;293;2329;1295;0,21404621199756865;0,5255856057608599;0,07045971798787748;0;0;0,18990846425369398;0;0;0
390000;350,487;-30,0;-1;-1;27017;115568;101945;320;17688;124509;293;2329;1295;0,21577284695487617;0,4939832457251261;0,0724088598501466;0;0,022974306625109728;0,1948607408447414;0;0;0
391500;350,582;-33,0;-1;-1;27307;116341;102044;320;17720;124815;293;2329;1295;0,4240895360628152;0;0,14294559663733555;0;0,04536255496114381;0,3876023123387054;0;0;0
393000;1060,753;-42,0;-1;-1;27549;116342;102376;322;17960;125512;301;2332;1297;0,08253289079583741;0;0,2028563962017553;0;0,20735145163044336;0,507259261371964;0;0;0
394284;1302,643;-42,0;-1;-1;27680;116342;102561;322;18260;126180;301;2332;1297;0,09722099585871512;0;0,12169754246538361;0;0,21853756464846438;0,47752675910289777;0;0;0,08501713792453922
395162;1595,096;-42,0;-1;-1;27778;116342;102709;322;18446;126513;301;2332;1410;0;0;0,19029769195377202;0;0,2181782439948055;0,45628178320583695;0;0;0,13524228084558565
395891;1595,188;-42,0;-1;-1;27778;116342;102850;322;18610;126838;301;2332;1509;0;0,7380543320319805;0,04985288092695335;0;0,05715413246518829;0,11953115537984345;0;0;0,03540749919603439
396821;1595,502;-42,0;-1;-1;27778;117030;102893;322;18669;126949;301;2332;1538;0;0,7636622625012927;0,052010427335915814;0;0,0596263079506425;0,12470100221214897;0;0;0
397967;1595,796;-42,0;-1;-1;27778;117911;102944;322;18740;127092;301;2332;1538;0;0,7623502937581651;0,05230025137125575;0;0,05995693928999577;0,12539251558058342;0;0;0
399115;1595,993;-42,0;-1;-1;27778;118796;102995;322;18814;127230;301;2332;1538;0,04072801992716778;0,7305705523303206;0,05033180462437712;0;0,05769885502662427;0,12067076809151024;0;0;0
400254;1605,212;-42,0;-1;-1;27820;119554;103077;322;18894;127407;301;2332;1538;0,05172659688438491;0,7218493850702815;0;0;0,0732581224708141;0,15316589557451957;0;0;0
401383;1606,958;-42,0;-1;-1;27898;120342;103077;322;18976;127588;301;2332;1538;0,04961368569919621;0,6902401781443249;0;0;0,06970049793970538;0,14689624828533604;0;0;0,04354938993143735
402311;1629,66;-42,0;-1;-1;27955;120981;103077;322;19043;1